2845
1607
1619
3189
1576
3215
3251
1579
3231
3298
2983
2424
3380
3386
3449
3211
1620
2549
3261
310
3278
1545
1605
283
3418
3247
1568
3385
3208
3446
3460
3440
3393
1503
3249
3067
3285
2481
366
1544
3212
3222
3263
3248
1575
3370
3317
2857
1609
3324
3201
3467
3156
3439
3527
3289
3352
3299
3372
3497
3454
3292
3486
1554
1064
1543
3430
1584
3455
3279
3514
3475
3507
3495
3199
3513
3162
3520
1338
3301
3431
3260
3159
3281
3474
3480
3442
3270
3257
3448
3238
3228
3291
3428
3245
804
3264
1339
3274
1572
3216
3288
3499
3502
3303
3607
3532
3309
3328
3243
2261
3459
3255
2847
1547
3398
3295
1552
3471
1582
1600
1618
3543
3259
3277
3530
3452
3476
149
3515
3319
1398
3483
314
3244
1625
3373
3193
3410
3332
2853
3202
1539
3593
287
3232
3615
2311
1612
3562
2691
3539
1555
3624
3570
3266
1564
3405
1558
3323
3479
3242
3178
3545
1551
3599
1601
2076
1078
3154
3269
3547
1532
3250
3254
3125
3381
3573
3481
1531
3296
1039
1536
3473
3601
3586
3354
2692
3503
3487
3256
3577
3205
3424
3406
3537
3462
1577
3587
1598
3241
3551
3340
152
3426
1557
1583
436
3297
3194
3523
3563
3528
3412
3465
3200
3314
3217
3441
3294
3282
251
3445
3516
3605
3612
308
3361
3457
3252
3369
3310
3596
603
3414
3610
3321
3188
3524
3623
3284
1562
3377
3315
3444
3318
1430
2807
1617
3591
3417
3230
3557
1622
3576
3581
404
3286
3325
3458
3521
1574
3443
3519
3553
3533
3529
1566
3594
3592
3464
3538
3608
3504
2420
1538
3379
3265
802
3220
3447
3401
3494
3560
3544
3246
3229
2850
3213
3472
2371
3240
3582
3466
3311
90
1514
3525
3203
3273
3155
1608
3622
3402
3404
1534
3535
3572
3630
2609
3302
3517
1563
3500
3490
3305
3196
3540
3346
3258
3
3542
1548
3307
3556
3598
3415
3378
3541
3326
3489
1549
3522
3223
3589
645
3268
1604
3403
3306
20
3271
131
1578
3432
2855
3484
3580
3469
1570
3578
3420
3253
3347
169
3374
1611
3368
3343
3463
3204
1896
3225
3498
3195
3330
3534
349
1553
3197
1801
3390
3300
159
2848
3338
3308
3198
3559
3218
3389
3235
3552
3453
810
35
3616
3488
3518
3290
24
3468
3293
3491
130
647
3492
2982
259
445
3558
77
3451
276
3633
3207
25
3272
3626
3423
3391
3588
148
268
3536
1537
1738
224
1581
3602
3627
671
99
299
3236
168
13
32
3333
1569
3584
2851
3526
3585
3366
211
407
3227
621
3603
3597
526
3224
47
3575
3493
3419
3364
329
755
3219
3509
3433
3604
2421
3579
266
3548
244
3262
1550
57
124
3590
3275
586
2310
31
1573
39
3554
1423
1424
3550
2858
1530
1560
1533
3283
396
2844
3408
3375
104
1023
2163
8
3320
632
3350
3606
710
1541
3485
426
995
3425
393
360
387
235
116
3461
3239
406
3276
3555
3234
3531
28
977
3206
21
3267
463
3214
3387
3313
69
227
3568
225
18
111
1567
3331
1427
1580
150
2537
1621
210
3392
3209
2980
3351
3160
3450
134
3127
3363
702
440
3316
1542
809
3567
3400
3508
1610
157
3312
3327
400
3506
492
3329
97
3436
2846
95
206
41
3456
1559
200
3619
590
123
3511
3505
239
1597
1556
630
277
43
803
3388
1565
2162
29
1189
345
709
1540
56
3342
3362
1509
3496
3482
401
254
584
54
467
456
402
5
214
3358
806
151
0
119
128
1614
3344
3397
3280
410
3221
33
17
3376
643
3399
798
245
92
3353
3574
318
655
478
3416
144
3210
3396
179
228
73
575
1615
353
230
3411
177
121
686
263
335
120
3429
12
294
40
431
22
207
354
216
127
125
3336
598
576
1613
46
3434
295
946
453
86
34
3384
3339
3501
265
386
3571
712
298
466
3609
510
414
222
274
1365
458
562
968
248
16
49
511
217
348
1561
490
10
1
1236
7
965
30
37
181
470
1603
55
185
3348
763
3421
2854
654
371
107
1623
110
280
628
3546
3395
3304
1599
59
132
2150
516
2
3477
537
198
518
558
202
653
3367
3583
3349
369
3287
344
45
441
115
1602
3334
535
275
443
1616
3335
385
240
513
425
162
477
553
220
786
388
367
807
270
3365
242
3128
205
213
178
708
554
591
430
758
315
3068
622
113
342
201
607
1546
776
53
572
560
246
3226
75
3126
3337
754
145
805
241
292
193
42
339
3237
3478
694
3629
27
377
427
544
129
3611
156
6
901
383
557
3413
140
669
226
142
475
592
573
652
15
93
64
2246
411
423
199
3359
637
2918
320
269
604
469
288
368
52
191
2856
799
3470
649
36
2423
176
117
321
192
2694
398
3512
183
3595
3360
636
278
63
568
338
546
412
209
735
3382
502
1535
89
351
2690
3422
495
797
126
106
290
62
533
103
967
3394
70
517
350
519
435
262
662
801
3322
638
514
23
67
273
186
765
3356
395
182
381
520
639
446
261
563
3233
933
566
547
380
695
231
81
1057
94
328
322
378
1606
417
3355
253
3435
1788
285
593
501
68
578
527
512
2860
471
286
760
100
822
3600
175
114
143
459
165
600
529
3371
640
58
19
523
434
238
688
631
293
74
3614
711
679
44
545
135
493
3569
2849
451
620
3549
139
1314
3427
204
472
3437
616
532
1662
112
221
843
158
3383
479
379
160
1420
2852
3649
1571
105
740
678
161
795
382
452
3641
752
219
311
642
405
370
746
297
506
660
429
3628
973
424
1852
623
195
808
78
229
3565
218
1347
779
336
180
778
163
482
928
389
699
373
734
601
530
724
337
570
606
243
596
648
346
188
391
774
307
839
14
141
785
1022
1065
521
3341
1279
256
582
203
3030
215
929
1371
264
347
1655
2100
619
376
845
852
184
656
793
1856
902
1198
3613
903
190
1159
565
559
1194
1672
83
741
284
87
399
147
726
1167
634
609
3409
154
602
1963
505
1106
237
409
2226
91
1426
696
1677
153
1498
419
2375
543
79
1256
540
1927
101
355
223
1439
372
84
1587
1480
4
1036
323
444
664
646
1308
625
2085
1192
1048
2260
759
476
167
255
61
247
279
817
796
109
2088
866
2620
567
96
1501
403
780
1289
525
834
676
356
2055
705
2132
1639
585
610
838
1839
2119
1993
2904
934
50
541
650
522
2352
542
1674
1886
707
753
71
844
757
2147
1160
1735
272
489
137
697
605
617
790
3063
48
3407
2005
465
136
1528
3438
3564
673
738
1392
1259
1767
3634
1444
1400
2578
358
994
319
2201
2772
784
701
2767
853
1300
1772
327
857
1072
2048
581
301
950
289
455
267
812
437
627
236
2506
2134
1242
1859
1348
3510
524
460
1469
257
1425
208
976
138
2357
569
907
2545
663
1237
737
1142
2330
2355
2990
1719
173
3187
821
1950
1128
2061
1269
942
1589
1188
2439
971
1183
1003
1345
1119
1422
1684
883
1972
1303
2523
2478
1657
1355
856
2405
76
196
3561
334
837
1146
898
827
2875
1180
1111
947
900
744
687
836
1396
170
1715
324
2281
743
480
555
944
2979
721
2028
1733
1714
439
981
860
831
2429
552
118
1016
3158
862
962
1935
1753
1434
1890
2744
3120
325
580
1790
1651
2730
2696
1648
2130
2184
2376
1710
164
3635
515
745
2829
1649
1745
1693
1802
2018
2921
714
3029
1863
2292
641
2255
720
3625
2976
873
1233
1340
1512
574
2825
2774
2740
332
1854
2953
1053
2374
2544
2218
1585
1755
133
2115
2395
1169
895
2303
2456
970
2367
1983
1431
1389
1007
98
2466
1959
1191
1027
1781
281
2796
1840
2810
1056
2114
1592
1997
1113
2269
3152
1836
1157
3062
2960
232
326
108
1967
1791
984
980
384
503
291
341
1207
2751
1005
1475
794
171
2062
1586
2063
80
1002
2731
1435
1032
375
943
408
2143
2643
1213
964
2087
313
2025
1979
989
2636
2835
885
583
548
2397
2635
491
433
2406
1986
88
1965
1214
1666
2952
2117
589
2323
1354
122
3175
909
1243
309
2866
2007
1171
473
2625
2798
792
877
1238
1291
1147
2024
1218
1263
1497
2476
1441
1098
1042
1249
1260
2526
1273
1825
3031
2417
1069
2700
60
861
618
2220
1247
850
2757
2188
674
2585
2531
1769
727
2107
899
3181
691
3086
2573
1038
2869
2787
966
2884
1306
1021
2890
1760
1287
2425
887
1977
3190
1382
870
3180
1635
961
556
2902
1637
1358
1115
1361
2472
2111
2242
680
2680
2196
1650
997
3056
2377
739
974
3637
969
2392
2066
1883
996
1403
703
2582
1363
849
2808
772
1727
1041
3642
595
1771
2175
783
539
2622
668
1133
282
867
1158
1199
1630
1086
2822
1438
706
1284
3028
3164
51
2604
1529
1474
1964
1297
2509
2826
343
1645
3032
927
1105
1393
2014
667
2758
9
1707
1258
1335
1004
2933
1149
2828
733
2305
2274
2435
2460
1350
2096
2821
1264
936
2056
1914
1089
1505
1012
2389
823
2806
2203
485
1008
1448
2388
1499
998
858
748
756
1819
2067
1937
3118
357
483
448
2878
2373
571
588
747
1467
538
234
1332
978
2273
3021
1051
1360
1704
2013
1107
1748
2885
1224
1691
1143
166
3357
2060
781
2155
742
2353
1443
1642
1058
2917
2342
2081
1793
1349
750
1829
2542
2487
1750
1029
3185
1262
422
1999
1333
2727
818
2770
1970
2407
611
2039
2172
2500
1077
1163
1201
1780
1776
1100
1255
1229
2381
880
2363
1182
2861
665
3044
2507
1227
2743
233
2198
1131
2936
146
2309
1165
1186
1830
863
614
1093
624
2219
830
2266
1123
1808
3618
1911
1305
764
1628
1812
956
1899
848
2877
2497
2078
2391
829
1195
2660
2950
2233
1676
2171
2065
3165
2300
3089
2408
704
833
1792
82
1364
3182
2153
1075
751
2370
1471
2017
1173
197
252
3145
2259
2897
1054
1196
2073
1323
931
1929
2074
1261
633
296
3002
2733
66
608
3157
2576
2817
1406
3134
1923
3097
3109
1515
1906
1083
2564
1675
2320
2293
1245
38
824
2378
1842
3640
1955
1026
1375
1043
2135
3041
1638
1809
832
1452
2556
3015
1855
1945
2050
990
1522
1197
594
864
932
1506
3617
914
1047
1190
2956
890
3025
2681
1757
1866
1500
915
2584
2394
1636
2080
1172
940
3620
1044
1627
2978
2867
892
1736
1872
3177
700
1311
1897
2265
2302
955
2678
2221
2194
2548
1918
2270
2683
2521
1446
1973
1857
2387
1917
2072
3651
1410
670
889
2600
428
1099
1121
615
1593
1775
1076
1156
2422
1091
2963
3167
2747
2071
174
1513
723
3566
2244
2430
2402
2492
2712
1084
1831
2608
2212
851
1405
1101
1129
2296
1766
1851
1168
2763
2236
1815
2593
879
1516
1330
1409
2512
464
1215
2729
2800
1941
487
1988
1397
894
2144
1288
1594
1720
550
1110
1922
613
912
1325
2474
2880
2519
2383
2881
2325
2626
1874
2468
1880
1404
587
2176
579
2247
1976
1981
1596
1472
3116
1307
1846
2149
2942
1154
1254
2101
1286
65
1049
3064
1006
1193
488
1166
2133
2350
2393
1688
2257
2230
2095
2369
1758
2329
2671
2524
2341
2210
626
2159
2670
2122
719
1697
1450
2278
2663
2795
1266
2267
925
2209
2938
1017
2525
2638
1299
1118
1090
1797
1523
916
3172
2160
1889
2268
3163
1944
2914
1240
2108
2898
2986
612
2098
1062
2484
2106
2415
920
1813
2843
1680
504
3027
717
1329
1508
2831
2616
1795
938
1116
2962
1764
2909
2431
3076
3088
2516
1928
507
2019
1153
854
2686
948
2522
2473
2432
1865
1875
1230
949
374
657
2830
986
3138
1456
2738
3140
828
884
212
3001
561
1985
1144
2040
2249
2264
1689
416
1504
2443
2631
1352
2183
3110
749
2097
1789
1858
1175
1478
1322
1692
1517
2624
3121
2077
2317
2148
1315
2641
1292
2705
1401
72
1647
2809
1074
2245
1102
1483
3639
2223
635
1502
2491
1510
1943
957
2579
2118
1485
2623
983
3149
800
2052
2411
1861
2251
2099
1440
2412
2823
2231
1271
2833
3119
1877
2888
1925
1881
1216
1267
1009
2619
924
1280
2120
1960
1221
11
2324
2785
536
1966
3131
498
1683
659
1722
2361
2876
945
2232
1040
1713
2288
1447
1679
847
2351
2737
730
187
1867
3019
1145
1070
2110
2946
1445
2530
2280
1433
390
2436
2684
1926
484
1728
690
2256
1394
2139
3142
952
2237
2179
1669
3169
1827
693
2222
713
2064
1656
3107
2038
1663
2379
1222
1126
3645
2529
1381
2086
2513
1752
3111
2059
85
2213
2995
2762
1968
1465
1060
1996
1136
1481
3060
2656
3621
1108
3643
666
1368
2416
1046
1421
2243
2471
1703
2756
102
3038
2079
1281
1071
3058
958
362
2676
2569
2390
2058
1919
1428
2041
2437
762
1939
1134
2505
2693
1050
2178
1901
728
2121
1518
1203
1408
1486
1853
3631
1282
1690
1265
2084
2419
2090
2592
2594
3057
1031
415
869
1331
3065
1239
2617
3171
2961
2493
1694
2366
2605
1678
1278
2164
1458
2838
1463
2214
1418
2697
2940
1810
2597
1257
1170
2334
3093
1632
2228
359
2034
2319
2489
2297
3173
1219
1342
1336
2750
3048
3132
1087
1746
2666
1511
1451
271
1773
3179
2457
2428
1626
2027
1479
2815
1862
1030
2871
1179
2123
840
2254
681
2567
1841
2682
1706
2841
1828
1025
1869
1130
1624
2640
316
3050
392
1028
1356
2455
3096
1413
982
1934
2174
1019
2895
1067
1132
3102
2827
1726
1633
2732
2816
1709
2769
1868
1141
2606
1419
1234
1878
3632
979
2645
2051
2629
1803
2125
2157
2451
2811
2239
260
891
2250
1151
2649
1416
1250
1378
2766
2900
1095
1212
1783
2271
2722
2930
2215
3006
2814
2540
3040
865
1904
2899
2206
564
1898
2639
1020
2989
1283
2138
2603
2797
3141
2538
2338
682
1814
1990
2211
2396
2659
2284
685
1139
250
1251
1459
2016
2229
1671
2217
1137
249
2033
2495
3650
2658
2528
1989
1184
1525
1436
1818
3103
1723
1820
878
1377
1685
2832
644
2306
1664
2287
1018
2140
1724
2279
2628
2011
1907
2208
3161
3184
2003
2272
3003
683
1457
2173
1744
2199
2336
1092
2969
2462
3186
993
1402
432
908
1045
2634
2922
718
1376
303
1244
2662
2552
2347
1309
941
1206
1295
577
1686
2998
3105
1742
1140
1390
1010
1747
1148
2958
1920
1484
1001
2295
1670
2082
1109
1429
2601
1033
1374
1590
2315
1290
2190
2470
2539
2054
1711
2923
789
855
2706
2365
3148
2340
1066
2372
1312
1833
1344
3039
1698
725
1228
1235
960
2327
2562
549
1646
1088
2461
2765
2679
2294
2802
1223
2927
1702
1037
2929
1718
1716
1721
1661
816
2177
1700
1482
3091
1931
2987
2480
1476
1324
2483
2105
1096
1526
2290
2627
2790
2919
2715
2801
2924
2047
1761
3112
2339
1117
2276
2161
1701
787
2045
2687
1164
2675
2299
2401
1864
2689
304
905
2112
896
988
2358
1150
2385
1081
486
2503
1085
1248
1052
3168
1094
1000
2698
1844
1302
2749
2602
2985
2400
1276
2413
815
1798
769
1205
1994
1104
1310
2020
2784
2591
963
330
1395
2896
1412
1933
2894
2839
1756
1453
1185
2488
2124
1786
1954
2865
939
2788
921
2943
497
2803
2450
1884
904
859
2535
2403
1975
2286
3095
3090
1871
2724
658
3035
2685
1731
1763
481
1654
1353
2154
3653
2735
2941
2030
930
987
1936
1442
677
2771
2404
1487
2504
3036
2102
2335
2010
2813
2023
2534
1811
1343
782
3011
2988
2515
2954
1112
1174
3123
841
2354
2146
2805
1327
2791
2611
1924
1103
2026
2022
1495
1774
2779
2665
2000
1024
1595
462
1202
2440
1777
2577
1470
1838
2384
2337
2955
2575
1385
1912
972
2053
1468
1741
2042
1743
2499
3000
1379
2238
2204
1804
454
906
1882
3087
2973
1014
2103
364
661
2755
2818
1015
2939
155
3654
1270
2553
1659
2092
2137
3100
3174
2482
1660
1294
508
1200
2726
629
975
2463
2418
2345
2029
2931
1061
2262
2882
534
882
26
1135
1754
2368
2049
2905
3022
3146
2725
729
333
1905
300
447
2129
2648
715
2948
1799
2477
2235
2913
2906
3108
1873
2158
1805
2241
1432
1717
1749
2928
732
2520
926
3652
3099
918
761
2937
2126
2200
1895
1995
2312
2657
825
1849
2759
2301
2328
2136
1063
3081
1908
868
2965
1658
1998
2977
2131
1916
2642
2181
2812
528
2646
1822
2205
2588
1298
2610
1778
1217
2009
3106
394
1956
819
1787
991
2728
3034
1940
3043
2959
3079
2587
2741
2240
2263
2999
2225
897
2753
2975
2607
935
331
2185
766
3059
3049
937
1652
1921
194
2957
1759
2870
954
1644
2195
2441
2949
1246
1079
2944
1885
2012
1034
302
1493
2566
2704
2348
3080
1318
2893
2004
3061
1817
2761
1847
3045
2574
1961
3051
1277
2721
2951
3644
3151
2966
689
1220
3098
1082
1876
1454
531
2824
2599
2598
1337
2444
1411
3655
1187
2331
1903
2644
2458
2792
2035
1681
2438
1328
2192
468
1641
1708
1695
2972
2565
1667
2075
2935
2541
1930
722
1991
2760
2283
2291
2739
2892
1176
2668
1494
1097
1304
842
2615
999
2557
876
2863
1204
2316
3055
397
2547
1729
2945
2510
2037
599
1962
2559
2903
1231
2359
1496
1643
959
1357
2586
2964
813
457
2464
1275
811
3033
2346
2386
1850
1334
2920
1210
2711
3037
172
2672
875
2046
2234
2710
1225
2752
1969
2703
1241
2793
1953
1407
1124
1386
2997
1177
2001
2321
1527
2886
1473
3017
2836
2612
2364
1055
1155
2446
1588
1712
2991
2783
2091
2794
2970
1359
312
1958
2717
773
2142
1800
2723
597
2282
2104
1346
1870
363
2326
2840
2932
2459
1668
2532
775
2595
2168
1987
2068
2006
2021
2409
2494
672
2069
1982
3016
2445
3646
1490
3153
418
2782
474
1161
1152
1226
1370
2502
2650
1957
910
2669
1351
2596
1369
1455
2089
2298
2872
911
3053
2083
2746
2968
2590
1699
2653
2151
3648
2546
1387
2621
3636
2307
1319
2180
1762
2008
2781
1734
2109
1477
1806
1902
3122
1464
2996
494
2313
1779
2667
2275
2713
2253
2571
3638
2654
1725
698
2015
2322
1320
2992
1384
413
768
1785
1524
1437
189
3069
2887
2193
1232
1317
1794
1080
2167
1696
340
1489
1417
3176
2910
1449
1631
1730
2398
2934
3078
317
2410
2889
2718
1326
2551
951
872
2589
2971
1181
1373
551
2448
2563
1372
2555
992
3104
2742
2031
1682
1380
1860
1178
2127
2044
1768
1634
893
3139
788
1059
826
2947
2777
651
1519
2799
1296
1807
2434
2699
2479
2907
2568
1114
1301
2314
2804
3042
1952
2496
1415
2189
450
2874
1491
2145
3115
2716
1507
420
421
1687
1938
2248
2426
2655
2915
2258
846
1367
1383
2452
3071
1653
2252
2308
2113
1252
1272
3077
917
305
306
352
2442
1947
3014
2581
2561
2925
2511
1932
1011
1399
1751
2360
3117
2967
2465
1125
985
3083
1834
361
1992
3082
2873
3054
2754
2449
1770
3124
2485
835
3136
2901
3072
1845
2926
2382
2518
2580
500
1823
258
2414
1460
2701
1891
2560
2514
2714
1321
913
2165
2819
1313
1492
3010
919
1488
888
3150
1740
461
1362
3075
2289
1209
770
2486
2974
2868
2191
2661
1942
1832
767
2720
2550
1673
2780
2043
881
1253
2380
2094
2734
3008
2764
1013
1120
2768
2993
1316
2707
2912
2677
2837
1739
2773
2719
791
1900
1821
442
2776
2984
2695
1796
1888
2332
1138
1915
509
1816
1848
2879
1835
3073
2128
2558
2820
1951
2170
3114
675
2994
1640
2630
2673
922
496
3020
874
2070
1732
2618
1521
820
2508
1784
2207
871
3012
953
3137
1366
2633
2554
2197
1414
3084
2166
3074
3004
3085
2834
886
3046
1068
692
3094
1946
1520
2475
2469
1127
2036
2169
1211
2637
1293
2454
2908
3101
771
1894
3023
2498
1843
2333
1629
2285
2864
2708
1879
3129
923
3052
2543
1892
3070
2652
2859
1971
2527
2647
1591
2674
814
2362
1341
1948
1949
2032
2277
2349
2356
2632
2651
2664
2688
2709
2911
3170
3191
2517
3183
2916
1462
1162
1208
1388
1122
3009
2116
2057
1737
1887
3147
1274
2156
2981
2789
1466
2427
2702
2186
2187
2224
2141
2227
716
1035
2343
2344
2775
777
1984
1826
2748
2536
1391
2583
3143
3144
1285
2570
2572
1268
2093
1073
1974
2304
3092
2778
684
1837
3130
2533
1913
3166
1978
2745
3345
1705
2883
1909
1910
365
3024
3026
3018
438
1980
2891
3005
1665
2202
2862
2318
3007
3113
2002
2447
3066
2467
2216
2453
731
736
3135
1782
2786
2182
499
2736
1461
2842
2433
3192
3047
449
1893
1824
2152
2490
1765
3647
3133
2613
2614
3013
2501
2399
