SIR实验要求：
1、感染率设置为0.5，0.1（或0.2，你自己定）和0.05三个。
2、每个感染率下测试3次（最终我取一个均值，或挑拣一个最优结果）
3、排序指标：度、模型、贪心、介数和PageRank,Eigenvector Centrality
度:越大越重要
模型:越小越重要
介数(Betweenness Centrality):越大越重要
PageRank:越大约重要
Eigenvector Centrality:越大越重要
C:越大越重要

排序前10的节点如下：
3656
模型方法 [2845,35,224,13,1560,95,248,63,801,446]
基本的度 [8,3,18,111,149,47,130,24,20,314]
贪心方法 [8,99,2192,1748,214,2572,2830,727,1059,2086]
介数方法[8,3,149,18,111,314,25,47,130,169]
PageRank[8,3,18,111,149,314,47,130,13,24]
1893
度:103,9,400,32,41,3,42,249,638,713
模型:103,400,1283,105,249,9,638,95,713,321
贪心:103,1253,430,231,941,586,292,454,40,905
介数:9，400，105，32，103，42，3，41，523，249
PageRank:9，400，103，105，32，42，41，3，249，713
2143
度:778057,3655491,9576102,16935292,16699452,17043155,83164429,8906612,4776521,2215171
模型:778057,3655491,9576102,83164429,16935292,4776521,16699452,17043155,8906612,28089205
贪心:778057,34486207,51889162,83348215,67667050,243382666,120201528,17904983,15327548,36533993
介数方法：778057，3655491，29544053，9576102，245660224，17043155，16935292，14256152，8963，189107765
PageRank：778057，3655491，9576102，14256152，16935292，16699452，83164429，17043155，4776521，8963
2220
度:25025,24119,24619,24542,24918,24571,24525,24829,24966,24407
模型:24119,24619,24060,24542,24332,24187,24082,24571,25025,24407
贪心:25025,24144,115442,23337,192706,19484,24140,2379,24670,24147
介数：23199，29823，24571，24542，25025，24525，24829，24918，24591，24119
PageRank：25025，24119，24619，24542，24571，24918，24407，24966，24525，24060