5320
6615
886
2612
2141
5784
4855
5086
322
1286
5681
1547
2418
2770
3427
3923
5873
855
6046
4817
706
5596
4028
104
1046
897
5816
3640
4066
2851
5514
2344
5327
3597
2782
4723
6071
2573
5758
1701
6231
6764
810
596
4871
95
3099
5217
776
3910
2683
6052
5668
3437
3798
5460
4278
471
3018
4703
3578
3534
1966
3777
3634
6750
6624
4678
219
3413
2011
6237
397
4590
4928
5491
6872
794
5146
1946
2625
4270
5905
5283
5409
1761
4671
615
5529
6087
2247
243
5725
6484
1854
377
5616
398
2198
5142
2354
5885
40
1886
3268
2850
2240
1464
2862
1749
1812
4317
4965
4103
3029
2042
6966
5213
2507
311
6357
1040
6034
1434
6093
6458
4921
5997
73
1814
2433
4155
5294
5924
1418
1097
890
567
384
2785
5216
1425
6112
126
3934
4618
5342
4296
2602
3258
2836
3526
3758
3116
5812
5694
630
5650
1436
3148
66
3008
798
758
2937
5020
3829
3508
3556
3576
741
6792
63
753
5916
1179
5496
6848
1535
2736
4581
5906
2946
5058
777
4367
6996
1303
2942
832
5536
4634
6662
5459
2227
4137
1937
3952
6289
3312
3289
6658
3155
1210
6894
6094
71
1411
806
4325
6586
5001
579
390
5868
379
3765
2501
6521
4267
1529
5205
6001
2614
24
3630
5406
3544
4392
5335
5761
4070
306
5851
4803
3641
669
612
5266
1410
6180
2504
7010
2448
1730
2932
4762
4555
3711
6693
3021
2337
3903
6111
3652
5046
6129
4637
1891
6714
3439
6172
585
3914
5140
3095
568
3916
4158
2529
1083
5567
4170
403
6980
6518
115
331
6068
2192
4020
178
2102
6918
6321
3763
3307
831
1031
4307
6599
4388
2521
2959
985
1527
6558
2563
622
138
3145
1818
1155
836
2129
3113
3150
922
1325
6076
6816
1955
5490
4305
1390
543
4403
6193
2303
4217
1534
3194
2822
1069
1200
5541
3277
1302
6365
3233
4018
5299
5347
4907
3372
6243
2638
2724
3879
4523
5913
1809
4046
2334
1237
3265
1633
935
5912
3712
6958
3583
4810
1548
2654
2916
6206
6413
222
4373
2738
2144
5252
2768
3472
3497
4728
757
449
4244
6401
6978
6794
2980
112
3533
2813
4410
2047
5016
702
2983
3084
3156
14
2272
1299
4462
1949
4959
55
6159
4156
1233
4613
2080
4901
6061
2170
5778
5354
4863
68
5259
3768
5542
4240
312
5085
2322
6540
682
0
1788
4211
2604
1214
6724
5341
5589
844
340
1957
3776
5493
5909
1459
3056
2967
2118
2319
2918
1379
6303
3809
5989
2126
124
2671
5340
2519
1822
1416
5724
3348
3839
5683
434
2300
5187
681
6227
3821
2713
3678
1162
566
4068
1938
210
6921
4632
2306
544
6647
1455
88
125
1824
4673
2797
203
1003
1409
6050
660
3132
4834
4877
175
4694
4818
4394
4102
4376
6960
5807
4257
6751
3748
5911
3626
6778
577
276
2437
6581
2109
5929
2063
2848
1203
6925
4623
983
5692
3114
1629
4883
1134
4124
2180
2855
5416
6742
2138
6271
4174
2649
1109
4788
3514
5978
733
6822
5625
2100
3967
2928
3535
3899
3490
2515
2208
3961
3727
4967
5519
3153
6752
2406
538
4540
6313
315
6149
2432
1408
5475
5188
3011
5443
275
5109
4276
1739
1261
2857
285
439
2567
3165
2860
479
3959
6758
364
4467
5292
5573
4239
5769
1615
1050
3308
3158
313
4881
6906
536
4536
2173
6855
3981
3128
5680
1002
22
973
3309
4963
6096
339
4384
296
954
4708
288
1745
5419
1693
1145
2627
4936
2925
4492
4518
259
6652
3572
1699
3111
3853
1307
4161
386
5792
2692
6285
4804
4616
1232
1405
1015
422
4454
6203
3399
1327
13
593
6919
5487
3125
3467
6380
875
1964
1719
699
5447
4427
2954
2313
1063
4573
2326
2349
5000
1715
4206
5665
204
4430
1495
5454
2891
5242
6464
4415
644
6278
664
1778
866
1345
2441
6155
2856
2927
563
440
369
3218
5511
4106
5627
4485
6796
2762
5245
2101
1902
1406
176
3749
212
5232
2081
5789
6776
2318
3378
1879
5756
5598
1845
2168
3339
2662
6982
4824
979
497
1759
6808
5526
6588
1400
6069
6995
165
4551
6449
1313
4832
5310
2522
5527
5387
4013
4298
2427
629
4878
1422
4538
2924
2401
598
1687
4033
6427
1193
5957
1158
4898
1927
3234
1703
6063
6435
2283
6026
4185
5393
3094
2558
2853
6095
3884
4083
4982
640
923
2136
2142
1157
2748
3803
1542
2929
267
5482
2378
262
5898
2617
796
3870
590
2769
5788
1952
4302
3501
2330
4478
4082
6561
2201
6967
2156
3837
734
3742
4724
621
5766
948
5113
6059
1324
903
1047
4952
5715
6241
5250
6707
625
2348
3195
5971
6873
6320
5019
2174
1493
4444
6639
2961
6083
400
4910
5660
5181
3926
7004
2497
4743
2582
6422
1245
6080
2674
613
3938
2017
5984
5056
575
6970
2828
3453
4434
6775
3525
5934
2835
3823
297
6992
4650
6667
3054
5808
2293
977
2289
2804
3382
6790
3760
227
5781
3795
3431
6670
2214
6004
1616
3524
1086
1272
2590
4455
6317
2807
2720
4357
1839
939
3969
1277
5609
6311
5343
5682
2154
5172
680
4372
3142
6455
194
4702
1482
4374
1541
6090
1458
4689
6834
2908
3653
4543
1564
4449
3861
4876
6373
274
4157
805
5985
1997
5571
5592
2351
5131
5963
964
6547
6825
616
6397
6528
5946
6847
1175
1426
6161
3325
1526
5903
1998
5814
1523
3031
1725
2211
6620
2687
3659
2482
6008
931
2689
6802
5372
2933
2640
140
4153
2584
5887
193
2799
5568
6819
5239
1538
1022
535
665
6173
3408
5990
6842
3317
7000
4279
4042
159
7038
2058
2407
800
1392
3970
3411
4899
2593
3371
3053
5011
974
7017
6900
3901
6117
6876
673
3188
5550
6494
6608
3927
1082
1993
453
3299
1837
5240
3778
170
1834
6281
2884
5208
1349
7013
3859
5039
4972
374
235
4501
6440
5374
1848
5942
4311
2527
2888
3695
3759
2536
6347
5180
6529
703
1782
6047
1431
3773
3121
3840
1144
3361
2052
4701
999
6520
2759
2803
5892
2230
2752
6646
899
2445
2841
5257
3825
3415
715
189
4177
6032
3633
5316
2395
3470
6137
4341
60
253
6968
4006
6508
3184
3017
2666
37
5196
3866
2837
220
6306
6438
4802
2116
6579
7002
428
3123
3788
410
3844
803
6284
4172
2668
3456
770
200
5832
2874
3609
5286
4614
3990
3466
5889
4579
6706
326
3891
2125
3367
6403
3115
2801
2389
793
5133
5122
2909
5418
3992
3933
6460
901
5901
5770
2575
850
1776
5506
4162
1790
2462
3027
1969
4204
744
849
1095
3979
4036
6266
3422
5676
6927
2050
1120
5402
3243
3448
5859
19
1648
6748
3334
3364
3109
6668
4781
1684
2725
727
2206
6198
5267
6859
1065
5350
1269
2827
4893
6858
6846
2190
5638
3449
6
5057
3846
858
6189
3119
6462
747
837
1890
3796
4031
1388
1815
5100
3412
1894
4119
6029
2394
4122
4393
772
6861
6569
3815
928
4348
278
327
4183
3434
6903
3750
804
3428
6589
4530
5606
1101
2872
2718
2767
6793
1627
3915
5839
2213
3421
4669
791
1563
6399
3357
3664
2355
5201
402
3096
7036
5791
4120
1036
5922
671
2191
5802
5986
441
5964
4419
2000
564
3314
6862
952
3355
950
97
54
2317
5743
6596
2712
2411
6939
4862
4515
5958
6406
5173
3149
3311
5522
1267
333
5152
6541
5386
1492
406
4905
2053
5619
6190
2745
732
244
1664
2547
2073
1209
3896
1595
1498
1199
4250
5904
2089
5254
6502
4746
1652
6235
6466
5516
347
1279
5049
1136
2034
1077
6199
2124
2005
2742
4711
6666
338
1568
4370
3978
289
2979
708
3625
959
1012
5107
6659
5159
5221
6022
6572
1963
6753
120
4654
5054
6442
6294
620
3351
3687
5552
1928
4160
2634
6584
4912
6135
5032
3141
1353
4280
3476
1674
3800
3617
4262
6716
2165
5448
6999
5659
5389
5224
240
5194
2711
672
3154
2092
3005
2810
6685
782
3675
873
3799
5646
4653
1035
1048
3376
552
463
4254
153
3911
2044
1108
5345
5074
6504
1673
6557
6772
3276
3725
4484
5641
1227
1074
6157
241
5062
1554
5408
174
505
51
2600
5313
5883
3208
6077
1044
1121
4004
6297
3559
136
5226
4003
4343
2596
3279
3046
2542
1385
2105
6028
4609
1802
3904
6786
1561
2578
6570
1560
2323
2036
6359
3000
3440
2622
2175
4053
6930
424
4412
3430
6015
5366
4595
4395
3245
3359
5144
4988
3248
5282
5520
431
6560
5509
920
1867
1947
2677
5104
3892
4266
4057
4198
1247
4870
1795
1780
576
1487
1829
5819
284
5103
3387
348
2428
5981
6229
4187
3089
6598
3306
1647
6035
7032
1731
878
5736
6486
4973
5333
5412
3486
502
4362
6801
1545
7028
4858
604
1173
2019
3381
5599
1354
2368
2415
4799
5303
2104
111
6879
4712
5495
3210
3779
3358
5940
1877
3881
4993
1171
1810
2400
6447
6086
998
2684
1944
547
493
4188
3016
6611
3593
4321
4839
6977
1414
2531
540
89
1417
5220
3875
6565
4937
6510
6287
1153
6979
2225
137
4500
5293
5607
6009
2252
4904
2747
196
6334
3834
5656
3316
5197
1988
6823
4164
3266
4065
645
6013
1922
516
560
2098
166
1163
5945
4950
5994
1080
17
1882
1983
6329
6519
4683
6604
442
3549
1821
5845
2945
3061
6124
3292
2253
842
2468
3110
4809
5918
4041
261
2643
3595
4596
5436
6182
6214
2446
1935
4872
4603
2120
2203
3482
1995
3601
2267
4572
6091
3940
650
6721
3226
245
628
2431
2570
1791
3592
454
908
1781
4048
2878
1870
273
6290
2045
5
1884
6030
251
2607
4895
5114
7027
3051
3932
2688
11
934
1689
2196
2783
1468
3360
5809
3740
1362
2941
992
2409
4531
1743
731
5210
2097
383
6387
4541
1658
1485
6948
334
1028
2543
1531
4273
1936
5455
2580
3745
5615
5362
6434
6349
5112
6642
5498
2405
4628
5675
5744
2003
5463
5602
7052
16
6233
1654
4011
2707
6787
5305
3735
2370
5636
213
1062
4697
1441
6875
6126
6244
2429
1465
3889
6053
3075
1912
6548
4123
4039
2463
3264
981
2950
4558
1874
4310
1537
4169
1084
778
6631
6131
3953
2903
4783
6723
4030
3055
6623
2670
5894
2806
3643
5272
1592
3286
6869
3059
3706
3847
1807
2040
3330
6676
1581
4406
6800
3350
5600
6867
2886
6744
4139
5410
3757
1312
3575
1716
458
1285
809
1374
723
387
5375
1827
2516
3320
4638
3509
724
5854
4760
826
2274
6204
4017
6041
6797
6048
7033
3631
1905
4589
3171
254
1141
4511
6812
655
4957
889
528
1019
2315
5356
961
229
5471
2655
382
2647
1979
6405
6055
562
181
2714
3151
337
1452
6177
4947
3221
1479
7016
5066
2920
3690
7023
5477
4035
3291
460
5657
1499
5329
6880
5575
611
1370
643
6534
3887
2991
5921
4564
6024
6202
5644
6044
4852
6571
958
4830
1344
3284
3133
4980
171
6526
6696
4260
395
4067
4582
5900
955
1265
1372
3541
3819
4556
4291
1230
239
1395
6176
6756
2641
6779
4499
6514
3726
572
4340
1309
5385
5706
7007
3270
5151
2209
4241
416
3649
1580
4223
4440
1744
487
4349
5422
3623
6082
1910
2658
3253
6929
6630
1515
5795
916
6324
4472
1528
1092
5679
221
2682
6533
1049
2086
2545
693
5951
1235
6580
4072
5307
3445
6665
6777
5274
1990
6920
1657
5651
4224
4584
6654
2483
6167
5862
848
5581
6732
2376
2371
3570
4848
6191
192
3547
5829
4704
5834
2779
2975
6260
4617
5268
3203
5508
3586
6998
4534
5005
4086
3577
4243
5102
5671
3868
5560
3872
5137
4842
2787
6633
1519
5810
4505
2260
1297
6319
5148
425
589
1544
6421
1195
1524
3135
3406
694
4497
1666
5237
501
6729
5453
5029
336
4756
1363
3553
1073
5858
5467
6556
2027
3924
4354
3498
236
6884
5561
3435
895
4422
1753
6002
3733
1076
4544
1635
1099
3536
3968
2846
202
6813
3614
2635
774
4456
4252
4168
6634
2397
1110
4995
6712
3333
3855
817
3507
3447
3356
1779
565
6205
6539
919
4424
6937
814
3130
5623
146
2880
242
361
6130
1942
1772
182
1733
1543
2760
5429
864
6102
3147
1985
4668
1987
6476
4218
3636
2885
1609
6961
38
6398
3441
363
6356
4903
6892
5183
5499
4713
62
5973
1149
1009
1427
6515
1129
3563
2594
2490
5698
3216
941
2764
936
5077
1851
4141
3566
2464
6114
6396
4860
5643
1872
1078
2419
2459
5840
533
6837
3256
4210
2094
4771
6575
5737
2477
2295
3375
1127
5785
2786
114
4826
5415
271
5881
6881
3080
5291
5399
2952
2373
2907
6857
362
4896
4946
5218
6386
5633
1775
854
3701
2616
2147
2039
1570
5261
5870
6473
5478
4364
3555
3920
473
3066
1420
3624
96
4432
4448
5780
4758
885
2424
5035
5012
5562
3637
3107
2222
3919
1278
5296
4107
5588
1397
2381
2301
4731
247
1335
3139
2499
3294
3229
670
2992
5955
6818
6445
6402
6378
3922
1756
3414
4897
2812
5300
1999
679
1033
5095
1846
6736
4047
6428
1847
2660
6252
256
6626
2038
1642
2642
5688
1977
5634
1091
2269
986
6562
5253
4371
1736
1789
5931
929
459
6351
1840
5577
3023
6783
4022
4805
2503
6640
5006
4833
3694
3638
1653
1301
2064
49
1450
5956
5510
5545
883
6128
5601
1612
4268
968
4096
3093
3702
4071
3138
1472
6141
2556
3890
6072
7014
6488
4361
4667
5470
2388
2001
2364
2402
5844
6255
3269
1639
3187
4958
1407
4182
6385
1356
3328
5377
1786
578
2829
5176
1
3737
4095
4360
3529
1000
4640
2861
6574
6101
3996
5158
5732
6733
5626
5380
2722
965
6384
1662
4320
4906
6084
5489
5427
2347
4816
2421
2068
5231
4806
5468
6232
2697
5352
5199
2913
4482
2834
3174
2650
4684
712
692
605
825
1816
6901
4856
246
5322
6594
4165
5391
4113
1978
3484
5171
4695
6962
421
2508
2442
3991
6119
5910
1613
4234
438
6781
2377
4180
4080
3065
2443
3850
5472
609
3642
2031
3528
1160
1041
5223
2416
6780
6911
2261
6099
1296
5021
2352
6731
3677
3173
2661
799
5831
6113
3255
1347
1470
739
4821
5513
185
1072
4309
5120
6012
2597
4175
91
4450
3475
4114
3019
2669
5273
6286
1052
4005
1071
4710
5564
5938
72
626
2970
223
3994
3558
1248
3761
1051
1871
6164
3666
1096
3262
6183
320
6691
5880
3026
2167
1020
588
1852
1403
319
2197
6292
2232
6272
1803
3301
4453
3471
2016
2390
3377
1898
5390
4436
4659
1421
898
2511
3747
2819
1292
4221
496
716
4745
4264
1774
5711
6997
509
1549
4867
2656
4913
6381
6686
3731
4140
551
7025
1440
6366
6358
2486
5331
755
3721
43
5902
4612
5368
10
5474
5927
3905
3512
729
6635
1275
3794
1117
646
4391
822
4507
396
4661
2498
2262
6830
1037
2439
1268
4378
5779
3807
6902
3917
1368
2457
2296
6553
1100
4299
2417
6680
353
761
2751
2275
4560
6865
738
2216
3897
5462
4552
2263
3893
1618
6839
5227
2911
2973
2890
3343
4038
1223
688
722
1139
5033
4347
6253
3736
4322
6211
4207
3379
5896
3300
790
3283
3329
2632
6301
5108
6431
4216
4295
69
2754
6416
2030
6538
1556
4652
2204
5518
6134
2473
4845
3596
6682
932
4888
1491
5544
4194
2032
4015
7015
3565
583
2552
173
1565
1576
1352
2832
3743
3696
4835
6201
6299
3931
5064
6175
3069
3503
5167
2623
1029
180
1087
649
816
4615
519
6031
1056
4814
2023
1797
4051
1316
3479
531
183
3584
1792
6248
6509
3993
3860
3228
4144
6185
3857
83
5051
2998
1510
1643
367
1748
1530
1105
4461
6340
1765
6697
1197
7055
3925
3775
6361
818
4447
3481
86
3199
3693
6785
696
3254
4761
36
4837
5036
5164
3190
2731
4282
2585
405
4663
3722
2889
4143
3177
2993
5582
3496
3982
4152
2695
2676
280
5821
6677
3502
1081
3191
4111
3810
4290
1386
3607
1885
6826
6259
6795
4496
2485
3999
2187
4681
2479
3997
4000
6943
701
1777
6907
169
4812
4314
4308
1445
148
2387
949
1989
6495
945
2135
3032
4565
3033
1768
6295
6755
328
4246
2626
1156
636
444
3182
3062
4997
5888
5741
921
525
2414
4061
3022
5407
2374
1371
1460
1111
1231
106
5119
1147
1170
5540
6791
1234
5126
4822
6209
4331
78
5166
391
4611
3180
5995
2492
2694
6501
6481
1025
5026
3867
2286
657
2681
3295
3322
2025
6118
5317
3384
5771
3103
5346
6986
3370
847
1215
4699
430
1682
6345
129
263
3331
2971
3602
147
5749
1575
2265
4049
1497
5461
2161
3020
5163
610
3521
4776
6332
4733
2936
1244
1125
2298
6909
2254
2792
514
5394
5751
3176
4109
1314
3709
3037
3014
6669
268
5002
6853
2703
5134
6941
5191
2257
6913
4389
631
3420
2133
3705
2033
3092
561
2506
2461
1034
1875
5423
2131
522
1435
5895
6472
2686
5631
4599
4932
2601
6057
6727
388
3185
3342
5363
6749
5437
2910
6705
811
495
3424
5449
5710
2176
3671
2369
3288
3263
3594
232
1729
141
4976
2074
6844
6011
457
1665
3025
835
1226
6018
6582
1291
6377
6824
6106
160
652
1970
5215
6617
1605
3057
2859
3988
2691
5585
4908
7048
2957
6459
5318
3918
2453
4675
3552
1805
6734
5640
5052
6379
3871
2195
2051
2363
4441
4942
5525
2185
1986
5515
1559
5007
6305
5658
5752
5952
5206
6698
476
6546
2454
5824
5879
6945
1242
258
7049
2151
2732
142
1185
3068
6656
5620
1732
44
2701
2749
5302
691
6207
3689
2505
6220
1113
2897
3293
5162
3655
4368
4641
218
3290
5174
3167
2571
1328
3477
4465
4390
5805
2538
2984
6148
4715
4917
4251
2259
2012
1375
6870
6746
4487
2800
4480
4801
1512
5621
5093
1726
4658
1249
1520
1336
1959
1172
2994
5438
3516
2046
292
1280
527
6312
508
2146
6045
4115
520
6224
5712
1138
6409
5893
7011
211
4150
5546
1118
2241
4044
1727
5936
3691
1467
6326
3656
3196
2557
57
2148
3168
27
426
392
3517
3648
1991
559
4679
3936
6648
6672
2588
6245
2062
3310
700
3824
2291
2285
5754
1259
6469
6989
3048
6251
5376
18
6784
5953
2123
5022
1196
6471
6194
4517
775
4128
4853
309
4930
237
1625
5988
4369
2610
74
6947
1255
1103
1567
4100
1958
5944
3954
4301
2382
1378
2339
4468
6950
3801
1602
5048
5219
3404
2628
5233
1604
2365
295
92
1229
6376
4934
5153
3086
188
250
4542
4323
6269
3789
3319
2248
6374
3650
1334
1341
4784
3324
2565
5632
1709
2700
4037
4076
6181
3346
1263
3215
6257
3349
2564
4416
2474
4532
5383
1614
5841
4769
4142
4163
1518
321
3662
4765
6687
6296
4674
4200
1321
3571
109
483
762
6372
3460
3230
1644
2589
4088
3941
5414
957
199
2894
6042
1212
4345
1401
745
64
1636
5027
5298
5707
1442
841
5610
4885
3618
5755
5079
2892
3828
3390
4014
5654
4550
6116
149
5392
5982
6883
2090
2360
3352
4145
7003
3606
3389
6368
4231
5798
2095
6228
5432
4418
4366
2379
1137
4924
1941
448
5614
6145
3202
1503
3531
3546
5603
6530
5642
884
283
5165
1473
4940
6761
2739
5605
4043
6728
6601
1794
6342
3895
3942
5969
1888
797
6310
4069
1217
4060
2132
82
3557
2982
4547
1094
6537
2294
1558
5145
718
513
6223
3894
4780
3869
5357
4790
1820
2740
4483
494
2931
1550
1208
6910
6549
1903
6146
1712
375
4992
637
6969
4481
4854
5246
5701
1404
1637
4727
4735
1862
2181
5837
2995
3363
5861
6288
2169
5760
5960
4717
3849
2595
1192
4546
4549
1342
4117
4151
45
6352
3407
4202
3610
4261
5395
4007
4402
4074
6896
1766
573
7037
5530
4680
3391
122
4983
4941
3129
537
1461
4884
1631
2041
4748
3877
5691
3064
207
5136
3175
6850
2309
4327
635
1740
1767
4445
4849
2830
1270
1757
4490
291
2452
7012
5037
59
3043
1501
2233
5024
3313
5285
5687
6874
108
4233
3488
4148
1243
329
4171
3873
2708
5189
1305
2426
526
4256
5398
1394
94
3161
3112
5852
1181
6699
880
5106
2447
2895
1140
4425
3455
4214
3716
3464
4077
5928
2460
6171
6441
5065
5799
4093
4571
5555
475
32
5708
303
4592
1260
3429
131
1819
5937
2976
3647
4580
5082
5787
1675
6507
4840
4029
5867
4859
1939
4851
5236
4979
5284
413
4215
6420
1557
5464
4504
877
2723
4377
4744
4656
3178
4138
3977
896
5826
4971
6814
4865
1481
6429
2905
4923
595
6718
2420
2842
5962
6924
2359
5974
1090
3808
4600
3851
6394
5699
926
2287
5069
763
1222
6957
4286
401
1030
2434
5925
1606
4682
1577
3491
5801
5004
2906
4359
4352
6890
2143
4495
580
6325
7039
1671
3179
1522
264
4328
3443
5728
6593
6132
678
6133
6355
3499
3327
4753
5690
450
2866
2500
4381
4313
2922
2513
234
4562
2466
5899
1396
3072
2087
5835
3852
3315
2218
2685
2586
7006
2471
5421
4010
1004
1649
5800
6895
6088
1253
4147
6282
6799
1343
6277
3366
2075
350
4363
5967
6051
7018
4688
5612
5169
5886
2930
2264
2307
6632
3240
1569
6971
3928
46
6322
5059
912
343
3948
3211
118
5907
5323
6236
2789
1572
686
1224
195
6965
4875
2137
5926
1887
2914
3383
3619
432
1640
2425
6747
1128
2702
5147
4772
5674
801
4705
3282
3830
3098
2413
1908
2870
4191
960
5030
4226
1315
6343
5702
728
2843
1770
1423
1466
5160
2989
3513
3929
771
1306
3088
6489
427
5876
4050
548
666
1611
4227
2224
233
1843
5580
6694
6719
4740
871
1573
570
623
1690
5597
5748
5847
1182
792
6136
5503
1919
3354
5404
4635
1454
2898
4131
781
6803
6081
3492
6916
3085
5998
2226
2489
3272
418
843
6843
4269
3567
2680
1924
6261
6075
915
1311
4178
1489
2314
6110
3164
4586
3271
2029
2251
5087
4752
3459
5328
5673
5750
2067
4627
685
6457
3232
1525
5076
1511
6622
5088
5666
5255
408
5063
5763
2478
2533
407
4763
2809
4229
2996
2530
2128
2820
2082
2721
4873
3538
1367
3302
4019
3166
1398
813
1853
6831
3223
6017
2559
4559
7045
5111
3137
1184
6715
3220
4408
3
3222
2342
3960
2613
5089
4471
1632
1956
1331
6038
6318
4078
3816
1516
872
2380
302
5608
4316
602
5767
1856
6240
5618
5815
1348
2079
7009
6993
2876
2849
2345
2746
378
882
4931
6309
5532
5041
4300
2236
335
6407
6576
5523
3052
359
3802
3423
3275
2562
2336
4110
5256
5935
1013
3303
4925
1865
5235
5186
5856
4464
5175
6400
4184
4785
651
6274
1868
3854
1940
4126
1252
3627
2160
1319
4192
1358
6523
4978
5700
4287
2205
3754
3703
3106
592
1124
5543
1168
1878
1241
3720
5566
2935
1566
2014
4304
2258
3573
2943
3774
4059
4016
3755
5983
870
6762
5067
2618
455
6123
2386
1039
5757
3645
1813
446
266
6963
6701
4902
3073
2796
468
2331
1755
110
4585
456
3273
2134
1364
7024
5244
2121
6348
4375
1599
5083
4334
6491
77
3249
6636
574
6807
1211
1713
1734
28
6587
1330
3340
445
1838
3231
6186
3410
5118
1694
5149
2583
6860
617
5301
1355
4220
1320
1582
1551
6679
3729
5966
3172
4470
6364
1587
2716
862
4738
6527
4720
1621
2962
821
4458
4633
3386
5877
2974
4032
3615
6276
2825
2164
4034
3425
1258
2008
1546
3947
951
3474
7021
4219
462
2653
4796
1216
5222
2056
6415
6817
7022
214
808
209
5992
6390
2620
6660
6291
2544
1562
6934
1283
6629
984
1670
4629
499
2455
2659
5875
3951
2639
6811
2802
1154
3505
2484
4844
4583
1443
6988
2470
697
5010
557
675
3632
5241
6200
4091
1457
1201
5179
4619
6392
3719
5693
5976
779
856
5857
6840
4968
15
5604
6100
1043
6512
3007
472
3588
2863
6942
5897
6037
4423
4121
5156
3590
1323
2393
4719
2103
3817
6444
3751
5353
5308
5444
2139
5270
2383
6503
5359
6019
1597
2664
2440
1054
3715
2077
2199
366
1876
5999
3644
6559
100
2840
3451
1433
5709
2245
3030
305
3943
709
3001
1250
3238
607
2784
6163
3902
1131
5811
3105
4306
654
1206
5987
6212
6103
5264
6423
3337
2476
624
6912
4647
6005
41
1842
6804
2083
656
766
2392
7042
705
2284
780
6590
6162
6383
5373
161
558
6147
6637
2509
5073
6443
3344
1705
4841
4794
532
4001
4943
3280
2362
2823
851
4894
4778
139
5388
2926
6263
3958
6852
3417
6089
5473
4889
6125
3186
5431
2491
876
2299
6566
2917
461
1578
5098
4253
6769
830
5977
5759
4588
1365
2693
415
3127
3822
4437
317
5790
3213
963
3131
4494
1123
2353
6174
1608
2541
4098
1014
1707
3003
1456
4953
857
5251
6926
6273
1747
2325
4230
4023
298
4808
1764
5312
627
3444
5783
6788
133
1933
6064
3673
4089
2010
2869
511
2940
6757
301
5364
597
3393
5018
332
4508
5512
6234
5579
2517
1228
1166
1913
2579
6426
4791
2611
4084
6555
4570
1762
3432
1281
768
5161
618
1533
2152
4951
6551
4779
5015
1380
2514
3792
6975
4944
787
3397
2838
5843
4737
633
2072
6832
5586
1238
1718
1132
4245
5157
5534
3462
1402
4489
859
3380
5247
2956
5959
1186
3739
4409
5168
3015
7056
5797
4539
5249
3756
358
2398
6767
5099
61
1359
5212
5488
2896
1916
1133
3038
3374
4670
6568
4459
5786
2773
1276
1695
1651
3332
5849
6085
2311
2475
316
3589
829
5116
2651
215
2883
4850
1619
5548
3669
152
154
4491
197
474
1931
5578
1798
2438
5123
4108
1717
2551
3665
3246
6737
4920
6196
861
6810
5275
4101
230
4248
3723
5185
4063
4329
4135
2609
5803
3888
1284
3522
953
5551
1540
1973
3762
451
6708
524
4955
4594
5043
6545
2988
6952
4725
721
874
5486
690
541
4831
5517
3373
2305
5535
4355
411
4009
5023
470
2472
6688
1723
1088
3710
3520
2887
6815
2451
1607
5866
2107
4868
3956
1486
6000
6262
5764
3365
5485
5381
834
1869
489
6653
5382
156
6280
6158
2944
4079
2093
4926
2704
815
4324
4008
3686
2037
6166
6689
4891
1373
5584
6437
2327
2115
4768
2999
2985
116
177
1066
2831
1246
4692
2021
5337
2278
2234
281
584
5276
371
5479
1972
3219
4228
5050
3898
270
4718
4726
6487
417
3949
5813
4094
3242
5590
4866
1722
1504
1996
1289
6730
1429
6493
6725
545
1262
1539
3564
6453
6771
7044
4466
1873
4754
989
6955
356
3035
4962
982
2465
4994
6959
3078
1032
6121
6375
2384
6994
6905
2964
6179
5092
4915
1880
5827
3962
5138
134
1150
608
2469
4813
3685
7046
6036
5132
1742
294
1728
1855
3465
6592
5424
667
85
2576
5594
6619
6543
4167
6763
4353
469
6314
1698
1945
5622
3347
5178
150
1521
5198
342
5860
1532
47
5278
4133
5204
5053
795
980
4938
4513
2410
2357
5129
4939
4522
5538
4601
2163
2202
3063
1338
3835
3772
4263
1070
503
2709
373
1221
409
3267
5950
3401
443
1399
6845
35
5081
6564
6097
1617
6346
1387
2207
6430
1660
2663
5908
6820
4909
5647
5872
5733
5441
1620
3874
5025
1161
4690
5914
2902
6404
1366
2302
6389
3753
6866
3651
5531
1881
1010
3900
151
290
2189
436
5336
2024
3714
4255
4146
6606
740
1601
3402
4292
2793
6335
6985
6525
1274
5539
3629
228
1506
5361
863
21
5776
7041
1849
6650
6849
3865
1831
56
186
3913
1298
4285
5557
2244
3433
3975
101
6789
4607
5243
3385
2644
1075
938
385
6928
6327
6618
4644
4759
7034
1784
490
39
5884
663
3984
1225
4475
1906
1146
3683
3616
2568
394
3209
3082
5115
6854
2726
1968
3494
6600
4557
5836
4874
6418
6010
1471
2798
3811
5820
5332
4293
5311
1889
6886
6542
6425
3698
3728
1059
2249
1293
6643
5325
3159
6003
5730
1917
2178
5117
5753
5965
480
4277
5105
2678
4398
710
4554
4338
7008
2333
788
6885
1571
6479
5947
2111
6107
4387
5097
3205
5141
6595
2581
546
1596
3480
6268
157
1806
4954
1668
4025
3162
5878
6702
6451
5084
5591
3704
5040
260
5457
1483
1106
6841
6838
582
6827
3700
3495
3519
5664
3537
2228
6868
2117
6468
3646
6256
5670
3635
2399
529
4337
1896
2099
6759
2553
6951
452
2057
351
4597
4272
1257
1751
812
3237
4676
4989
4199
4709
4386
3287
3986
6108
5469
2162
1339
2297
6165
1038
1484
5624
412
820
4736
2877
4700
4751
2921
1858
5080
5315
4990
4545
1377
1505
1663
518
486
6461
190
5846
3058
2608
3574
4846
2493
6573
4512
3045
2183
269
2184
2587
4935
892
399
5828
279
1624
902
277
5456
4058
1965
1555
6033
6178
4766
3473
184
3257
3118
226
3912
2221
6222
3973
1476
1897
5003
70
993
6898
5838
4396
6308
4413
1638
5070
4222
888
6805
743
6122
5554
2130
2458
3863
6414
5980
6933
4645
3876
5524
838
1413
4232
1860
539
3489
6498
5458
6741
2771
4134
3793
1811
1895
2657
5009
6770
5124
252
6467
5874
1389
1282
1911
4869
4548
4887
5628
5042
6915
3600
2321
865
6424
6439
6497
3160
6338
3699
4820
1833
325
2523
2193
1948
3568
2237
662
5280
1469
5413
4196
3782
4561
1982
6644
1026
1823
6984
943
5696
996
162
4026
2450
5507
6293
4404
1930
3667
130
5738
4922
75
30
6578
6936
5943
6066
4275
3826
1828
3353
5446
2873
3827
3042
168
2953
674
3345
2574
145
1490
5576
6765
4577
1122
2845
4729
2171
2619
5214
299
4892
1177
6337
6554
6552
512
4379
3930
6215
3418
4643
711
720
2977
5369
1628
5611
6944
380
1135
6891
6673
5583
5060
76
3039
4774
1943
2219
4319
3241
5882
1892
4195
1322
4193
5445
225
3717
4414
713
2366
4318
3362
5269
50
3090
2645
3569
2761
4722
3044
1630
554
3950
2667
4105
4622
4435
1351
2343
4238
6671
5919
3097
6474
1119
5500
4054
4
360
5635
372
4693
1432
6043
272
2847
677
4664
164
1488
5238
5125
6871
6210
3812
736
53
3298
2673
5939
3971
3679
1669
3836
488
5430
2882
3392
1594
1449
6661
420
1650
707
90
1496
2904
4351
4696
6049
217
846
4112
4998
5400
4563
26
3713
1290
6246
997
6740
4975
975
2821
3244
224
3944
3104
4672
6496
5661
1960
4429
6690
4401
3070
2158
3394
5110
163
3995
238
2329
2833
1678
5263
4247
6154
5348
1683
1961
6535
4274
2172
4333
304
909
1085
5739
1708
5121
6976
3087
5830
1024
3752
4836
2706
6074
937
5772
6478
2338
3987
4457
4825
3833
1361
1239
1738
1017
1799
5068
6726
891
1218
2488
4608
3341
2981
6153
5853
2242
4961
6563
1863
3976
2367
5933
2220
354
1273
4488
3146
3680
4687
3250
6500
1183
4775
2510
3235
4677
4747
2091
6363
6773
1474
7001
2270
6433
5155
4443
5150
5483
5662
6760
4288
4864
2986
6283
1591
606
4281
3225
2955
517
6735
2814
2546
3523
2774
2844
648
2750
2085
2621
5304
3554
6242
117
3980
1115
1188
1934
4045
2534
4553
435
2766
6981
4900
5492
3708
4929
764
4493
2009
6745
6369
323
581
6144
1240
4605
5891
2078
6014
5742
2494
2777
2665
991
639
1190
6664
3122
4294
1494
3946
5297
6007
2532
5823
2737
3764
6513
3204
6187
2919
4509
3261
4970
1042
5047
3458
5817
750
6675
1475
1883
2698
3843
3880
6448
3419
2235
3395
5920
1841
2004
3612
5648
4097
4474
4439
286
7031
5494
1027
1194
3955
119
4916
6681
3983
2520
3077
1923
2867
3730
1332
6889
3050
1929
1018
1011
3864
868
477
6170
1800
3396
4685
914
1219
5703
893
1975
5314
4326
1271
20
2978
2002
2026
3305
6160
2630
4259
2281
756
659
5094
1340
785
2280
2780
3639
4786
6603
5338
3281
6079
4024
4213
25
346
4576
481
4927
1513
3670
6120
33
3974
3004
1357
103
5034
5090
4918
2728
695
4574
5850
6300
1760
3197
4189
4662
3785
3682
4339
3036
4838
5358
3985
1921
6678
3845
4966
5365
2391
3608
4521
1836
3908
2113
6062
4159
172
5871
6360
2818
216
370
6983
6315
3251
6250
3718
1079
6914
4827
2934
143
6221
5747
5465
3605
1746
1962
4452
5915
484
5553
3181
3091
5574
5954
2487
2480
2018
6972
2969
668
5139
3368
717
6897
1850
5713
6353
3660
2422
4520
2795
5923
5975
123
6323
3769
641
2149
6230
4819
3527
5689
2212
3539
4985
5806
3548
1994
1254
345
600
485
942
586
4236
2430
4514
2775
4303
2717
1641
521
1102
4116
2456
904
3883
4335
3163
2060
4336
1700
2637
2865
4365
1424
5228
128
2412
4428
2054
6040
4578
3907
1974
4642
6138
3560
1692
754
5452
2743
3806
1589
5130
4800
5262
1645
4620
2875
5930
4510
5559
684
4764
3744
205
4242
4358
1980
5793
198
802
687
6663
2112
4587
6213
314
2396
1763
4271
5714
5071
357
478
365
1164
2022
1060
4176
1536
99
1213
860
2675
4237
3336
65
5775
79
2968
4081
1659
3909
3454
5306
3945
3108
6878
6188
4960
5774
208
81
3504
1068
6446
1318
3885
6208
3972
4473
6974
2817
5777
5426
3805
3532
2106
2900
6226
3797
6070
3326
3668
4258
730
5370
1971
4382
1857
2157
5613
2372
6613
102
5667
1706
6864
5234
6821
3766
3676
1310
2290
4104
2015
5869
2893
6684
5842
3201
5287
653
5497
6151
925
1007
1112
2756
759
789
6956
6836
419
4516
6058
5351
2599
4502
1825
300
2537
4655
5672
1023
3672
4463
1143
113
917
2598
704
2923
3551
2729
601
2854
737
5202
3452
3561
5379
1817
4999
6607
1918
995
4624
6382
437
3543
3790
5434
3841
3663
2899
1180
7035
2145
1294
1448
2335
1130
2043
3012
2629
6499
4099
2997
1288
6341
4383
3140
4438
4649
6506
2243
5339
4691
5731
6307
1169
5193
3227
840
67
6516
2096
2200
2049
6316
2524
1737
5686
6856
368
3323
3964
179
404
1383
1089
5481
5433
4297
4479
7026
1256
4646
3259
5848
2246
6247
5565
6216
1904
2938
6940
2266
4446
4149
5344
6020
4526
6417
2605
2540
4798
2048
994
2316
3388
4977
2727
4770
6104
6651
988
3734
6888
4284
4714
6354
4657
907
1724
466
3780
4716
287
5720
4795
7054
3542
6249
2350
550
6410
7005
3144
990
5200
5190
3784
6782
4225
2467
5721
3152
3487
3006
3260
2159
3998
1393
6605
2320
5248
3170
2960
3621
1953
978
2250
6367
1623
1438
3804
4606
352
2194
3136
5326
6602
4949
1178
1053
5260
7050
4132
5295
6655
6254
4380
4569
3193
4823
2308
6674
3493
2868
2312
6006
845
4431
1202
4948
4991
749
1333
726
2055
5504
1295
2177
5466
2591
6142
1419
1507
1656
1704
3611
2153
1926
852
5435
4344
4639
4698
2839
3587
482
4411
6350
4154
6027
970
3009
556
5630
2127
3622
3483
5587
6485
1055
1287
5367
6524
6536
1045
6710
191
1574
4721
355
6065
5563
248
594
5993
1236
4734
6583
725
913
2028
767
2864
6657
31
5334
2444
376
1391
3545
1667
3485
2328
1686
6511
5396
5028
4527
714
1925
3832
2403
6638
4442
1165
6851
6627
3274
1752
6490
6531
591
3724
4707
4399
828
1603
2958
683
5537
2114
5061
4792
6700
3416
6393
839
2150
6809
1711
6219
5127
944
5705
1064
1691
4777
1142
2122
6336
6482
3468
930
5572
5865
4055
5279
255
1174
1909
2744
3604
5450
3921
4879
4342
3252
3848
2423
1901
3783
553
3400
3886
6990
2631
1677
4212
4602
3134
282
940
2636
6225
1681
3318
308
167
2182
966
6835
947
6265
6115
2871
3247
5653
2356
6720
6709
5991
6973
632
1369
4660
6739
1793
5727
4346
6391
752
3049
3661
3002
1685
5075
4136
4730
2271
5652
1509
4407
4882
2071
3613
3965
2972
3405
3684
4880
2699
3101
4201
4919
231
1057
1444
5595
534
3398
6412
4397
5917
6039
2512
5440
293
5045
257
3506
1553
4208
5740
6192
6703
1735
6743
3787
5833
1453
201
5695
6218
2186
3446
3771
6140
498
2572
3335
4767
4773
5078
1016
555
987
4651
1590
3198
4533
2449
3515
3935
2
4073
1992
5480
869
5556
2881
4265
4742
2061
5143
6738
2805
3585
3436
3478
2763
1104
6197
3511
2155
2408
3278
4350
5360
3937
1447
2555
4503
5371
2223
4630
4598
1148
5271
4205
2730
1808
1932
1583
5697
5265
7053
6331
4312
4405
4996
2990
5411
1114
5319
6370
2566
6371
2734
1191
5547
330
2652
465
2948
3071
4793
4604
773
969
5330
4828
2436
5195
6302
2561
4289
3081
881
5211
2569
2808
3442
5017
1061
105
4750
6641
3813
5677
5746
2239
1116
3120
155
6267
4757
4118
5428
2758
6766
2966
2733
3582
6798
2495
84
549
5855
6692
3862
2084
2108
1006
5765
4190
1463
5417
1835
2648
2949
5324
619
6388
6454
4064
4986
7
4002
5863
4843
6023
2690
4857
1758
5794
2279
1622
2070
1300
1769
5716
933
4130
4787
4625
1001
924
2710
510
6717
676
824
3403
4610
1058
1502
1634
5637
3767
6021
3189
2603
3770
887
349
5439
2324
491
827
6917
5397
6078
2066
3124
4665
464
6522
3530
42
2088
634
2696
2852
1329
2020
6908
414
1976
4984
1600
4460
2592
3707
3409
4249
5154
5663
530
6067
4040
6711
3858
5384
1008
3304
1514
4847
1984
6987
661
5230
6612
3620
1787
1900
1920
5203
6492
3206
3143
6238
2496
2340
8
3034
1360
504
3732
6597
1826
6073
2624
905
506
1326
1477
2901
5055
3966
1205
5972
5782
4591
3102
2256
4945
4626
5655
7040
6109
6169
6893
4203
3963
1187
786
2679
6882
3192
1688
918
7020
1680
6092
6614
1710
6806
1773
2140
265
6477
3117
3856
5825
3591
132
1593
6722
2502
5639
5349
760
9
4648
6339
3562
5773
2753
5091
2548
900
3781
2757
967
6695
906
249
1098
2811
3838
2229
5277
206
2119
3100
1167
5290
507
4283
2332
6505
5209
2755
6143
127
3814
2358
4749
3628
4173
5281
1430
1844
1304
3067
746
7030
784
1337
58
500
1266
4385
3217
2963
2781
6195
6016
1198
1317
447
6432
2826
3239
2672
2915
318
4085
3013
2719
3580
6054
2526
1382
2282
1783
1804
5996
1914
4529
4636
1830
2765
1204
6923
1384
6298
1598
5013
879
4330
807
2965
4732
2481
4356
6649
3296
1264
3079
2947
5225
6887
2987
6949
735
1754
1508
603
2006
2166
962
2013
2528
5684
2815
4568
4807
5008
1067
1646
2776
2435
2912
3200
4090
5949
3076
5961
3224
5309
571
5735
2110
6098
1785
6060
3692
4911
121
867
976
3878
2554
2646
1893
6258
2794
2772
5321
5717
6279
1381
4593
5932
4420
3040
2217
4125
4477
5192
1866
6056
6517
5101
2273
5476
5378
5403
1899
6577
1714
1676
6395
1376
2951
4829
3041
5521
107
2879
4706
1721
423
34
5207
5229
52
3540
5762
6683
4789
6899
5723
433
3500
6567
1864
1679
187
719
6470
5864
6938
2065
748
6463
1021
1462
12
144
4631
158
4426
1741
1152
6833
3010
6239
2375
5718
1446
971
5182
344
1126
4981
6452
2404
5442
6217
7043
6768
5941
5288
2346
6713
1350
1159
3882
6156
4181
2210
4197
6150
3047
4567
853
3957
2310
1672
3906
5355
6829
23
29
48
80
87
93
98
135
307
310
324
341
381
389
393
429
467
492
515
523
542
569
587
599
614
638
642
647
658
689
698
742
751
765
769
783
819
823
833
894
911
927
946
956
972
1005
1093
1107
1151
1176
1189
1207
1220
1251
1308
1346
1412
1415
1428
1437
1439
1451
1478
1480
1500
1517
1552
1579
1584
1585
1586
1588
1610
1626
1655
1661
1696
1697
1702
1720
1750
1771
1796
1801
1832
1859
1861
1907
1915
1950
1951
1954
1967
1981
2007
2035
2059
2069
2076
2179
2188
2215
2231
2238
2255
2268
2276
2277
2288
2292
2304
2341
2361
2385
2518
2525
2535
2539
2549
2550
2560
2577
2606
2615
2633
2705
2715
2735
2741
2778
2788
2790
2791
2816
2824
2858
2939
3024
3028
3060
3074
3083
3126
3157
3169
3183
3207
3212
3214
3236
3285
3297
3321
3338
3369
3426
3438
3450
3457
3461
3463
3469
3510
3518
3550
3579
3581
3598
3599
3603
3654
3657
3658
3674
3681
3688
3697
3738
3741
3746
3786
3791
3818
3820
3831
3842
3939
3989
4012
4021
4027
4052
4056
4062
4075
4087
4092
4127
4129
4166
4179
4186
4209
4235
4315
4332
4400
4417
4421
4433
4451
4469
4476
4486
4498
4506
4519
4524
4525
4528
4535
4537
4566
4575
4621
4666
4686
4739
4741
4755
4782
4797
4811
4815
4861
4886
4890
4914
4933
4956
4964
4969
4974
4987
5014
5031
5038
5044
5072
5096
5128
5135
5170
5177
5184
5258
5289
5401
5405
5420
5425
5451
5484
5501
5502
5505
5528
5533
5549
5558
5569
5570
5593
5617
5629
5645
5649
5669
5678
5685
5704
5719
5722
5726
5729
5734
5745
5768
5796
5804
5818
5822
5890
5948
5968
5970
5979
6025
6105
6127
6139
6152
6168
6184
6264
6270
6275
6304
6328
6330
6333
6344
6362
6408
6411
6419
6436
6450
6456
6465
6475
6480
6483
6532
6544
6550
6585
6591
6609
6610
6616
6621
6625
6628
6645
6704
6754
6774
6828
6863
6877
6904
6922
6931
6932
6935
6946
6953
6954
6964
6991
7019
7029
7047
7051
910
