0
4
5
12
18
19
20
21
24
34
38
41
44
47
49
51
52
53
62
65
66
67
74
93
96
98
105
106
108
115
117
121
124
133
143
152
156
164
166
169
171
174
177
182
183
190
194
195
198
201
204
205
206
207
214
215
227
228
229
230
238
258
263
264
272
273
279
280
282
283
284
285
308
310
318
327
338
357
367
370
378
384
404
410
411
418
422
445
449
460
464
472
474
488
494
507
509
515
517
520
523
525
531
533
542
551
556
559
563
564
568
569
570
583
586
606
609
614
615
634
646
649
651
652
669
671
693
702
707
714
738
743
749
755
759
766
768
773
774
776
779
782
788
818
828
840
841
850
862
871
879
887
894
896
904
911
920
922
923
926
929
932
943
944
955
958
964
968
976
1013
1015
1034
1036
1039
1056
1058
1059
1064
1069
1071
1083
1088
1090
1099
1115
1118
1133
1148
1181
1187
1195
1205
1211
1216
1221
1222
1224
1231
1237
1247
1249
1252
1256
1262
1265
1272
1273
1274
1279
1284
1287
1301
1314
1328
1329
1331
1333
1335
1342
1343
1349
1351
1369
1375
1404
1405
1421
1431
1435
1452
1453
1454
1464
1470
1476
1483
1488
1493
1495
1496
1528
1531
1533
1539
1541
1542
1544
1545
1552
1554
1561
1567
1577
1581
1586
1591
1599
1602
1608
1609
1615
1617
1620
1622
1628
1634
1637
1641
1657
1662
1667
1681
1686
1704
1716
1717
1719
1736
1743
1745
1747
1751
1763
1766
1773
1775
1803
1809
1810
1811
1834
1840
1846
1847
1848
1850
1851
1853
1855
1865
1907
1912
1940
1955
1966
2004
2008
2011
2012
2016
2018
2020
2033
2038
2049
2054
2056
2060
2064
2065
2073
2074
2078
2086
2088
2090
2092
2100
2117
2119
2137
2141
2143
2154
2156
2157
2171
2230
2235
2244
2263
2270
2274
2287
2291
2292
2293
2310
2314
2326
2330
2339
2341
2372
2381
2384
2388
2393
2401
2408
2415
2421
2430
2441
2474
2477
2486
2488
2507
2512
2528
2531
2535
2542
2545
2549
2550
2551
2568
2571
2573
2575
2576
2579
2588
2601
2602
2607
2617
2618
2641
2657
2660
2678
2684
2685
2688
2699
2723
2724
2726
2736
2746
2751
2765
2771
2784
2785
2800
2801
2805
2808
2811
2816
2817
2818
2820
2833
2858
2885
2893
2894
2915
2917
2926
2931
2932
2937
2941
2942
2944
2961
2974
2975
2977
2980
2999
3000
3003
3012
3017
3018
3021
3028
3048
3050
3051
3057
3063
3068
3070
3096
3100
3117
3129
3138
3154
3167
3212
3217
3229
3230
3251
3256
3260
3261
3266
3272
3273
3274
3299
3315
3317
3322
3325
3326
3335
3336
3337
3347
3352
3354
3373
3376
3386
3389
3435
3443
3447
3467
3469
3471
3477
3481
3497
3499
3508
3512
3514
3527
3536
3539
3541
3552
3555
3622
3636
3657
3659
3778
3781
3783
3790
3797
3800
3801
3802
3805
3834
3836
3840
3849
3852
3853
3872
3881
3890
3919
3922
3940
3951
3956
3958
3965
3967
3982
3997
3999
4014
4017
4022
4031
4041
4048
4064
4067
4123
4126
4129
4134
4141
4142
4147
4150
4155
4157
4214
4216
4221
4226
4235
4240
4244
4265
4267
4268
4281
4288
4295
4303
4304
4306
4316
4321
4331
4337
4338
4346
4351
4353
4356
4359
4369
4372
4380
4384
4387
4391
4400
4434
4440
4447
4475
4480
4506
4512
4525
4549
4553
4557
4561
4583
4597
4600
4602
4606
4607
4610
4621
4623
4627
4639
4640
4650
4661
4678
4721
4729
4739
4740
4759
4764
4773
4778
4781
4787
4795
4799
4808
4809
4815
4818
4826
4830
4837
4840
4843
4848
4859
4862
4865
4871
4876
4885
4889
4892
4896
4917
4930
4936
4975
4984
4987
4991
4992
5002
5035
5046
5052
5057
5058
5076
5080
5086
5101
5109
5113
5120
5167
5201
5220
5228
5233
5235
5267
5280
5303
5329
5344
5351
5354
5363
5371
5373
5390
5391
5398
5425
5450
5452
5454
5455
5468
5474
5476
5477
5489
5491
5495
5502
5503
5505
5526
5536
5547
5629
5636
5644
5662
5665
5669
5670
5675
5688
5696
5718
5721
5739
5743
5744
5750
5752
5757
5762
5766
5787
5816
5831
5850
5859
5861
5908
5918
5931
5940
5943
5954
5957
5959
5979
6000
6003
6013
6037
6050
6056
6066
6076
6079
6081
6084
6100
6105
6116
6124
6144
6148
6156
6173
6174
6178
6187
6198
6217
6221
6223
6226
6229
6233
6235
6238
6239
6243
6257
6270
6280
6286
6304
6312
6316
6348
6361
6362
6364
6383
6388
6420
6434
6439
6442
6443
6468
6484
6500
6505
6539
6540
6541
6554
6557
6567
6571
6587
6606
6629
6655
6669
6699
6702
6714
6715
6723
6726
6739
6743
6753
6767
6768
6788
6801
6803
6817
6824
6825
6826
6851
6860
6870
6871
6876
6881
6883
6922
6962
6967
6971
6987
7008
7020
7039
7048
7056
7068
7083
7101
7112
7117
7123
7153
7171
7186
7190
7191
7205
7254
7261
7264
7265
7280
7306
7344
7349
7356
7360
7378
7380
7393
7395
7399
7405
7418
7422
7446
7460
7473
7503
7514
7517
7532
7562
7565
7568
7605
7609
7626
7642
7643
7644
7668
7689
7714
7723
7733
7738
7742
7853
7855
7885
7895
7901
7905
7908
7916
7948
7967
8004
8037
8040
8044
8062
8064
8070
8075
8082
8100
8111
8119
8127
8134
8135
8142
8159
8176
8180
8184
8186
8190
8203
8282
8287
8288
8294
8296
8299
8317
8322
8339
8342
8344
8374
8377
8386
8425
8438
8448
8460
8461
8463
8491
8500
8510
8526
8531
8543
8563
8568
8583
8584
8589
8602
8608
8632
8636
8645
8649
8656
8657
8667
8675
8730
8732
8734
8742
8751
8752
8795
8798
8820
8834
8837
8839
8844
8852
8855
8861
8862
8886
8892
8901
8909
8926
8934
8942
8953
9007
9027
9028
9075
9096
9121
9127
9133
9171
9177
9179
9277
9322
9347
9354
9370
9387
9391
9408
9412
9437
9443
9476
9490
9505
9554
9565
9567
9581
9594
9617
9625
9636
9674
9679
9721
9725
9743
9748
9750
9813
9819
9826
9884
9885
9916
9933
9938
9962
9980
10020
10022
10042
10065
10069
10076
10106
10115
10134
10138
10146
10205
10206
10217
10220
10239
10242
10269
10311
10326
10338
10340
10365
10378
10389
10396
10402
10403
10405
10414
10420
10424
10425
10428
10442
10448
10451
10455
10475
10501
10519
10530
10547
10554
10565
10570
10589
10590
10595
10601
10613
10615
10616
10631
10639
10656
10666
10784
10792
10808
10824
10834
10840
10848
10849
10852
10865
10895
10913
10943
10948
10997
11030
11050
11053
11075
11086
11089
11135
