0
1
27
46
53
54
56
65
71
73
74
75
76
77
78
79
80
81
82
83
84
85
86
87
88
89
90
91
92
93
94
95
96
97
98
99
100
101
102
103
104
105
106
107
108
109
110
111
112
113
114
115
116
117
118
119
120
121
123
124
125
126
127
130
131
132
134
135
141
142
143
144
145
146
147
148
149
150
151
152
153
155
156
157
158
159
160
161
162
163
164
165
167
170
173
174
175
176
177
178
181
182
184
185
186
187
188
189
190
191
192
193
195
196
197
198
200
201
202
203
204
205
206
207
208
209
210
211
212
213
214
216
221
222
223
224
225
226
227
228
229
230
231
232
233
235
236
237
238
239
240
241
242
243
244
245
246
247
248
249
250
251
252
253
255
256
261
262
263
264
265
267
271
274
278
279
280
281
285
287
291
294
296
299
303
304
308
310
314
335
350
377
381
405
410
412
430
432
440
443
445
448
454
463
466
468
471
480
491
494
501
502
517
529
548
575
576
628
629
631
641
644
650
695
706
727
728
742
743
746
837
863
883
895
896
897
899
910
913
924
930
934
946
949
953
965
973
1005
1066
1119
1122
1128
1141
1151
1155
1168
1169
1184
1205
1226
1232
1233
1237
1268
1271
1274
1288
1292
1316
1318
1339
1348
1396
1418
1421
1482
1493
1510
1519
1538
1556
1560
1561
1565
1607
1626
1728
1736
1746
1754
1755
1770
1780
1782
1789
1793
1808
1833
1848
1849
1850
1863
1883
1899
1914
1920
1930
1949
1976
1977
1990
1998
2005
2027
2034
2040
2045
2057
2076
2077
2116
2138
2167
2178
2191
2274
2331
2362
2406
2408
2409
2412
2414
2431
2439
2456
2478
2482
2489
2496
2503
2528
2554
2567
2568
2588
2600
2605
2608
2610
2613
2623
2637
2646
2648
2661
2662
2666
2683
2696
2704
2719
2721
2739
2763
2767
2770
2772
2774
2776
2796
2807
2818
2836
2838
2877
2878
2891
2913
2958
2965
3005
3008
3094
3144
3236
3262
3304
3345
3417
3419
3428
3465
3476
3486
3524
3556
3566
3568
3574
3576
3579
3585
3616
3618
3619
3655
3669
3711
3749
3756
3767
3788
3827
3830
3834
3839
3846
3862
3870
3893
3935
3936
4010
4128
4145
4156
4193
4204
4243
4342
4415
4478
4515
4525
4529
4534
4552
4588
4673
4725
4842
4901
4902
4949
4952
4960
4971
4982
5002
5050
5073
5098
5108
5112
5158
5171
5172
5181
5197
5239
5247
5255
5257
5261
5314
5349
5409
5435
5454
5493
5537
5601
5605
5676
5805
5857
5862
5877
5912
5925
5947
5995
6051
6087
6089
6099
6160
6255
6262
6348
6354
6356
6370
6413
6458
6515
6558
6584
6586
6604
6642
6664
6757
6796
6818
6834
6852
6901
6912
6933
6936
6958
6979
6984
6987
7005
7027
7064
7106
7139
7167
7176
7218
7223
7228
7231
7236
7238
7301
7303
7314
7330
7340
7355
7371
7387
7393
7427
7462
7478
7537
7616
7743
7999
8068
8079
8084
8086
8092
8095
8360
8371
8381
8411
8513
8601
8659
8680
8689
8699
8764
8799
8890
8916
8935
8946
8970
8990
9007
9014
9070
9097
9117
9120
9122
9136
9144
9154
9158
9175
9194
9203
9244
9291
9300
9305
9360
9512
9582
9597
9634
9637
9650
9698
9738
9763
9776
9783
9808
9842
9879
9925
9939
9977
9990
10002
10016
10030
10092
10195
10200
10206
10210
10234
10264
10303
10366
10369
10373
10406
10456
10486
10487
10512
10527
10588
10626
10640
10647
10651
10697
10731
10759
10781
10788
10800
10820
10831
10848
10860
10874
10888
10892
10918
10948
11133
11229
11251
11265
11274
11275
11282
11290
11296
11349
11371
11429
11477
11492
11547
11561
11619
11722
11742
11811
11815
11870
11944
11966
11970
11999
12005
12061
12122
12225
12394
12435
12478
12533
12640
12873
12879
12889
12890
12898
12900
12908
12913
12917
12923
12979
12985
12996
13006
13070
13091
13092
13101
13104
13118
13130
13141
13168
13202
13240
13243
13297
13301
13373
13434
13471
13506
13507
13519
13528
13597
13627
13644
13691
13905
13906
13941
13985
14098
14193
14234
14264
14278
14304
14370
14372
14478
14526
14545
14579
14581
14584
14587
14589
14592
14605
14711
14719
14769
14775
14776
14820
14831
14890
14927
14935
14956
14977
14984
15021
15110
15114
15151
15156
15158
15178
15295
15404
15426
15465
15487
15626
15694
15728
15729
15734
15821
15865
15969
16003
16119
16150
16152
16166
16322
16344
16434
16543
16640
16736
16742
16823
16858
16967
17082
17148
17171
17172
17355
17356
17358
17368
17440
17482
17488
17525
17554
17556
17586
17605
17669
17682
17699
17728
17761
17881
17953
18045
18053
18071
18149
18194
18217
18233
18255
18366
18513
18518
18548
18603
18613
18615
18619
18669
18680
18731
18735
18782
18798
18845
18866
18877
19018
19045
19087
19148
19211
19233
19239
19241
19242
19251
19266
19271
19276
19288
19309
19377
19393
19396
19449
19450
19457
19458
19484
19493
19511
19570
19622
19751
19815
19836
19929
19970
19973
19974
20070
20085
20256
20328
20343
20345
20404
20416
20428
20441
20454
20467
20486
20515
20518
20528
20633
20660
20662
20668
20677
20689
20717
20740
20741
20845
20891
21062
21288
21552
21742
22005
22070
22102
22135
22148
22210
22220
22221
22222
22254
22329
22355
22380
22421
22452
22482
22533
22536
22549
22572
22573
22575
22576
22577
22615
22657
22659
22674
22744
22753
22809
22837
22851
22852
22879
22907
22946
22965
22972
22993
23006
23028
23030
23032
23038
23243
23277
23304
23305
23306
23307
23309
23310
23313
23353
23408
23474
23563
23573
23578
23658
23749
23751
23822
23858
23942
23962
23999
24002
24040
24051
24068
24074
24084
24087
24151
24156
24168
24176
24178
24179
24181
24231
24278
24281
24505
24521
24523
24543
24569
24912
24925
24927
24965
25074
25084
25158
25178
25209
25210
25219
25229
25252
25292
25330
25338
25425
25460
25478
25556
25560
25660
25738
25781
25814
25863
25877
25894
25960
25967
26133
26159
26248
26283
26294
26298
26302
26310
26312
26355
26361
26380
26394
26544
26575
26617
26623
26645
26648
26653
26657
26699
26711
26720
26840
26894
26904
26921
26988
27045
27076
27081
27086
27093
27180
27245
27249
27275
27282
27296
27312
27337
27382
27443
27471
27542
27559
27583
27733
27751
27921
28097
28102
28141
28166
28195
28230
28231
28317
28341
28483
28513
28559
28579
28580
28652
28679
28682
28730
28771
28781
28820
28826
28831
28834
28918
29003
29045
29046
29047
29048
29092
29160
29163
29173
29241
29292
29305
29320
29321
29354
29372
29394
29414
29415
29489
29525
29570
29579
29588
29589
29629
29666
29690
29756
29771
29773
29808
29863
29961
29988
29996
29998
30009
30075
30076
30115
30121
30259
30279
30318
30342
30343
30408
30423
30437
30460
30494
30532
30581
30685
30708
30718
30722
30729
30759
30773
30782
30813
30830
30835
30837
30871
30913
30939
30948
31022
31027
31051
31077
31093
31144
31191
31199
31299
31345
31470
31475
31478
31486
31496
31526
31560
31732
31864
31884
31905
32086
32102
32120
32121
32122
32148
32191
32236
32265
32332
32337
32499
32519
32594
32615
32635
32680
32687
32759
32770
32782
32789
32886
32993
33004
33072
33108
33159
33184
33222
33262
33272
33290
33291
33349
33359
33388
33402
33431
33434
33496
33532
33602
33645
33664
33680
33690
