107,62554348.0
1912,47742482.0
2347,32987338.0
2543,32256224.0
1888,32229345.0
1800,31420161.0
1663,30737559.0
1352,30434774.0
1431,29111270.0
1199,28993915.0
1730,28904885.0
1589,28224910.0
1584,28083684.0
1746,27673286.0
1126,27225167.0
1768,27035281.0
1804,26864519.0
1833,26841469.0
2266,26764680.0
1985,26745269.0
1827,26486782.0
1390,26465833.0
1621,26463579.0
1714,26303574.0
2233,26282142.0
1086,26046018.0
1559,26026855.0
1377,25842774.0
2142,25840786.0
1078,25824122.0
1612,25821170.0
1707,25667676.0
2206,25636771.0
1613,25365104.0
1684,25321223.0
1376,25277368.0
1399,25193278.0
2218,25138693.0
2078,25123159.0
2464,25070940.0
2410,25016601.0
2229,24948189.0
2123,24922576.0
1993,24907811.0
2240,24861850.0
2507,24848712.0
2244,24814674.0
1941,24802586.0
1835,24750230.0
2340,24731207.0
2088,24604142.0
2611,24595227.0
2560,24586070.0
2309,24585802.0
2604,24581142.0
2131,24551054.0
1211,24529862.0
1610,24482416.0
2073,24461690.0
2059,24446837.0
2369,24430071.0
2590,24417334.0
2220,24404432.0
1622,24384347.0
2602,24370837.0
1391,24302384.0
2324,24276100.0
2607,24251560.0
2090,24200171.0
1983,24161522.0
2188,24157025.0
2542,24064253.0
2601,24036732.0
2201,24020649.0
2150,24009390.0
2586,24006875.0
1946,23976738.0
1516,23933047.0
1938,23914247.0
1943,23903590.0
1551,23852526.0
2118,23844635.0
2030,23782747.0
2172,23781272.0
1917,23741497.0
2331,23685979.0
1962,23676358.0
2428,23672057.0
2625,23658279.0
2624,23640898.0
2593,23563330.0
2275,23528118.0
2564,23519704.0
2064,23510050.0
2615,23494590.0
1059,23480318.0
1471,23478855.0
2290,23422403.0
2184,23414086.0
2414,23248937.0
1839,23179646.0
2103,23118705.0
2323,23096250.0
1367,23089389.0
2104,23059255.0
2271,23040221.0
946,23031794.0
2526,22984073.0
2139,22885745.0
2326,22864059.0
1185,22844892.0
1554,22827097.0
2492,22821603.0
2395,22808538.0
2600,22791430.0
2500,22781788.0
2354,22775727.0
2381,22630927.0
2409,22629262.0
2093,22617065.0
1736,22574731.0
1522,22530887.0
1984,22521368.0
1184,22519917.0
925,22504707.0
1879,22464103.0
2339,22451227.0
2356,22426882.0
2045,22421517.0
1971,22367469.0
2630,22286775.0
2376,22253333.0
2043,22242076.0
993,22192921.0
1979,22079587.0
2140,22066643.0
2033,22031318.0
2278,22024449.0
1799,21987213.0
1603,21985298.0
2553,21942130.0
2374,21940851.0
2124,21840259.0
2363,21788530.0
2655,21776364.0
2460,21749096.0
2468,21727625.0
1662,21650174.0
2190,21625736.0
2200,21622227.0
2108,21613588.0
2578,21610908.0
2638,21604778.0
2559,21592973.0
2352,21493445.0
1793,21394047.0
1966,21326779.0
2423,21318705.0
2069,21233377.0
2520,21207958.0
2619,21173544.0
2074,21124389.0
1017,21114327.0
1146,21067574.0
1076,21028328.0
2549,21015039.0
1813,21012910.0
2550,20992616.0
1557,20992129.0
1420,20974053.0
2404,20949970.0
2482,20945796.0
2037,20898154.0
2370,20866263.0
2446,20831422.0
2020,20827194.0
1331,20803749.0
1918,20802184.0
2121,20778654.0
916,20662710.0
2154,20654048.0
2112,20598261.0
1132,20548240.0
2308,20507935.0
2253,20383103.0
1717,20359680.0
1107,20354057.0
2408,20286964.0
2551,20282359.0
1669,20279501.0
2005,20248898.0
2573,20246902.0
2299,20161992.0
2561,20147102.0
1238,20135807.0
2095,20102433.0
1006,20032785.0
2276,20005638.0
2348,20000959.0
2654,19929725.0
1604,19910698.0
1335,19881261.0
1153,19877569.0
1929,19874189.0
2257,19858042.0
1222,19690459.0
1823,19644709.0
1816,19608033.0
1250,19568733.0
2433,19531752.0
1757,19526301.0
2504,19473980.0
1447,19461788.0
2359,19406095.0
1509,19354434.0
1902,19353611.0
2040,19303813.0
2083,19219732.0
1986,19206401.0
1361,19192667.0
2430,19174677.0
1791,19172537.0
2122,19093155.0
1598,19076168.0
1491,19031619.0
1488,18983198.0
1329,18876060.0
1750,18846745.0
1079,18835705.0
1849,18752140.0
1267,18745632.0
2521,18730131.0
1269,18728043.0
2386,18712795.0
2212,18697689.0
1230,18695560.0
1456,18685164.0
1256,18668218.0
1341,18660518.0
2546,18639960.0
2495,18620303.0
2307,18583462.0
1547,18571566.0
1255,18568271.0
2539,18537147.0
2063,18485560.0
2469,18423047.0
1665,18367296.0
1668,18331111.0
1117,18326901.0
2086,18311467.0
980,18284602.0
1689,18272045.0
1101,18200079.0
1175,18183087.0
2485,18116192.0
1997,18066369.0
1330,18065986.0
2115,18042523.0
2575,18040512.0
2109,17936937.0
1467,17930385.0
1683,17912174.0
1004,17860538.0
947,17859207.0
1291,17831103.0
1721,17814114.0
1608,17806062.0
2216,17729048.0
2334,17707110.0
1867,17657725.0
1842,17610501.0
1125,17526634.0
1617,17505797.0
2646,17505322.0
1172,17501928.0
1302,17460642.0
2623,17408284.0
1761,17387672.0
1520,17350199.0
966,17327894.0
2261,17314822.0
2467,17292635.0
2084,17187645.0
1868,17184830.0
1570,17183477.0
2556,17171140.0
1124,17170504.0
1752,17129328.0
2165,17089140.0
1530,17041684.0
1597,16980044.0
2046,16977249.0
2077,16955913.0
1563,16858061.0
1600,16841617.0
1735,16767745.0
1925,16717920.0
1416,16715644.0
1675,16715301.0
1243,16675495.0
2484,16652284.0
2329,16625449.0
1577,16569198.0
1620,16552786.0
1953,16552482.0
2237,16543076.0
1191,16417733.0
1370,16396045.0
2506,16289049.0
2007,16276434.0
1619,16234204.0
978,16128607.0
1809,16053727.0
2384,15997622.0
1718,15959566.0
2111,15956371.0
2579,15920777.0
1643,15883723.0
1886,15881373.0
1149,15879935.0
921,15812821.0
2098,15747652.0
2418,15684290.0
1214,15648639.0
1741,15624512.0
1712,15616950.0
953,15613735.0
1826,15572572.0
2081,15477825.0
2199,15439238.0
2306,15439005.0
2631,15424695.0
1789,15413047.0
1623,15397336.0
1810,15331654.0
1083,15300829.0
2598,15299089.0
1163,15257634.0
1339,15235103.0
2552,15073834.0
1864,15064353.0
2477,14976292.0
1128,14970437.0
1173,14934830.0
1048,14908202.0
2563,14840091.0
2328,14787512.0
1156,14781748.0
1305,14771644.0
2047,14764005.0
2054,14760266.0
2489,14707923.0
967,14703127.0
960,14681590.0
2300,14673360.0
2283,14613215.0
2087,14583413.0
2532,14519739.0
1409,14449469.0
1898,14385990.0
952,14339843.0
2336,14309297.0
1271,14306797.0
934,14284899.0
1205,14280621.0
2187,14266187.0
2333,14186801.0
1181,14178605.0
1685,14162112.0
1945,14098184.0
1289,14084056.0
2032,14055007.0
2282,14024639.0
1242,13941261.0
2153,13907582.0
2292,13781971.0
1198,13756192.0
2213,13727058.0
1637,13723284.0
1334,13700545.0
2060,13594212.0
1288,13581460.0
2056,13489916.0
2574,13487225.0
2289,13485423.0
1605,13458563.0
2510,13428438.0
1003,13424254.0
2210,13418899.0
483,13398230.0
2068,13371503.0
2138,13364642.0
1483,13363955.0
997,13340100.0
1795,13319291.0
1861,13316605.0
2511,13315831.0
1845,13312105.0
1380,13301304.0
2555,13278930.0
1344,13266734.0
2471,13201109.0
1609,13118253.0
2133,13104597.0
2183,13080312.0
1449,13080090.0
1753,13060845.0
2591,13051428.0
1819,12986332.0
2554,12919424.0
2279,12861467.0
1539,12800865.0
2224,12791381.0
2179,12769208.0
2102,12719370.0
2462,12711135.0
2392,12705779.0
2463,12653292.0
2629,12615996.0
1580,12578927.0
1272,12574729.0
999,12556211.0
2149,12505289.0
1632,12505101.0
1737,12502846.0
1290,12499990.0
1024,12480713.0
1659,12467468.0
2071,12426837.0
2461,12329333.0
2407,12289035.0
1160,12254686.0
1920,12225851.0
2509,12217805.0
2319,12215705.0
1480,12166440.0
1590,12148038.0
1388,12133657.0
2072,12119340.0
2491,12077141.0
2164,12074332.0
2592,12067110.0
1026,12065545.0
2125,12059541.0
2649,12054601.0
2117,12052943.0
1926,12043458.0
1465,12040130.0
2241,12032490.0
1312,12004032.0
2302,11986090.0
1989,11953148.0
1652,11950631.0
2567,11828976.0
1688,11774533.0
2247,11693746.0
1402,11665120.0
1287,11645554.0
2180,11639817.0
1963,11634750.0
2189,11601483.0
1049,11597044.0
2353,11580045.0
1351,11533971.0
1323,11518347.0
906,11509136.0
2196,11496824.0
2223,11475757.0
2327,11473501.0
1653,11446014.0
2039,11426062.0
1796,11388490.0
1959,11362834.0
2499,11354106.0
2174,11331223.0
2052,11307448.0
2351,11304949.0
1891,11299016.0
2294,11274564.0
1359,11272191.0
1639,11260493.0
1948,11253501.0
2053,11234546.0
2127,11144601.0
1209,11126291.0
2338,11122984.0
927,11122007.0
2268,11094085.0
2398,11072720.0
1947,11018305.0
2169,11008084.0
2194,10995132.0
1028,10956516.0
1375,10948194.0
1075,10941416.0
1614,10924083.0
2344,10917743.0
2451,10893155.0
2642,10869767.0
2617,10866145.0
2028,10838498.0
2429,10819122.0
1207,10794219.0
2512,10791029.0
1135,10773025.0
2597,10768682.0
2606,10768384.0
1538,10711804.0
1280,10648386.0
2250,10588629.0
2643,10571800.0
2372,10561494.0
2582,10534663.0
2038,10522258.0
2533,10505155.0
2478,10436812.0
2508,10402672.0
1182,10363177.0
2026,10359234.0
2332,10345156.0
1932,10174067.0
982,10157948.0
1457,10151077.0
2176,10132563.0
1782,10119878.0
136,10092321.0
1047,10066630.0
1130,10053690.0
2136,10021980.0
2055,10021937.0
2475,9987175.0
2042,9952055.0
2246,9903857.0
1877,9892898.0
2436,9891584.0
1811,9889290.0
1029,9875415.0
2419,9871610.0
2058,9860743.0
2458,9840734.0
2616,9802381.0
1470,9726237.0
1528,9661050.0
1772,9586600.0
1940,9570971.0
2203,9547292.0
1277,9537069.0
2191,9528460.0
896,9522680.0
1955,9518930.0
2608,9516843.0
2287,9514734.0
2143,9486337.0
2148,9444638.0
2588,9414112.0
1644,9395794.0
1340,9346487.0
1040,9331793.0
2273,9325857.0
1535,9302577.0
1123,9293697.0
526,9286324.0
2151,9246261.0
2135,9223795.0
2010,9175932.0
2498,9121741.0
1765,9104175.0
2377,9049055.0
2420,9013755.0
1110,9008368.0
1201,9003093.0
1074,8992458.0
1523,8974992.0
2516,8935916.0
983,8928237.0
1204,8895881.0
2134,8894311.0
2128,8889723.0
2254,8888852.0
2394,8872144.0
1219,8844130.0
1056,8831424.0
2594,8828065.0
1336,8786109.0
1542,8681768.0
2537,8592699.0
917,8585965.0
1235,8556599.0
2144,8556440.0
1723,8555199.0
1293,8546418.0
932,8535101.0
1954,8527052.0
2343,8501493.0
1104,8496569.0
2002,8492237.0
1571,8444014.0
2391,8437008.0
2132,8309951.0
1734,8300435.0
1783,8265083.0
2589,8253167.0
2536,8232797.0
1754,8231545.0
1540,8173802.0
1192,8138424.0
2267,8105944.0
1112,8088652.0
1285,8086115.0
637,8054279.0
1724,8044884.0
995,8011202.0
1459,8003907.0
1014,7933803.0
2315,7925706.0
2653,7920688.0
897,7885491.0
2368,7842199.0
1437,7825237.0
1786,7819732.0
2434,7806851.0
2839,7800795.0
1916,7741308.0
1054,7712520.0
1092,7702133.0
1195,7688349.0
1180,7670117.0
1345,7659732.0
3363,7641520.0
2472,7634583.0
1389,7629102.0
1583,7573691.0
1393,7491033.0
2399,7487930.0
2445,7429245.0
1722,7413226.0
1591,7368087.0
2161,7362956.0
484,7347477.0
1573,7338035.0
1994,7272960.0
1068,7252845.0
1939,7224594.0
2754,7218673.0
1893,7178714.0
2062,7159839.0
2264,7158225.0
3101,7104580.0
1322,7084674.0
1479,7038251.0
1227,7030669.0
1365,7018769.0
1524,6971423.0
2501,6958271.0
1485,6953767.0
3082,6947619.0
1871,6858186.0
1462,6827663.0
1661,6798323.0
1899,6744707.0
2258,6738880.0
3426,6733100.0
3291,6729488.0
2311,6724747.0
2465,6704425.0
2742,6703758.0
1832,6703358.0
3232,6692266.0
2966,6687188.0
1628,6676570.0
1742,6669754.0
1398,6663463.0
1347,6662669.0
1636,6658357.0
1596,6643231.0
1513,6639981.0
3078,6630761.0
1067,6628664.0
3397,6614134.0
2417,6613560.0
1032,6608279.0
353,6581130.0
1475,6572930.0
606,6570166.0
428,6569013.0
2877,6502789.0
1843,6460424.0
2944,6444529.0
475,6406040.0
2293,6394847.0
2101,6377069.0
1611,6366584.0
3434,6359499.0
2986,6356945.0
2669,6355420.0
1435,6349264.0
1231,6348323.0
2786,6296275.0
1532,6294146.0
1572,6280898.0
366,6277909.0
1729,6274379.0
1857,6269361.0
1298,6262367.0
1158,6258813.0
2782,6237760.0
959,6232957.0
1515,6218203.0
376,6201426.0
3320,6190506.0
3116,6185790.0
1373,6178764.0
517,6164134.0
2906,6163988.0
363,6161694.0
1460,6156034.0
2661,6152583.0
3387,6126411.0
348,6116408.0
2793,6108279.0
2956,6107857.0
2694,6083287.0
2232,6066367.0
2396,6017735.0
2215,6015379.0
3051,6012825.0
2960,6011936.0
2547,6006236.0
3280,6002506.0
2927,5994500.0
3090,5972117.0
1282,5961345.0
1715,5957147.0
2198,5953559.0
1148,5952404.0
2755,5940656.0
2304,5940593.0
1517,5933224.0
1970,5922940.0
957,5913675.0
1369,5890184.0
3026,5889840.0
2137,5889762.0
2719,5883068.0
3201,5872455.0
1502,5868970.0
2285,5866855.0
2750,5858686.0
2679,5858454.0
2863,5820867.0
1495,5819969.0
3437,5819713.0
580,5815668.0
1066,5814536.0
1358,5809067.0
2235,5794922.0
1261,5789454.0
1423,5787670.0
2609,5782986.0
1426,5778151.0
1221,5772691.0
3000,5772403.0
2385,5768991.0
1680,5767940.0
2325,5760732.0
2910,5753127.0
566,5746625.0
1863,5732688.0
1100,5730100.0
1576,5723273.0
2438,5718670.0
3033,5706430.0
2916,5702989.0
1021,5671652.0
1487,5665127.0
3330,5654437.0
3417,5651283.0
3348,5624945.0
3252,5615029.0
1237,5614082.0
2800,5612544.0
2778,5609332.0
2603,5594500.0
1284,5587196.0
1716,5566403.0
2280,5558694.0
3035,5548793.0
1536,5548533.0
2664,5537108.0
1820,5527721.0
1851,5522921.0
1894,5515664.0
2757,5509388.0
2259,5505672.0
3132,5500639.0
2777,5500506.0
1691,5500449.0
1036,5485620.0
2928,5485375.0
3022,5484568.0
3150,5469404.0
2915,5461312.0
1774,5459164.0
1405,5449005.0
1413,5441503.0
538,5427649.0
2576,5413793.0
1020,5411440.0
942,5406663.0
1427,5406279.0
2676,5404183.0
1129,5401659.0
2890,5392845.0
3351,5385320.0
2833,5377845.0
1824,5377051.0
3054,5376140.0
3226,5373385.0
1278,5364645.0
1407,5357940.0
1019,5356477.0
1273,5354366.0
1964,5353029.0
1327,5329671.0
1292,5325444.0
641,5314618.0
1060,5311255.0
1587,5303355.0
1082,5285515.0
2849,5267601.0
975,5253921.0
2243,5253846.0
2872,5248274.0
3096,5247511.0
954,5244066.0
1009,5234010.0
2387,5228443.0
2866,5226065.0
2867,5218527.0
651,5208045.0
3152,5201691.0
1844,5195895.0
2943,5194339.0
1166,5190715.0
2828,5186616.0
2716,5180023.0
2913,5170543.0
3038,5169355.0
2827,5167273.0
1448,5161615.0
3174,5160999.0
2925,5117458.0
3347,5108355.0
1257,5107188.0
2330,5103947.0
1821,5103724.0
3324,5096691.0
3339,5093887.0
1472,5093614.0
1379,5086807.0
1432,5073159.0
1574,5066763.0
2905,5065959.0
3056,5050356.0
3104,5049656.0
1320,5046727.0
1454,5038843.0
2864,5036012.0
3049,5021982.0
1099,5018825.0
1881,5018238.0
2909,5012504.0
3284,5002978.0
1655,4995580.0
1828,4995026.0
1164,4978292.0
1018,4972311.0
1404,4961721.0
1862,4953805.0
3344,4951053.0
2698,4944870.0
3195,4941722.0
1120,4937735.0
1981,4936425.0
2518,4925108.0
2920,4906809.0
3198,4894340.0
1116,4891676.0
3120,4887160.0
1080,4878664.0
1396,4871252.0
1473,4869714.0
2239,4869690.0
2862,4861291.0
1070,4856635.0
2919,4844795.0
1439,4834149.0
1303,4832251.0
1102,4832084.0
2969,4831809.0
3076,4818906.0
2449,4816293.0
2973,4810200.0
3350,4809567.0
2911,4808543.0
1720,4807760.0
1812,4788594.0
3185,4772520.0
1872,4771661.0
1647,4767383.0
2738,4763643.0
3060,4754223.0
3362,4743317.0
3277,4736762.0
902,4735085.0
1841,4730210.0
2939,4705607.0
1595,4701266.0
1859,4698279.0
981,4675782.0
2674,4671643.0
2021,4668201.0
2901,4664502.0
3267,4649676.0
1751,4645563.0
941,4642119.0
1366,4631542.0
2683,4607008.0
2951,4607002.0
1846,4603111.0
2689,4585647.0
2992,4583453.0
563,4574664.0
1338,4567076.0
2873,4566180.0
3108,4565569.0
1630,4561004.0
3064,4556311.0
2940,4552263.0
984,4548347.0
414,4546581.0
2880,4542530.0
2147,4536231.0
1873,4525636.0
3098,4518652.0
3149,4517979.0
2473,4516852.0
1732,4516108.0
3154,4514113.0
1645,4501913.0
2613,4500821.0
1556,4499949.0
3247,4490029.0
1108,4475806.0
1703,4462406.0
2869,4461791.0
1309,4461462.0
988,4459450.0
1159,4442997.0
1265,4437888.0
1229,4434468.0
3113,4432561.0
2985,4426820.0
2912,4426361.0
1039,4401113.0
2652,4400620.0
3084,4391123.0
2057,4383645.0
1706,4379124.0
2367,4377170.0
1279,4361043.0
2748,4355061.0
2991,4351643.0
3297,4335590.0
3396,4332745.0
1315,4320904.0
1702,4320046.0
3119,4317371.0
2390,4315339.0
3169,4313122.0
1882,4305010.0
1155,4303067.0
1909,4296802.0
3433,4293348.0
1122,4288596.0
1190,4286228.0
2666,4278962.0
3239,4274419.0
1392,4274178.0
1616,4260755.0
2003,4258552.0
1525,4255529.0
1382,4254268.0
3406,4247781.0
1692,4245870.0
1324,4242685.0
2974,4237369.0
2853,4237315.0
2075,4230828.0
2345,4230738.0
3070,4230559.0
3172,4226079.0
3145,4218297.0
1052,4213385.0
3335,4206606.0
3419,4201542.0
3321,4193050.0
3106,4192964.0
3182,4190622.0
1458,4189754.0
1281,4189733.0
2706,4187111.0
3115,4176732.0
1794,4176554.0
2092,4175149.0
1807,4169827.0
2479,4142968.0
2994,4137353.0
1179,4130629.0
3179,4128375.0
2781,4126290.0
1245,4125474.0
2988,4113159.0
3142,4110736.0
3146,4109697.0
1682,4108781.0
1903,4108760.0
1709,4100449.0
1217,4090477.0
1215,4089615.0
1582,4081846.0
3240,4076469.0
2815,4070973.0
3360,4069801.0
3332,4069388.0
2476,4067059.0
1504,4062111.0
1550,4056457.0
1374,4044887.0
2937,4042402.0
3017,4037345.0
2717,4035883.0
913,4019270.0
2502,4010347.0
3073,4001158.0
2904,3997056.0
2796,3995211.0
930,3993700.0
1942,3990822.0
559,3989646.0
1275,3986812.0
1848,3978723.0
1638,3964595.0
1519,3949329.0
1900,3935605.0
3381,3935471.0
3117,3931337.0
1196,3930241.0
2897,3919443.0
3004,3917566.0
1015,3916510.0
968,3910345.0
3391,3910322.0
1790,3909416.0
513,3906084.0
3293,3904772.0
3184,3892611.0
1484,3886876.0
1113,3881555.0
373,3877133.0
3065,3874845.0
2763,3871574.0
3345,3871120.0
922,3870617.0
2989,3869145.0
989,3861257.0
1876,3859758.0
1001,3854517.0
1578,3854367.0
2110,3854088.0
1115,3844286.0
3355,3843246.0
1836,3842376.0
2519,3820494.0
1429,3811427.0
2936,3807264.0
3040,3806169.0
1318,3791175.0
3047,3787476.0
2749,3782844.0
1553,3776100.0
2680,3772815.0
1923,3765366.0
3378,3765320.0
1907,3760683.0
1565,3760161.0
2810,3753866.0
2753,3748524.0
3140,3747557.0
3220,3747388.0
3206,3744057.0
412,3737773.0
1987,3737659.0
1438,3733130.0
3411,3732754.0
1091,3724942.0
2773,3716504.0
3416,3709523.0
1769,3709001.0
1051,3702473.0
1673,3697672.0
3102,3692312.0
1469,3687772.0
1349,3686348.0
1508,3685810.0
898,3680349.0
1569,3677924.0
0,3667266.0
2226,3658821.0
1635,3657598.0
2729,3655547.0
2993,3651878.0
2741,3650768.0
1063,3642846.0
561,3635386.0
3021,3628660.0
2031,3627153.0
1884,3624094.0
3085,3616790.0
2730,3615713.0
3353,3615444.0
3224,3611168.0
3029,3602694.0
1332,3599072.0
2946,3598420.0
3342,3596575.0
2945,3587346.0
1313,3580762.0
1626,3578906.0
1451,3575643.0
1911,3566307.0
936,3564488.0
2894,3557677.0
2415,3554430.0
1740,3552987.0
1771,3547952.0
1618,3541665.0
1316,3540039.0
926,3526474.0
1725,3521152.0
1744,3520588.0
2896,3516459.0
1767,3510413.0
1649,3506442.0
1114,3502883.0
1778,3502810.0
1496,3499702.0
1514,3499025.0
1677,3498988.0
3027,3497132.0
3299,3483719.0
1350,3478730.0
3364,3469894.0
1381,3469806.0
1081,3464293.0
1972,3458966.0
3274,3458878.0
2222,3458651.0
2116,3457233.0
1699,3451114.0
1482,3444240.0
1766,3443305.0
2530,3439848.0
1549,3438627.0
3002,3433399.0
1210,3430181.0
919,3428743.0
2163,3426783.0
497,3426083.0
972,3426061.0
1545,3423409.0
3386,3422413.0
3261,3419708.0
500,3414926.0
1973,3413080.0
1885,3405529.0
3158,3402969.0
1069,3401885.0
596,3388452.0
1446,3388041.0
2931,3384435.0
3265,3381614.0
1012,3378839.0
1728,3378723.0
1406,3375856.0
2529,3373705.0
2544,3371441.0
400,3369111.0
3384,3365940.0
1258,3363753.0
969,3354155.0
2765,3348756.0
2835,3346004.0
2211,3345146.0
2875,3340300.0
1897,3339527.0
1770,3320281.0
2929,3317353.0
1512,3314425.0
1085,3312134.0
492,3310579.0
3435,3290559.0
971,3289747.0
2274,3289163.0
1300,3287291.0
1529,3283802.0
1505,3283205.0
2155,3281463.0
1497,3271083.0
1170,3265237.0
3025,3264971.0
1875,3262490.0
2970,3261619.0
431,3258576.0
3288,3255848.0
3302,3254220.0
3204,3253154.0
2720,3253142.0
1444,3237115.0
465,3235794.0
1025,3234950.0
2303,3229187.0
1044,3228184.0
1259,3227443.0
524,3223804.0
1606,3220619.0
2393,3217645.0
1436,3213663.0
553,3210037.0
2681,3209840.0
1543,3206216.0
506,3203099.0
1878,3201038.0
1727,3199596.0
924,3199124.0
2743,3193863.0
948,3188047.0
2350,3187944.0
2065,3181367.0
2770,3176246.0
3052,3173676.0
1041,3160347.0
2427,3155212.0
2712,3153812.0
2806,3144459.0
1183,3138846.0
2379,3138402.0
2780,3135870.0
994,3134573.0
1260,3130682.0
438,3123638.0
2221,3122179.0
378,3120944.0
1142,3118005.0
1700,3111316.0
1764,3104221.0
2756,3092421.0
3014,3080078.0
1763,3079741.0
3089,3075111.0
1408,3073622.0
525,3071534.0
1037,3068204.0
2171,3066016.0
1534,3064427.0
2874,3062817.0
3188,3060293.0
544,3056379.0
395,3053749.0
1818,3044301.0
1679,3044180.0
1694,3039924.0
1286,3032025.0
944,3031729.0
1357,3024611.0
2610,3021606.0
2364,3019174.0
567,3017852.0
514,3008226.0
2067,3008011.0
915,3006257.0
3238,3001941.0
3111,2995098.0
391,2994892.0
436,2992373.0
374,2990573.0
2950,2984367.0
1951,2982680.0
3258,2970270.0
1355,2962634.0
3403,2960677.0
2208,2959387.0
515,2957262.0
2313,2951680.0
1592,2949702.0
1425,2947930.0
3019,2940845.0
417,2939928.0
3301,2937663.0
1995,2936994.0
2787,2936989.0
2242,2931764.0
370,2927861.0
1343,2926467.0
1686,2926431.0
1236,2924493.0
1246,2909532.0
2383,2908681.0
420,2903978.0
1507,2902750.0
1189,2900736.0
1656,2894494.0
1850,2891700.0
1666,2891440.0
3250,2890309.0
2001,2889056.0
1109,2887162.0
933,2882230.0
1226,2862120.0
1503,2855869.0
3399,2846579.0
2571,2846089.0
1634,2839003.0
2355,2838040.0
3257,2837364.0
2496,2835027.0
1695,2834211.0
3296,2831805.0
3316,2825732.0
2538,2820446.0
2640,2817740.0
3253,2811499.0
2044,2809988.0
1440,2808811.0
3366,2795683.0
2665,2794501.0
1401,2788584.0
3228,2774563.0
3214,2771528.0
507,2765437.0
3272,2761354.0
3136,2758978.0
1188,2758149.0
1805,2746433.0
1348,2736703.0
1874,2736018.0
2924,2732006.0
3287,2729304.0
3137,2729083.0
2724,2726445.0
3114,2725942.0
1758,2725219.0
976,2723789.0
1371,2723722.0
389,2722691.0
1283,2719999.0
1674,2716141.0
542,2715403.0
1624,2713529.0
2024,2712901.0
2525,2708995.0
1710,2707899.0
2850,2703885.0
3298,2703603.0
1299,2700822.0
2322,2696143.0
1095,2695266.0
2018,2693064.0
1321,2686439.0
1010,2686097.0
2209,2685210.0
2295,2681862.0
1780,2677905.0
2887,2676946.0
2284,2675405.0
1738,2675210.0
1225,2674872.0
2366,2671451.0
1337,2668650.0
2620,2665189.0
2145,2662113.0
3422,2647879.0
1489,2647489.0
1463,2646348.0
1671,2645380.0
2365,2645227.0
962,2644219.0
1167,2639189.0
1541,2636043.0
1919,2632848.0
1011,2632346.0
1927,2624067.0
1980,2619843.0
2029,2619451.0
1400,2617048.0
1870,2611945.0
1171,2611470.0
3233,2609749.0
2976,2608401.0
2234,2606051.0
1464,2604394.0
1501,2597347.0
58,2595649.0
2953,2594715.0
2645,2590236.0
3166,2590072.0
1858,2587919.0
2914,2586375.0
2637,2585088.0
1787,2584570.0
1658,2578209.0
2004,2575556.0
1660,2572617.0
1561,2569445.0
2378,2561486.0
1310,2560078.0
1998,2557653.0
2432,2554723.0
601,2552995.0
503,2550948.0
1625,2545593.0
1450,2544580.0
1785,2541824.0
1726,2539526.0
1704,2536944.0
1419,2535172.0
1304,2533546.0
3118,2532747.0
423,2528626.0
990,2526871.0
2823,2525813.0
1500,2518657.0
3005,2517226.0
2785,2516572.0
3213,2514513.0
2447,2512243.0
3034,2510629.0
3385,2509190.0
461,2508397.0
2022,2506233.0
3036,2502595.0
3079,2496457.0
2657,2486352.0
2006,2478606.0
3191,2475832.0
2459,2472481.0
3162,2472312.0
2416,2471872.0
1733,2466693.0
1131,2465297.0
591,2461734.0
1296,2460829.0
1294,2456063.0
1084,2455609.0
2009,2454665.0
1781,2453791.0
1991,2453633.0
3256,2451852.0
2583,2450043.0
1801,2449740.0
3129,2448561.0
456,2435882.0
2659,2435349.0
3304,2435252.0
1415,2433808.0
1904,2432169.0
3135,2430963.0
1646,2430551.0
1935,2430342.0
1216,2426758.0
2647,2423716.0
1773,2423465.0
1397,2421615.0
2572,2417578.0
1418,2414744.0
2159,2412429.0
408,2408616.0
1687,2405049.0
1642,2404869.0
2202,2404832.0
2648,2403650.0
1533,2403582.0
3023,2403272.0
1548,2402519.0
1306,2399813.0
2672,2399186.0
3097,2397660.0
1247,2393804.0
1906,2391312.0
1152,2389791.0
2557,2385754.0
1241,2384008.0
3107,2383754.0
2908,2380741.0
493,2380586.0
2318,2378391.0
460,2376264.0
1895,2370973.0
903,2370925.0
2249,2370054.0
2881,2369504.0
1223,2368024.0
3263,2363547.0
1831,2361958.0
1526,2361375.0
1837,2355498.0
2061,2355164.0
2027,2354382.0
419,2353494.0
3168,2350512.0
1428,2348068.0
1121,2339753.0
1914,2338254.0
3400,2336711.0
402,2335701.0
2662,2333748.0
520,2329196.0
2425,2328484.0
527,2328329.0
2708,2326983.0
2907,2323305.0
2745,2322110.0
2977,2319587.0
907,2319406.0
432,2317621.0
2296,2307686.0
963,2306406.0
1453,2305767.0
3087,2299155.0
1097,2295963.0
964,2295755.0
1681,2295691.0
992,2290660.0
1311,2287428.0
1852,2286945.0
1118,2286046.0
2406,2283360.0
2758,2282444.0
1678,2280557.0
3077,2278777.0
1452,2272454.0
2996,2270699.0
3212,2269802.0
1007,2269354.0
1035,2268734.0
2921,2264023.0
901,2262382.0
2871,2261498.0
3243,2258711.0
1815,2256518.0
1633,2255931.0
1139,2255508.0
1798,2254994.0
2673,2254542.0
1333,2245077.0
2854,2244324.0
1143,2242290.0
1106,2239087.0
1976,2230628.0
1672,2230418.0
920,2228936.0
938,2223654.0
1883,2221475.0
2225,2220910.0
1601,2220413.0
1594,2219685.0
2958,2219452.0
1378,2218246.0
3100,2215985.0
1165,2213929.0
2660,2210576.0
1830,2209561.0
1360,2207673.0
3046,2207402.0
1575,2206838.0
1880,2206610.0
991,2205874.0
2705,2205387.0
1779,2199344.0
949,2198950.0
2627,2196511.0
1667,2191725.0
3303,2190470.0
1412,2188667.0
1314,2185048.0
1921,2184562.0
1468,2182643.0
3123,2178640.0
1593,2177487.0
171,2171663.0
1239,2169961.0
1072,2168332.0
1555,2168258.0
3072,2165074.0
3327,2164194.0
1860,2159739.0
2157,2158705.0
1567,2155262.0
1568,2154196.0
404,2149979.0
1232,2145612.0
2675,2145435.0
2751,2142947.0
908,2140241.0
1481,2139267.0
1422,2138185.0
2192,2136363.0
2310,2135310.0
1743,2130155.0
3234,2127927.0
3830,2125715.0
3011,2121605.0
977,2121206.0
2585,2119985.0
1136,2118151.0
2633,2117116.0
2636,2116476.0
3295,2115250.0
2955,2113920.0
2635,2113661.0
1062,2112896.0
3596,2112837.0
2272,2110688.0
496,2110499.0
3160,2110473.0
3938,2108243.0
2011,2106501.0
1931,2104033.0
1866,2100729.0
1910,2100552.0
3177,2100349.0
2524,2099653.0
1806,2099622.0
1745,2097444.0
3412,2096560.0
1847,2092364.0
1137,2090268.0
2389,2087596.0
2783,2083020.0
2443,2078656.0
2840,2076104.0
1319,2074231.0
3207,2073956.0
3219,2073870.0
1511,2070218.0
3545,2063097.0
2126,2062675.0
2612,2060156.0
3170,2053138.0
1944,2052841.0
1228,2047287.0
2987,2046430.0
1307,2045819.0
1957,2044542.0
3365,2038539.0
3016,2036925.0
1493,2035776.0
2494,2029745.0
3203,2029103.0
1887,2028311.0
3377,2027945.0
1531,2025708.0
1650,2025422.0
3395,2024074.0
1274,2023073.0
905,2013265.0
2097,2010339.0
2932,2010095.0
3148,2008195.0
1968,2005546.0
2605,2003432.0
1537,2003314.0
1825,2001098.0
2297,2000546.0
2639,2000005.0
1411,1993452.0
1648,1993320.0
2718,1992489.0
1492,1988042.0
965,1987966.0
2761,1986484.0
537,1986199.0
1220,1983396.0
444,1981227.0
2288,1980790.0
2096,1978191.0
958,1973623.0
2731,1967747.0
951,1967145.0
3313,1966501.0
2185,1965986.0
2713,1963666.0
2454,1963256.0
1213,1957531.0
1585,1957250.0
1999,1953980.0
1042,1951044.0
1705,1948482.0
1775,1946521.0
3086,1943896.0
2305,1942263.0
3196,1941671.0
2684,1940846.0
2337,1939630.0
3163,1938555.0
3260,1937059.0
1629,1931432.0
392,1930747.0
973,1928942.0
2346,1928628.0
2658,1927616.0
940,1924620.0
604,1916665.0
2531,1916411.0
3225,1916178.0
2581,1915241.0
1064,1914292.0
1212,1911946.0
430,1911915.0
3390,1911412.0
3237,1911330.0
1187,1906868.0
2141,1905557.0
1169,1902074.0
1308,1901232.0
1803,1896813.0
669,1891169.0
1494,1890975.0
482,1887580.0
2599,1886423.0
1544,1884158.0
1853,1878005.0
1421,1877792.0
2728,1877717.0
1127,1876654.0
3369,1873281.0
2214,1872329.0
1588,1871454.0
1141,1870620.0
1747,1868738.0
3007,1865709.0
3604,1864358.0
1363,1859153.0
2362,1857437.0
3018,1855960.0
3394,1854985.0
1869,1850775.0
545,1850407.0
2361,1849387.0
1958,1847327.0
914,1844156.0
1615,1839431.0
1098,1838280.0
1698,1837138.0
2797,1836213.0
1161,1832233.0
1490,1831628.0
2701,1830011.0
2845,1829337.0
3199,1826679.0
388,1825767.0
2733,1819273.0
1433,1817055.0
2000,1814755.0
1424,1812694.0
2981,1811806.0
3346,1811666.0
3319,1808834.0
1077,1808396.0
2844,1805823.0
1385,1804123.0
1817,1801562.0
1566,1801444.0
1739,1798170.0
1901,1796900.0
1434,1794751.0
1631,1791926.0
1518,1789460.0
1317,1788623.0
3041,1786858.0
2522,1786463.0
2400,1783940.0
1441,1781914.0
3010,1780700.0
2480,1779769.0
1564,1779643.0
3633,1776697.0
1414,1770872.0
1410,1767986.0
556,1767650.0
998,1765571.0
1527,1765391.0
2891,1764127.0
2967,1760959.0
3379,1758387.0
2846,1757882.0
2715,1756798.0
1719,1755700.0
1005,1751226.0
614,1747853.0
2099,1745222.0
1697,1744715.0
3415,1743263.0
1144,1741724.0
439,1740007.0
2832,1739765.0
3341,1735716.0
1756,1732627.0
2768,1730261.0
1186,1729184.0
2892,1727508.0
3684,1725552.0
3851,1725515.0
2711,1723230.0
1784,1721461.0
2626,1713666.0
3331,1711567.0
1417,1706600.0
1244,1706031.0
1808,1704458.0
1364,1702362.0
1249,1700986.0
523,1700446.0
1328,1697129.0
3286,1690746.0
3187,1687856.0
1651,1686685.0
931,1686326.0
3062,1685429.0
2739,1684594.0
3124,1684409.0
2440,1684191.0
900,1683223.0
1829,1682927.0
2025,1682675.0
1562,1679232.0
2687,1675556.0
1913,1675521.0
3193,1675156.0
487,1674484.0
2772,1674427.0
2566,1671892.0
1013,1670572.0
2048,1670333.0
3039,1668478.0
1356,1667821.0
3020,1666802.0
1055,1666282.0
1325,1665871.0
2865,1665040.0
3259,1664150.0
1670,1662691.0
2231,1661196.0
3209,1659648.0
629,1659524.0
2085,1655329.0
3255,1652117.0
2298,1648926.0
3294,1648045.0
3262,1645093.0
1602,1640686.0
1089,1640420.0
3001,1640143.0
3756,1638760.0
479,1638174.0
2668,1637041.0
3306,1634565.0
3948,1633217.0
3080,1627764.0
1478,1625680.0
394,1624791.0
2830,1622587.0
2746,1622517.0
1952,1618764.0
1033,1616985.0
1150,1616718.0
2107,1614829.0
970,1612454.0
2775,1611305.0
3215,1611242.0
1960,1609638.0
2984,1609548.0
2829,1606942.0
1266,1605681.0
2371,1603895.0
1748,1602957.0
1174,1602172.0
2843,1598927.0
3264,1597154.0
2019,1594745.0
2435,1592536.0
1696,1589998.0
2917,1588932.0
2413,1585695.0
1506,1585441.0
3577,1581780.0
1263,1579681.0
939,1576390.0
434,1573030.0
1234,1572364.0
3380,1571377.0
2641,1569872.0
3013,1564956.0
2036,1563769.0
1498,1563597.0
387,1562739.0
1982,1562629.0
3501,1562321.0
1749,1560443.0
1928,1559663.0
1892,1558884.0
1000,1558337.0
1093,1557829.0
1676,1557086.0
3611,1554455.0
1090,1550617.0
3430,1549954.0
463,1549748.0
1905,1549269.0
1140,1548705.0
3042,1548095.0
943,1547597.0
986,1547277.0
1802,1546381.0
1641,1544749.0
2177,1544533.0
3456,1543670.0
1654,1543646.0
3337,1542248.0
2948,1538103.0
2663,1536924.0
3877,1535643.0
3421,1535265.0
2252,1535192.0
961,1533793.0
1088,1531310.0
3176,1530414.0
1197,1529058.0
3495,1528259.0
1133,1527081.0
360,1526949.0
2784,1525409.0
2317,1520548.0
974,1520373.0
3186,1519351.0
1975,1519319.0
1268,1518312.0
3734,1515533.0
2737,1513179.0
2488,1511750.0
1384,1511403.0
1178,1506916.0
1251,1504492.0
452,1504172.0
3414,1501725.0
1094,1501575.0
2448,1500494.0
3838,1497656.0
1342,1495697.0
1455,1495145.0
683,1494845.0
1599,1493085.0
3273,1491524.0
2819,1489520.0
1134,1488757.0
2836,1488034.0
2859,1485411.0
3285,1482917.0
2794,1480500.0
2228,1479021.0
1797,1478783.0
1073,1478425.0
2812,1476505.0
3800,1472599.0
2049,1467938.0
3448,1466006.0
3075,1464941.0
1103,1461922.0
1965,1460336.0
471,1458716.0
2690,1457948.0
3009,1456629.0
1461,1454536.0
3824,1454405.0
422,1451991.0
1151,1450977.0
2540,1445555.0
950,1443503.0
3223,1440671.0
2186,1440083.0
2335,1438577.0
1814,1438315.0
2474,1435659.0
1023,1433898.0
409,1433401.0
2050,1432127.0
2686,1431393.0
1445,1430724.0
1442,1429995.0
1022,1428899.0
2312,1428398.0
2091,1427990.0
1708,1427774.0
2236,1427436.0
3449,1425708.0
2291,1425103.0
3275,1423597.0
511,1412872.0
2411,1411419.0
1865,1408240.0
368,1404318.0
1477,1404050.0
3279,1403849.0
3248,1402530.0
3211,1402221.0
3032,1401812.0
2628,1401300.0
935,1400698.0
2999,1399304.0
1908,1398683.0
2702,1397186.0
2841,1393199.0
1008,1392726.0
912,1391674.0
560,1391587.0
1777,1390757.0
1058,1390426.0
1162,1388837.0
3677,1386908.0
3431,1386124.0
397,1385870.0
2397,1384685.0
1061,1384537.0
1443,1383511.0
1889,1381359.0
1855,1381008.0
923,1380517.0
1731,1380498.0
1045,1377249.0
2035,1375714.0
3221,1374933.0
1822,1373497.0
3356,1373010.0
3962,1371236.0
3804,1370059.0
2759,1369482.0
3359,1368683.0
1177,1368567.0
1203,1367614.0
2205,1367415.0
1840,1366969.0
1193,1365818.0
3289,1364954.0
1521,1363043.0
1147,1359038.0
2978,1358505.0
1154,1357622.0
2129,1357585.0
3194,1357188.0
3971,1354325.0
2813,1354258.0
3109,1352723.0
3488,1351287.0
2947,1350795.0
3202,1350315.0
1248,1349722.0
1711,1349066.0
3797,1344352.0
1262,1342784.0
2764,1342775.0
1387,1341549.0
3966,1340884.0
1640,1340785.0
928,1340401.0
1346,1340101.0
1050,1337626.0
2342,1337528.0
2762,1336528.0
2023,1335366.0
473,1335261.0
1552,1333928.0
2852,1331307.0
1372,1328772.0
1856,1328608.0
2938,1328413.0
3276,1328319.0
3231,1326008.0
1030,1325041.0
3968,1323656.0
909,1320631.0
56,1320428.0
67,1320356.0
1057,1318193.0
2779,1317895.0
2870,1317428.0
1701,1317281.0
2644,1315979.0
2965,1314795.0
1168,1313969.0
3586,1312640.0
2825,1311759.0
1664,1311299.0
1138,1310172.0
3189,1309967.0
987,1309631.0
1038,1309386.0
557,1309360.0
1218,1306159.0
1087,1305418.0
3103,1304268.0
3926,1303036.0
1579,1300312.0
2262,1299792.0
956,1298591.0
985,1297017.0
1043,1296947.0
1301,1296544.0
937,1296410.0
3192,1295060.0
1053,1293272.0
3692,1291746.0
2016,1291323.0
2795,1290648.0
3110,1287973.0
1276,1285913.0
398,1283304.0
2584,1282594.0
1297,1282571.0
1499,1282386.0
3373,1282316.0
3236,1280919.0
3081,1280689.0
1354,1280271.0
2173,1278153.0
2707,1277801.0
2868,1277544.0
3420,1275322.0
645,1275204.0
649,1273598.0
488,1272513.0
1788,1270653.0
3790,1269811.0
1896,1269578.0
945,1269274.0
979,1269126.0
3093,1268632.0
1510,1268256.0
1762,1268048.0
1792,1267529.0
2848,1265914.0
3393,1264438.0
1202,1263788.0
955,1262716.0
1368,1262716.0
1759,1262663.0
2803,1262059.0
2918,1259751.0
2809,1258850.0
1362,1258834.0
3514,1258289.0
1016,1257972.0
1403,1257972.0
2175,1257562.0
1111,1255674.0
929,1255541.0
1200,1251992.0
3058,1251656.0
1031,1250440.0
1176,1247583.0
3409,1244908.0
3576,1244752.0
2734,1243305.0
2876,1242414.0
2883,1241525.0
3404,1241355.0
996,1239717.0
1157,1238489.0
2622,1238178.0
512,1238091.0
3278,1238019.0
1690,1237659.0
2851,1237302.0
1760,1235852.0
3357,1233937.0
3902,1233692.0
3674,1233175.0
2618,1231367.0
1264,1231291.0
3069,1231197.0
3672,1230169.0
3112,1227790.0
3605,1226997.0
1755,1225385.0
1486,1224844.0
367,1224696.0
3860,1224443.0
1476,1222333.0
1254,1220477.0
1383,1218736.0
2802,1218308.0
1713,1217721.0
1295,1215644.0
1838,1213679.0
3171,1211879.0
3139,1210920.0
3842,1210076.0
3178,1207915.0
1240,1207526.0
3930,1205616.0
1034,1205458.0
3024,1202372.0
271,1199366.0
2979,1199111.0
3702,1198299.0
3307,1196355.0
3873,1196034.0
2286,1193398.0
2197,1192910.0
1395,1192233.0
3281,1192177.0
1353,1191869.0
3326,1190422.0
2207,1190257.0
1890,1188175.0
1474,1187967.0
910,1187761.0
1657,1187761.0
1776,1187761.0
3068,1186621.0
2831,1186148.0
3167,1185771.0
2995,1185197.0
2401,1185003.0
494,1184647.0
3367,1184073.0
3737,1183783.0
2807,1183473.0
1233,1183229.0
3210,1183007.0
322,1181580.0
1607,1181229.0
3640,1180383.0
2789,1177164.0
2497,1176765.0
2012,1176616.0
1546,1175854.0
1430,1173218.0
2426,1173206.0
3841,1172981.0
904,1172088.0
2964,1172026.0
1194,1169991.0
3151,1169755.0
2726,1169598.0
2089,1168221.0
3884,1167792.0
1252,1165771.0
1558,1164894.0
2568,1164229.0
3329,1164218.0
3043,1163459.0
3352,1163082.0
2735,1163076.0
3687,1162931.0
1002,1162809.0
1105,1162809.0
1065,1160792.0
1071,1160376.0
1253,1160376.0
3625,1160015.0
899,1159205.0
1693,1158911.0
122,1157771.0
1027,1156988.0
1627,1156988.0
2066,1156044.0
1208,1155943.0
3340,1155618.0
1326,1155600.0
1046,1154962.0
1586,1154962.0
2696,1154252.0
1394,1154041.0
3241,1153894.0
3651,1151799.0
21,1151730.0
1270,1151413.0
1854,1151206.0
1930,1150685.0
1224,1150199.0
3092,1149172.0
3157,1148740.0
2695,1148326.0
26,1147367.0
911,1144301.0
918,1144301.0
1096,1144301.0
1119,1144301.0
1145,1144301.0
1206,1144301.0
1386,1144301.0
1466,1144301.0
1560,1144301.0
1581,1144301.0
1834,1144301.0
3173,1141638.0
2667,1141439.0
2934,1138558.0
3312,1128449.0
570,1127971.0
3315,1124454.0
3050,1122984.0
3731,1118685.0
2990,1115630.0
3138,1115626.0
2682,1114065.0
2412,1111942.0
3943,1111775.0
3328,1110921.0
2856,1108676.0
3721,1108094.0
252,1107892.0
1988,1107687.0
2534,1105597.0
3235,1103217.0
2453,1102545.0
2766,1102061.0
3095,1101761.0
2146,1099812.0
1990,1098753.0
3410,1098201.0
548,1095814.0
446,1095453.0
2260,1095383.0
2341,1093483.0
2277,1091145.0
3528,1089954.0
3518,1089448.0
2314,1088962.0
3245,1088157.0
2888,1086765.0
1936,1086349.0
3858,1084346.0
3144,1082692.0
3249,1081865.0
2821,1081440.0
2900,1080118.0
3088,1079904.0
277,1078457.0
451,1075921.0
2270,1074031.0
2693,1070454.0
2747,1069500.0
2923,1068943.0
555,1067942.0
3521,1067426.0
3392,1067376.0
2160,1066300.0
2816,1063362.0
2818,1062967.0
3540,1056679.0
3371,1056629.0
2120,1056079.0
2248,1054374.0
3205,1054301.0
2723,1053657.0
304,1052532.0
3229,1052436.0
3525,1051580.0
2082,1051294.0
2858,1050867.0
2403,1050539.0
3057,1049278.0
2162,1048197.0
3750,1044601.0
2968,1038291.0
3475,1036618.0
3383,1036169.0
2769,1035285.0
315,1033890.0
2962,1031143.0
3048,1028895.0
3609,1028768.0
2503,1026779.0
25,1025827.0
239,1025714.0
355,1022750.0
2577,1021719.0
3557,1021301.0
2677,1017559.0
3593,1015944.0
3793,1015740.0
3300,1015350.0
2710,1013328.0
3222,1011951.0
2156,1011923.0
3358,1011577.0
2685,1011508.0
203,1004204.0
3254,1001112.0
200,1001089.0
3156,1000960.0
2744,1000479.0
2878,1000380.0
3388,1000003.0
3542,999749.0
3242,997119.0
3361,995088.0
3828,995044.0
3693,994843.0
2405,993916.0
3349,993300.0
3208,991992.0
3244,991040.0
2697,990629.0
3246,988947.0
1978,986518.0
416,986262.0
2570,985751.0
2957,985641.0
3067,985105.0
3418,983758.0
3343,983531.0
3197,981875.0
3886,979353.0
3094,977645.0
1950,976915.0
2822,976193.0
3584,975229.0
2941,973992.0
3133,971820.0
2514,971428.0
3153,969276.0
3334,968949.0
285,968536.0
9,966097.0
2193,965726.0
2523,964854.0
3292,963402.0
2942,962124.0
3506,961913.0
3906,959652.0
3578,959618.0
2801,959146.0
2837,958161.0
2791,958047.0
3480,957906.0
3440,957102.0
3402,956747.0
3015,956484.0
3758,956412.0
3924,955905.0
119,955705.0
2933,953816.0
2119,953507.0
2114,951782.0
2961,951456.0
2727,950954.0
3635,948637.0
504,948085.0
2402,946706.0
2452,944443.0
3130,940464.0
2820,940207.0
3061,939122.0
2895,937711.0
98,937618.0
3374,936504.0
2656,936295.0
3680,936169.0
3323,934490.0
2847,933283.0
3044,933198.0
2080,926126.0
3164,926107.0
3405,924601.0
2804,923635.0
2614,923223.0
565,921539.0
2811,919087.0
352,917284.0
676,915962.0
3309,914766.0
2954,914112.0
2882,913676.0
2587,913264.0
2760,912133.0
3318,910577.0
3190,909776.0
2545,908030.0
2014,907464.0
2070,907239.0
2771,906217.0
2790,903315.0
2889,903271.0
3370,900266.0
2166,898434.0
2562,897898.0
3558,896397.0
2455,896229.0
3325,896016.0
2997,895637.0
3155,894647.0
2700,894495.0
2688,892191.0
3730,890244.0
2678,889398.0
2181,889347.0
2490,888765.0
2826,887748.0
2670,887292.0
2152,885275.0
2935,882879.0
2983,882549.0
2703,882294.0
3527,881937.0
2949,879935.0
2709,877725.0
3270,877198.0
3382,874920.0
1922,873032.0
546,872308.0
188,871495.0
2959,870960.0
3471,870688.0
2972,870168.0
455,869306.0
2130,867933.0
536,867734.0
458,867352.0
3008,865962.0
2013,865436.0
1969,864892.0
2879,864378.0
3705,864333.0
2170,863241.0
3423,862794.0
3794,862565.0
170,860749.0
3314,860418.0
3951,859797.0
3159,859775.0
1934,859603.0
3283,858042.0
3831,856433.0
3697,854686.0
199,853974.0
2980,853941.0
2982,852252.0
2265,851555.0
2580,851318.0
3436,849521.0
2517,848546.0
3491,847241.0
3438,844961.0
2692,844180.0
2725,844007.0
2256,841470.0
2182,841310.0
186,840124.0
2898,839690.0
3810,838954.0
3165,838410.0
3030,835509.0
142,833782.0
3425,833168.0
3869,833165.0
2493,833019.0
3442,832644.0
3308,832604.0
3497,831545.0
3900,829500.0
3429,828749.0
2752,828259.0
2855,827591.0
3656,826451.0
2358,825944.0
3066,824509.0
415,823334.0
2424,823206.0
2486,823076.0
3105,823002.0
3833,822626.0
3741,821469.0
3099,821339.0
3266,821108.0
2699,820872.0
3217,820154.0
169,818692.0
3826,817760.0
2349,816526.0
2357,815839.0
2360,815599.0
2076,815251.0
3063,813915.0
3670,813815.0
3012,813086.0
3618,812334.0
280,809760.0
2650,809610.0
1933,809239.0
445,809017.0
2903,808777.0
3947,808428.0
2158,808427.0
332,808268.0
2884,808091.0
3175,806668.0
531,806366.0
495,806342.0
2558,806273.0
3559,806177.0
113,805985.0
2105,805527.0
3028,805309.0
2373,803394.0
2230,802276.0
3852,801097.0
3398,799862.0
3722,798728.0
3311,797412.0
2316,794945.0
2444,794719.0
2926,794172.0
3338,793951.0
3427,793951.0
418,792298.0
3568,791536.0
2320,790944.0
3269,789819.0
2442,789025.0
1977,788877.0
40,788651.0
3642,788283.0
3368,787966.0
2513,787798.0
3617,787475.0
3424,787032.0
325,786875.0
3913,786147.0
862,785595.0
2238,785555.0
421,785368.0
3161,784555.0
3462,783735.0
3083,782974.0
3389,782974.0
3629,780750.0
2217,780572.0
3455,779438.0
3486,778646.0
1992,777121.0
2466,776835.0
2834,776624.0
3829,776548.0
3845,776054.0
272,774797.0
3317,774279.0
3529,772956.0
547,772832.0
2722,771487.0
2251,771175.0
1974,770327.0
2051,767542.0
3333,767151.0
3718,766057.0
3889,765780.0
3428,762618.0
2893,760139.0
3822,760015.0
3782,759240.0
2963,756911.0
3128,756698.0
1915,755557.0
3667,755055.0
2736,754027.0
3573,753653.0
3376,753207.0
3401,753207.0
2515,753077.0
2450,753009.0
109,752012.0
2219,751963.0
323,749016.0
2860,748240.0
3305,747985.0
3707,747510.0
2651,747405.0
3569,747394.0
2886,747176.0
375,746926.0
2008,746738.0
2227,744317.0
2798,744018.0
2805,742965.0
3227,741346.0
3711,738470.0
3432,738146.0
1949,737539.0
213,735225.0
558,735155.0
3891,734245.0
3450,733694.0
3006,731213.0
3714,730984.0
2456,730960.0
3045,730938.0
3517,729965.0
3141,728508.0
3599,728218.0
2899,728070.0
3200,727716.0
2113,727521.0
2671,727433.0
2721,727433.0
2824,727433.0
3091,727433.0
3290,726157.0
3053,725886.0
2861,725340.0
3945,725198.0
2767,724902.0
3627,723270.0
1961,721422.0
3785,720482.0
3122,720096.0
3218,720096.0
3354,720096.0
2632,720064.0
3526,717753.0
2439,717706.0
3126,717617.0
3322,717617.0
3310,717376.0
2971,717329.0
3463,716957.0
3870,715635.0
3375,714897.0
2388,712959.0
3969,712688.0
3921,712097.0
3590,711421.0
2799,711138.0
3553,710644.0
425,710354.0
3336,709404.0
2998,709303.0
2548,708907.0
3251,708216.0
3059,707232.0
481,706233.0
3706,705120.0
2952,702880.0
2255,702485.0
2041,701436.0
3464,700735.0
1924,699101.0
3282,699043.0
3216,699012.0
2732,698466.0
2930,698466.0
3131,698466.0
3180,698466.0
3181,698466.0
3143,697482.0
2100,696333.0
3468,695870.0
2885,695710.0
172,695131.0
462,694949.0
342,693945.0
2838,693787.0
3003,693787.0
2375,693313.0
3728,693189.0
3550,693080.0
3125,692744.0
2902,692676.0
3372,692676.0
2528,691295.0
3835,691238.0
2714,691203.0
2301,690400.0
2535,689892.0
2776,689262.0
2263,689030.0
3764,688313.0
2621,688028.0
3713,686350.0
313,685882.0
519,685597.0
2505,684114.0
2422,682496.0
104,682245.0
3121,681282.0
2431,680231.0
2380,677551.0
3907,677016.0
3738,676433.0
3683,676220.0
3408,675655.0
3134,675620.0
3271,675552.0
3867,675375.0
3469,675028.0
2774,675006.0
3055,675006.0
3074,675006.0
3127,675006.0
2808,674700.0
3509,674480.0
2441,673189.0
118,672516.0
3740,671701.0
2704,671685.0
2740,671685.0
2817,670800.0
3147,670800.0
3452,670750.0
3413,670308.0
3710,669358.0
2975,668727.0
521,668643.0
686,668275.0
236,668033.0
3762,666004.0
426,665762.0
3485,665636.0
2922,665556.0
3643,664397.0
510,664122.0
2814,662024.0
3753,661547.0
450,661274.0
13,661132.0
3760,660564.0
3563,660511.0
860,659081.0
2857,657390.0
261,655144.0
2691,654468.0
2792,654468.0
3037,654468.0
3786,654086.0
634,653858.0
3460,653106.0
3703,653054.0
2788,652638.0
2034,651189.0
3534,650633.0
3768,650567.0
3268,650262.0
3407,650262.0
3574,648527.0
2842,647640.0
3031,647640.0
3071,647640.0
3183,647640.0
3230,647640.0
3780,647520.0
2321,646693.0
3658,645549.0
3909,645089.0
291,643878.0
3636,643799.0
1967,642418.0
2017,638667.0
3788,637954.0
2281,637884.0
2487,637884.0
1956,637599.0
2015,635348.0
3719,634190.0
128,632439.0
2634,630120.0
2245,629802.0
3821,629284.0
3591,629218.0
3654,629211.0
396,627802.0
2094,627537.0
3896,625609.0
297,625402.0
1937,625286.0
3915,624825.0
3458,624360.0
3931,618262.0
2421,616459.0
3466,616213.0
3493,616033.0
223,615971.0
2167,615718.0
3484,615646.0
3601,615239.0
1996,614997.0
2565,614997.0
3736,613336.0
354,613085.0
385,611325.0
2527,610228.0
413,608788.0
2437,606658.0
440,604793.0
2204,604146.0
3623,603966.0
2481,602389.0
3690,601901.0
2178,600895.0
3533,600764.0
2106,600371.0
3555,598307.0
359,598248.0
2168,597104.0
698,596840.0
3505,596809.0
3929,596650.0
2382,593837.0
2541,593837.0
3556,593667.0
2483,593329.0
2595,593329.0
3634,593109.0
3615,591815.0
3608,590599.0
3956,590194.0
324,589189.0
3944,588981.0
308,588964.0
2079,587550.0
2195,587550.0
2269,587550.0
2457,587550.0
2470,587550.0
2569,587550.0
2596,587550.0
3918,586294.0
141,585663.0
3443,583834.0
3761,583655.0
3825,582954.0
224,582822.0
350,582466.0
3648,582396.0
3646,581776.0
161,581697.0
3503,581689.0
3498,581112.0
3866,580992.0
569,579960.0
3832,579075.0
3512,578574.0
489,578384.0
3499,578119.0
3779,577250.0
3554,576521.0
3508,575992.0
3496,575929.0
3803,572022.0
3850,571064.0
82,571047.0
442,570972.0
3927,570947.0
508,570296.0
211,568698.0
334,567959.0
3903,566615.0
185,561350.0
3862,560854.0
3510,559979.0
3474,559079.0
3620,558100.0
232,557673.0
3802,556734.0
3735,555093.0
3976,553569.0
535,551844.0
3796,548750.0
3645,548622.0
3872,548261.0
265,546074.0
361,545770.0
3972,540581.0
3881,540392.0
3818,537551.0
3561,535194.0
3535,535110.0
62,532701.0
3752,532451.0
646,532176.0
3815,531997.0
469,529612.0
3698,529149.0
72,527959.0
3511,527679.0
362,527049.0
3817,526994.0
3855,526219.0
403,523331.0
3602,518937.0
3603,518097.0
3681,517649.0
539,516250.0
3773,515434.0
3957,514263.0
3612,513332.0
3470,510522.0
3726,507287.0
3524,506682.0
369,506338.0
3628,504365.0
3792,503792.0
3715,503156.0
3784,502478.0
828,501777.0
3564,501532.0
3937,501034.0
609,500977.0
3712,499890.0
3685,499179.0
3472,498599.0
3663,498233.0
3454,497967.0
639,497924.0
3747,497414.0
3880,496432.0
103,495640.0
339,494869.0
3459,494045.0
3836,493522.0
3769,492305.0
3755,490825.0
3791,490533.0
3933,489047.0
3940,488912.0
3763,486370.0
158,485398.0
3778,484612.0
3492,484559.0
3592,483586.0
3759,482631.0
3934,482080.0
3621,480728.0
3630,480607.0
630,478861.0
3547,478333.0
3500,477797.0
502,477778.0
3520,475996.0
248,475035.0
3895,473006.0
3776,472719.0
543,472032.0
474,471917.0
3519,470801.0
238,470048.0
3898,468948.0
134,468416.0
410,468161.0
55,466227.0
3532,465636.0
3479,464931.0
3562,464931.0
3613,464931.0
3649,464931.0
3695,464931.0
3883,464931.0
3840,462032.0
329,461000.0
3668,460605.0
3837,460441.0
3861,459669.0
3516,458726.0
857,458439.0
31,458213.0
3481,457632.0
3523,457632.0
3631,457069.0
3774,455640.0
3960,455419.0
3757,453844.0
276,452706.0
3552,452424.0
3461,451839.0
3538,450994.0
490,450980.0
3465,450407.0
3579,450407.0
303,449809.0
491,449491.0
3587,449435.0
3876,448984.0
3777,448930.0
719,448528.0
3666,448437.0
3478,448341.0
3725,448104.0
3743,448104.0
3571,447827.0
3515,446455.0
3639,446349.0
3919,446349.0
805,445594.0
405,445522.0
3594,445222.0
3964,445216.0
3920,444357.0
3868,444120.0
3483,443345.0
3975,443141.0
3614,442913.0
3967,442716.0
3708,442594.0
3482,442493.0
3823,442439.0
713,442077.0
3973,441990.0
3644,441124.0
3457,439761.0
3809,439401.0
123,439354.0
3622,438880.0
212,438861.0
3950,438339.0
3473,437948.0
3543,437041.0
3655,435997.0
3476,433262.0
3696,433229.0
705,431281.0
331,430602.0
231,429818.0
3598,428475.0
3912,428339.0
3958,427409.0
7,427381.0
3770,426974.0
678,425419.0
3739,425057.0
246,424839.0
59,424203.0
3917,423963.0
66,423383.0
3783,423073.0
3878,422674.0
3701,422322.0
3572,421751.0
3675,421620.0
3567,421073.0
3874,421073.0
3595,419979.0
3610,419773.0
3914,419589.0
823,418567.0
3843,415833.0
3522,415566.0
3827,415462.0
3583,415073.0
3767,415016.0
3765,414480.0
3892,413807.0
528,412258.0
3819,411072.0
3970,409531.0
3657,408884.0
824,408556.0
3548,408376.0
53,407168.0
3847,405645.0
3541,405447.0
3772,405185.0
3888,404703.0
587,404585.0
3507,403921.0
148,401982.0
830,401502.0
3754,400517.0
345,400116.0
3979,399419.0
290,398971.0
3795,398190.0
3857,398181.0
3936,397615.0
3766,396385.0
3,395912.0
34,395406.0
30,395174.0
620,395050.0
3641,393617.0
3671,393462.0
3662,392685.0
3502,392538.0
3581,392102.0
3834,392091.0
133,391675.0
745,390451.0
3659,389673.0
3664,389274.0
3546,389077.0
3487,388582.0
3549,388546.0
3941,388115.0
3490,387281.0
257,386692.0
3624,386032.0
3669,384145.0
3700,384145.0
3813,384145.0
3864,384145.0
3911,384145.0
3799,383636.0
79,382821.0
694,381226.0
48,381112.0
3607,380726.0
87,379988.0
697,379234.0
3539,377811.0
3686,377714.0
3977,377681.0
3723,375872.0
176,375739.0
747,375486.0
75,375229.0
3908,374496.0
156,373762.0
3871,373648.0
3863,373533.0
781,373131.0
3467,372079.0
3893,371185.0
3446,370798.0
427,370340.0
3961,370095.0
3600,370040.0
3477,369730.0
3661,369360.0
516,368475.0
671,368136.0
3901,367631.0
3928,366262.0
3839,366080.0
540,365809.0
3560,365342.0
3691,365342.0
3717,365342.0
3744,365342.0
3445,364741.0
3566,363951.0
3679,363450.0
3616,363328.0
3551,363170.0
3724,362945.0
3904,362682.0
518,362186.0
3899,361459.0
3638,360985.0
3978,360806.0
3859,360805.0
3504,360748.0
88,360727.0
3531,360642.0
3597,359407.0
3865,358808.0
357,358426.0
3805,356805.0
105,355792.0
3536,355482.0
3949,354543.0
3814,354470.0
3678,354005.0
3647,353956.0
3682,353531.0
3632,353099.0
249,352637.0
3720,352625.0
3775,352531.0
173,352388.0
242,352309.0
3905,352282.0
390,351992.0
3580,350796.0
3890,350789.0
3585,350641.0
3637,349345.0
3894,348608.0
3916,348250.0
3771,347751.0
834,347091.0
3660,346968.0
3652,346690.0
457,345907.0
3441,344861.0
346,344705.0
724,344383.0
3565,344265.0
372,344241.0
3494,343457.0
3812,343375.0
3848,343253.0
341,343094.0
3626,342549.0
3530,341526.0
3439,341497.0
3955,340600.0
132,340290.0
3932,340248.0
3694,339783.0
3789,339734.0
3882,339661.0
3923,339579.0
39,339531.0
3665,339424.0
407,339415.0
3588,338567.0
3575,337720.0
827,337418.0
3716,337358.0
3749,337236.0
3544,337193.0
94,336733.0
590,336324.0
853,336249.0
146,334905.0
204,333780.0
3910,333064.0
3447,332827.0
80,331257.0
541,330998.0
3965,330876.0
3806,330639.0
654,330492.0
3653,329815.0
3963,329545.0
3513,328998.0
3745,328998.0
3489,327782.0
3676,327782.0
3689,327298.0
3887,327202.0
554,327195.0
3781,327047.0
3946,327047.0
3844,326655.0
688,326420.0
653,326327.0
3673,326188.0
592,326134.0
3727,325716.0
3582,325284.0
3606,325014.0
1,324739.0
752,324586.0
3953,323416.0
3925,323348.0
584,323270.0
3751,322981.0
3939,322124.0
3444,321951.0
3849,321951.0
3619,321464.0
549,320895.0
3801,320328.0
3742,320310.0
3952,319936.0
3854,319659.0
3879,319659.0
3787,318997.0
85,318794.0
130,318216.0
3811,318140.0
3816,317046.0
3954,316816.0
3704,315832.0
3537,315560.0
274,314644.0
3897,314608.0
3733,314416.0
3699,314311.0
579,313743.0
470,312876.0
45,311642.0
449,311553.0
3942,311374.0
3589,310963.0
3688,310928.0
3732,310909.0
815,310883.0
258,310436.0
3959,309782.0
3922,308686.0
644,308366.0
10,308051.0
3807,307045.0
3808,305437.0
3875,305404.0
298,305059.0
302,304950.0
3885,304310.0
800,304077.0
3746,303763.0
3846,303763.0
435,302663.0
3451,302514.0
3453,302514.0
3570,302514.0
3650,302514.0
3709,302514.0
3729,302514.0
3748,302514.0
3798,302514.0
3820,302514.0
3853,302514.0
3856,302514.0
3935,302514.0
3974,302514.0
610,301294.0
680,300036.0
774,298043.0
65,297562.0
819,297528.0
92,295736.0
726,294483.0
695,293542.0
268,292519.0
703,291005.0
180,290839.0
69,290695.0
773,290298.0
314,289628.0
551,288815.0
424,287231.0
318,286573.0
299,284524.0
194,283208.0
766,282147.0
382,281735.0
842,281295.0
320,281102.0
820,281044.0
810,281034.0
101,280438.0
477,280297.0
784,280204.0
666,279123.0
222,278174.0
486,277744.0
159,276682.0
165,276515.0
184,276285.0
57,276222.0
121,275700.0
125,275073.0
266,274861.0
50,274720.0
760,274571.0
29,274471.0
780,274151.0
365,273755.0
84,273631.0
696,273140.0
281,272716.0
178,272178.0
312,271971.0
60,271676.0
41,269282.0
196,267655.0
221,267623.0
198,267592.0
284,267109.0
254,266887.0
5,264881.0
330,263263.0
618,263050.0
24,261540.0
120,261073.0
197,259940.0
728,259620.0
295,258459.0
127,258419.0
573,258236.0
509,257195.0
187,256093.0
619,255341.0
505,254425.0
115,253971.0
636,253069.0
381,252209.0
208,251964.0
459,251867.0
344,251854.0
829,250165.0
326,249894.0
251,249596.0
168,248983.0
480,248424.0
731,245205.0
754,243116.0
656,242640.0
617,242308.0
108,241831.0
433,241175.0
343,241089.0
150,241050.0
586,239305.0
22,239198.0
116,238530.0
708,237671.0
840,237489.0
214,235407.0
597,235082.0
534,234288.0
847,233931.0
16,232701.0
63,232359.0
14,228554.0
38,228473.0
677,228353.0
718,227966.0
338,227908.0
529,227792.0
144,227166.0
856,225981.0
589,225656.0
652,225406.0
673,225406.0
175,225177.0
593,224795.0
478,224005.0
20,221961.0
226,221137.0
594,220512.0
679,220143.0
137,218274.0
17,217884.0
73,216762.0
849,216540.0
814,216314.0
149,215585.0
54,215396.0
217,214716.0
380,213776.0
28,213373.0
739,213362.0
764,212849.0
19,212375.0
111,211074.0
687,210924.0
250,210798.0
260,210487.0
568,210276.0
635,209304.0
106,208821.0
616,208732.0
96,208187.0
574,207389.0
100,205924.0
140,205826.0
522,204576.0
371,203982.0
64,203697.0
189,203697.0
685,203614.0
311,203029.0
727,201802.0
845,200939.0
625,199289.0
227,199059.0
288,198557.0
605,198352.0
787,196289.0
36,196185.0
23,195502.0
2,194592.0
229,194476.0
235,194392.0
472,193953.0
310,193941.0
684,193664.0
485,193415.0
126,193318.0
817,192273.0
317,191813.0
429,191220.0
135,190739.0
309,190739.0
347,190307.0
207,189975.0
269,189932.0
99,189777.0
340,189378.0
738,189099.0
51,187428.0
83,187428.0
237,187428.0
139,187250.0
129,186969.0
163,186586.0
838,185546.0
466,185083.0
706,184790.0
598,184562.0
772,184463.0
27,184388.0
117,184265.0
300,184018.0
533,183892.0
792,183468.0
664,182896.0
270,181722.0
583,181393.0
283,181158.0
603,181082.0
77,180108.0
162,180105.0
143,179584.0
177,179107.0
578,178427.0
627,178427.0
658,178427.0
659,178427.0
662,178109.0
600,177147.0
643,177147.0
661,177147.0
615,176822.0
225,176548.0
623,175959.0
278,175160.0
670,175143.0
612,175127.0
151,175117.0
640,174507.0
599,174015.0
337,173989.0
675,173856.0
243,173165.0
848,172980.0
681,172902.0
333,172818.0
68,172601.0
663,171954.0
577,171223.0
701,170857.0
44,170823.0
93,170389.0
4,169372.0
181,169372.0
275,169372.0
632,169285.0
650,168808.0
498,168730.0
611,168332.0
626,167420.0
682,167367.0
582,166977.0
770,166828.0
78,166702.0
195,166702.0
218,166702.0
273,166702.0
306,166702.0
328,166702.0
807,166559.0
230,166008.0
336,165886.0
734,163976.0
633,163949.0
797,163746.0
131,162972.0
667,162091.0
263,161584.0
296,161584.0
588,161312.0
647,161008.0
737,160232.0
76,159995.0
294,159856.0
164,159161.0
167,159155.0
86,159025.0
124,158626.0
595,157676.0
655,157659.0
102,157637.0
89,157550.0
319,157550.0
835,157511.0
711,157498.0
152,157361.0
631,156442.0
32,155555.0
307,155142.0
202,155008.0
234,153966.0
8,153386.0
91,153386.0
259,153386.0
46,153343.0
220,152519.0
262,152519.0
289,151825.0
571,151575.0
709,150759.0
437,150670.0
191,150626.0
665,150624.0
245,150220.0
6,148962.0
147,148962.0
575,148899.0
95,148268.0
153,148192.0
166,148111.0
219,147574.0
741,147319.0
748,147156.0
206,147050.0
844,146916.0
448,146464.0
110,146056.0
192,146056.0
264,146056.0
190,146051.0
193,145362.0
562,145064.0
349,144722.0
301,144651.0
777,144599.0
321,143714.0
622,143516.0
240,143478.0
201,143150.0
758,143031.0
174,142456.0
327,142456.0
228,141507.0
305,141502.0
61,141285.0
778,140699.0
112,140591.0
155,140591.0
293,140591.0
247,140348.0
81,139009.0
183,138948.0
831,138476.0
267,138379.0
71,138162.0
138,138032.0
49,137945.0
97,137815.0
253,137815.0
316,137657.0
693,137349.0
279,137338.0
35,136644.0
157,136080.0
779,136063.0
762,135945.0
182,135733.0
70,135603.0
160,135478.0
755,135407.0
216,135256.0
179,135039.0
154,134562.0
52,134215.0
205,134215.0
241,133868.0
255,133868.0
47,133632.0
286,133529.0
90,133521.0
145,133521.0
576,133316.0
33,133174.0
42,133174.0
233,133174.0
244,133174.0
256,133174.0
282,133174.0
672,132518.0
803,131837.0
722,131429.0
809,131360.0
11,131309.0
12,131309.0
15,131309.0
18,131309.0
37,131309.0
43,131309.0
74,131309.0
114,131309.0
209,131309.0
210,131309.0
215,131309.0
287,131309.0
292,131309.0
335,131309.0
532,128657.0
406,128639.0
530,127711.0
364,127149.0
564,126116.0
783,125576.0
657,124975.0
794,124957.0
720,124955.0
399,124744.0
441,124744.0
501,124744.0
751,124454.0
383,123017.0
393,122106.0
628,121767.0
793,121448.0
464,121401.0
795,120361.0
769,118884.0
476,118546.0
843,118107.0
384,115487.0
552,115487.0
765,114929.0
351,113947.0
723,113783.0
837,112369.0
453,109367.0
467,108885.0
572,108885.0
715,108433.0
730,107928.0
753,107352.0
499,106826.0
759,106637.0
621,106099.0
454,105799.0
356,104919.0
386,104719.0
826,104315.0
411,104305.0
379,103118.0
443,101906.0
468,101906.0
377,101518.0
401,101433.0
358,99603.0
447,99603.0
550,99603.0
763,98939.0
756,98039.0
818,91666.0
799,91478.0
836,90532.0
690,90420.0
804,88394.0
716,87629.0
761,86456.0
812,85382.0
821,82109.0
660,81535.0
880,81129.0
710,80447.0
813,78593.0
811,77968.0
742,75066.0
648,74668.0
736,73397.0
808,70327.0
729,70226.0
581,69863.0
642,69863.0
700,69205.0
782,68523.0
771,68507.0
850,68478.0
585,68328.0
602,68328.0
607,68328.0
608,68328.0
613,68328.0
624,68328.0
638,68328.0
668,68328.0
674,68328.0
768,67871.0
851,66759.0
833,66715.0
846,65861.0
822,62626.0
733,61275.0
721,60808.0
740,60476.0
839,60349.0
816,59189.0
789,58608.0
806,58480.0
714,58350.0
786,58223.0
746,58204.0
798,57854.0
735,56654.0
712,56212.0
732,55796.0
825,54252.0
776,51253.0
707,49818.0
725,47727.0
796,47581.0
689,46765.0
767,46111.0
702,45896.0
790,45688.0
791,45139.0
704,45050.0
854,42736.0
691,42599.0
802,41313.0
889,40680.0
869,39850.0
832,38980.0
788,38301.0
890,38154.0
757,36934.0
863,36793.0
876,36793.0
861,36379.0
785,36114.0
743,35782.0
750,35661.0
878,35179.0
744,34765.0
717,34191.0
852,34191.0
855,34191.0
888,33680.0
865,33480.0
868,33480.0
699,33451.0
841,32232.0
749,31535.0
775,31535.0
882,31409.0
692,30813.0
801,30813.0
3980,27663.0
886,26171.0
871,22765.0
864,22277.0
885,21263.0
893,21089.0
867,20508.0
872,19475.0
874,19475.0
881,18579.0
870,18511.0
873,18306.0
887,18306.0
895,17546.0
879,17472.0
858,16587.0
866,15771.0
877,15696.0
884,15267.0
894,14738.0
4031,14460.0
4030,14110.0
4023,13858.0
859,12882.0
3982,12076.0
3989,11470.0
875,11441.0
883,11441.0
891,11441.0
892,11441.0
4011,11410.0
3998,11136.0
4014,11014.0
3997,10884.0
3994,10471.0
4021,10467.0
4009,10172.0
4004,9519.0
4026,8984.0
4038,8960.0
3986,8866.0
4019,8626.0
4018,8567.0
3981,8453.0
3995,8343.0
4017,8158.0
4000,8040.0
4020,8032.0
4002,7725.0
3988,7619.0
4013,7524.0
4003,7379.0
3993,6793.0
3985,6380.0
4027,6372.0
4037,5782.0
3991,5313.0
3996,4956.0
3999,4893.0
3992,4830.0
4005,4830.0
4033,4830.0
4034,4830.0
3990,4480.0
4007,4480.0
4016,4480.0
4025,4480.0
3983,4295.0
4006,4181.0
4032,4181.0
4028,4000.0
4036,4000.0
3987,3882.0
4001,3882.0
4012,3882.0
4029,3882.0
3984,3760.0
4008,3760.0
4010,3760.0
4015,3760.0
4022,3760.0
4024,3760.0
4035,3760.0
