0,7066.0
1,1176.83333333
2,1176.83333333
3,882.375
4,1176.83333333
5,1008.57142857
6,7066.0
7,641.454545455
8,1765.75
9,3532.5
10,7066.0
11,1765.75
12,2354.66666667
13,7066.0
14,503.785714286
15,1765.75
16,7066.0
17,7066.0
18,7066.0
19,7066.0
20,7066.0
21,1412.4
22,7066.0
23,7066.0
24,7066.0
25,7066.0
26,3532.5
27,3532.5
28,7066.0
29,7066.0
30,3532.5
31,7066.0
32,7066.0
33,7066.0
34,7066.0
35,1765.75
36,3532.5
37,7066.0
38,1176.83333333
39,3532.5
40,2354.66666667
41,1412.4
42,7066.0
43,7066.0
44,7066.0
45,3532.5
46,7066.0
47,7066.0
48,7066.0
49,7066.0
50,7066.0
51,3532.5
52,7066.0
53,7066.0
54,3532.5
55,1412.4
56,1176.83333333
57,7066.0
58,7066.0
59,7066.0
60,7066.0
61,3532.5
62,7066.0
63,7066.0
64,3532.5
65,7066.0
66,7066.0
67,3532.5
68,7066.0
69,3532.5
70,7066.0
71,1765.75
72,3532.5
73,7066.0
74,7066.0
75,7066.0
76,7066.0
77,3532.5
78,2354.66666667
79,1765.75
80,2354.66666667
81,7066.0
82,3532.5
83,7066.0
84,7066.0
85,7066.0
86,7066.0
87,7066.0
88,3532.5
89,7066.0
90,7066.0
91,7066.0
92,7066.0
93,1412.4
94,1412.4
95,7066.0
96,7066.0
97,3532.5
98,7066.0
99,7066.0
100,3532.5
101,1008.57142857
102,7066.0
103,3532.5
104,7066.0
105,7066.0
106,7066.0
107,7066.0
108,7066.0
109,3532.5
110,3532.5
111,1765.75
112,2354.66666667
113,2354.66666667
114,7066.0
115,7066.0
116,7066.0
117,7066.0
118,7066.0
119,3532.5
120,2354.66666667
121,3530.5
122,7066.0
123,7066.0
124,2354.66666667
125,1765.75
126,7066.0
127,3532.5
128,7066.0
129,7066.0
130,7066.0
131,3532.5
132,7066.0
133,7066.0
134,7066.0
135,7066.0
136,7066.0
137,2354.66666667
138,7066.0
139,2354.66666667
140,3532.5
141,7066.0
142,7066.0
143,7066.0
144,7066.0
145,7066.0
146,7066.0
147,7066.0
148,7066.0
149,7066.0
150,7066.0
151,7066.0
152,3532.5
153,7066.0
154,1176.83333333
155,7066.0
156,7066.0
157,7066.0
158,7066.0
159,7066.0
160,7066.0
161,7066.0
162,7066.0
163,7066.0
164,7066.0
165,7066.0
166,7066.0
167,7066.0
168,7066.0
169,7066.0
170,7066.0
171,3532.5
172,7066.0
173,7066.0
174,7066.0
175,7066.0
176,2354.66666667
177,352.35
178,7066.0
179,7066.0
180,3532.5
181,7066.0
182,7066.0
183,7066.0
184,7066.0
185,7066.0
186,7066.0
187,3532.5
188,2354.66666667
189,7066.0
190,2354.66666667
191,7066.0
192,7066.0
193,3532.5
194,7066.0
195,7066.0
196,2354.66666667
197,1412.4
198,7066.0
199,3532.5
200,7066.0
201,7066.0
202,7066.0
203,7066.0
204,7066.0
205,7066.0
206,3532.5
207,784.222222222
208,7066.0
209,7066.0
210,7066.0
211,3532.5
212,3532.5
213,3532.5
214,7066.0
215,7066.0
216,2354.66666667
217,3532.5
218,7066.0
219,3532.5
220,1765.75
221,7066.0
222,7066.0
223,7066.0
224,7066.0
225,1176.83333333
226,3532.5
227,7066.0
228,7066.0
229,7066.0
230,1176.83333333
231,7066.0
232,7066.0
233,7066.0
234,2354.66666667
235,7066.0
236,3532.5
237,7066.0
238,7066.0
239,3532.5
240,7066.0
241,7066.0
242,7066.0
243,3532.5
244,7066.0
245,7066.0
246,7066.0
247,1176.83333333
248,7066.0
249,3532.5
250,3532.5
251,3532.5
252,1765.75
253,3532.5
254,7066.0
255,1765.75
256,7066.0
257,1765.75
258,3532.5
259,3532.5
260,2354.66666667
261,882.375
262,7066.0
263,7066.0
264,2354.66666667
265,7066.0
266,7066.0
267,7066.0
268,3532.5
269,7066.0
270,7066.0
271,2354.66666667
272,7066.0
273,3532.5
274,3532.5
275,7066.0
276,7066.0
277,3532.5
278,7066.0
279,7066.0
280,3532.5
281,3532.5
282,3532.5
283,7066.0
284,7066.0
285,3532.5
286,7066.0
287,7066.0
288,7066.0
289,7066.0
290,2354.66666667
291,7066.0
292,7066.0
293,3532.5
294,7066.0
295,7066.0
296,7066.0
297,3532.5
298,7066.0
299,3532.5
300,7066.0
301,7066.0
302,7066.0
303,7066.0
304,3532.5
305,7066.0
306,7066.0
307,1412.4
308,3532.5
309,3532.5
310,7066.0
311,2354.66666667
312,7066.0
313,3532.5
314,3532.5
315,7066.0
316,7066.0
317,3532.5
318,7066.0
319,7066.0
320,1765.5
321,7066.0
322,1765.75
323,7066.0
324,3532.5
325,3532.5
326,234.566666667
327,3532.5
328,2354.66666667
329,7066.0
330,7066.0
331,1765.75
332,2354.66666667
333,3532.5
334,7066.0
335,3532.5
336,3532.5
337,7066.0
338,7066.0
339,2354.66666667
340,7066.0
341,7066.0
342,3532.5
343,2354.66666667
344,1412.4
345,3532.5
346,1765.75
347,3532.5
348,2354.66666667
349,1412.4
350,7066.0
351,3532.5
352,2354.66666667
353,7066.0
354,7066.0
355,3532.5
356,3532.5
357,7066.0
358,7066.0
359,7066.0
360,7066.0
361,7066.0
362,7066.0
363,7066.0
364,7066.0
365,7066.0
366,7066.0
367,7066.0
368,3532.5
369,3532.5
370,7066.0
371,1412.4
372,7066.0
373,7066.0
374,7066.0
375,7066.0
376,7066.0
377,3532.5
378,7066.0
379,7066.0
380,2354.66666667
381,3532.5
382,7066.0
383,3532.5
384,3532.5
385,3532.5
386,7066.0
387,7066.0
388,3532.5
389,7066.0
390,7066.0
391,3532.5
392,3532.5
393,3532.5
394,3532.5
395,7066.0
396,1765.75
397,2354.66666667
398,1765.75
399,2354.66666667
400,3532.5
401,1412.4
402,705.7
403,7066.0
404,7066.0
405,7066.0
406,7066.0
407,7066.0
408,7066.0
409,470.133333333
410,1412.4
411,1008.57142857
412,7066.0
413,1412.4
414,7066.0
415,3532.5
416,1765.75
417,7066.0
418,7066.0
419,7066.0
420,7066.0
421,3532.5
422,7066.0
423,1765.75
424,1765.75
425,7066.0
426,3532.5
427,7066.0
428,7066.0
429,7066.0
430,7066.0
431,7066.0
432,882.375
433,3532.5
434,7066.0
435,1176.83333333
436,7066.0
437,7066.0
438,7066.0
439,1765.75
440,3532.5
441,7066.0
442,7066.0
443,2354.66666667
444,7066.0
445,7066.0
446,7066.0
447,3532.5
448,7066.0
449,3532.5
450,7066.0
451,3532.5
452,7066.0
453,1765.75
454,7066.0
455,1008.57142857
456,7066.0
457,7066.0
458,7066.0
459,7066.0
460,7066.0
461,7066.0
462,7066.0
463,7066.0
464,1765.75
465,7066.0
466,7066.0
467,7066.0
468,7066.0
469,7066.0
470,7066.0
471,7066.0
472,2354.66666667
473,7066.0
474,7066.0
475,3532.5
476,784.222222222
477,7066.0
478,1412.4
479,7066.0
480,7066.0
481,7066.0
482,7066.0
483,2354.66666667
484,7066.0
485,7066.0
486,7066.0
487,7066.0
488,281.68
489,7066.0
490,3532.5
491,1765.75
492,7066.0
493,3532.5
494,2354.66666667
495,3532.5
496,3532.5
497,7066.0
498,7066.0
499,7066.0
500,2354.66666667
501,7066.0
502,3532.5
503,7066.0
504,2354.66666667
505,3532.5
506,7066.0
507,2354.66666667
508,7066.0
509,1765.75
510,2354.66666667
511,1176.83333333
512,3532.5
513,7066.0
514,7066.0
515,2354.66666667
516,7066.0
517,3532.5
518,7066.0
519,7066.0
520,2354.66666667
521,1412.4
522,1765.75
523,7066.0
524,3532.5
525,7066.0
526,7066.0
527,7066.0
528,7066.0
529,2354.66666667
530,2354.66666667
531,3532.5
532,7066.0
533,7066.0
534,7066.0
535,2354.66666667
536,7066.0
537,2354.66666667
538,3532.5
539,7066.0
540,1765.75
541,7066.0
542,7066.0
543,7066.0
544,7066.0
545,2354.66666667
546,7066.0
547,2354.66666667
548,7066.0
549,2354.66666667
550,7066.0
551,7066.0
552,7066.0
553,2354.66666667
554,7066.0
555,2354.66666667
556,7066.0
557,7066.0
558,2354.66666667
559,1765.75
560,7066.0
561,7066.0
562,3532.5
563,3532.5
564,3532.5
565,7066.0
566,3532.5
567,2354.66666667
568,3532.5
569,1765.75
570,3532.5
571,7066.0
572,3532.5
573,2354.66666667
574,7066.0
575,7066.0
576,7066.0
577,2354.66666667
578,7066.0
579,2354.66666667
580,7066.0
581,7066.0
582,7066.0
583,7066.0
584,1765.75
585,7066.0
586,3532.5
587,7066.0
588,882.375
589,3532.5
590,7066.0
591,1176.83333333
592,3532.5
593,7066.0
594,2354.66666667
595,7066.0
596,7066.0
597,7066.0
598,3532.5
599,3532.5
600,3532.5
601,1008.57142857
602,7066.0
603,7066.0
604,7066.0
605,3532.5
606,1765.75
607,3532.5
608,7066.0
609,7066.0
610,7066.0
611,1765.75
612,7066.0
613,7066.0
614,2354.66666667
615,7066.0
616,3532.5
617,3532.5
618,3532.5
619,7066.0
620,3532.5
621,7066.0
622,3532.5
623,7066.0
624,7066.0
625,3532.5
626,3532.5
627,7066.0
628,3532.5
629,7066.0
630,7066.0
631,3532.5
632,3532.5
633,1412.4
634,7066.0
635,3532.5
636,7066.0
637,1765.75
638,7066.0
639,7066.0
640,7066.0
641,7066.0
642,3532.5
643,1765.75
644,7066.0
645,1176.83333333
646,3532.5
647,3532.5
648,7066.0
649,2354.66666667
650,1412.4
651,2354.66666667
652,3532.5
653,7066.0
654,7066.0
655,7066.0
656,260.740740741
657,2354.66666667
658,3532.5
659,3532.5
660,3532.5
661,7066.0
662,7066.0
663,1765.75
664,3532.5
665,2354.66666667
666,784.222222222
667,7066.0
668,7066.0
669,3532.5
670,1412.4
671,7066.0
672,3532.5
673,7066.0
674,3532.5
675,7066.0
676,7066.0
677,7066.0
678,7066.0
679,1176.83333333
680,7066.0
681,7066.0
682,2354.66666667
683,7066.0
684,7066.0
685,7066.0
686,213.151515152
687,3532.5
688,3532.5
689,7066.0
690,2354.66666667
691,1765.75
692,7066.0
693,2354.66666667
694,3532.5
695,2354.66666667
696,1412.4
697,1008.57142857
698,1765.75
699,1412.4
700,7066.0
701,3532.5
702,7066.0
703,7066.0
704,7066.0
705,1765.75
706,2354.66666667
707,3532.5
708,3532.5
709,3532.5
710,7066.0
711,784.222222222
712,641.454545455
713,7066.0
714,7066.0
715,7066.0
716,1412.4
717,2354.66666667
718,3532.5
719,2354.66666667
720,7066.0
721,7066.0
722,7066.0
723,7066.0
724,3532.5
725,3532.5
726,3532.5
727,2354.66666667
728,2354.66666667
729,3532.5
730,2354.66666667
731,7066.0
732,7066.0
733,2354.66666667
734,1412.4
735,3532.5
736,2354.66666667
737,2354.66666667
738,7066.0
739,7066.0
740,7066.0
741,3532.5
742,7066.0
743,3532.5
744,2354.66666667
745,2354.66666667
746,7066.0
747,7066.0
748,1765.75
749,2354.66666667
750,7066.0
751,7066.0
752,3532.5
753,7066.0
754,1765.75
755,3532.5
756,1412.4
757,3532.5
758,3532.5
759,7066.0
760,1008.57142857
761,7066.0
762,2354.66666667
763,3532.5
764,3532.5
765,3532.5
766,3532.5
767,1412.4
768,7066.0
769,7066.0
770,3532.5
771,7066.0
772,1765.75
773,7066.0
774,7066.0
775,3532.5
776,3532.5
777,3532.5
778,7066.0
779,7066.0
780,1765.75
781,3532.5
782,1412.4
783,7066.0
784,1176.83333333
785,3532.5
786,3532.5
787,7066.0
788,2354.66666667
789,3532.5
790,2354.66666667
791,1412.4
792,7066.0
793,3532.5
794,7066.0
795,1765.75
796,7066.0
797,7066.0
798,3532.5
799,3532.5
800,3532.5
801,3532.5
802,7066.0
803,3532.5
804,7066.0
805,3532.5
806,7066.0
807,2354.66666667
808,3532.5
809,2354.66666667
810,3532.5
811,2354.66666667
812,3532.5
813,7066.0
814,7066.0
815,7066.0
816,3532.5
817,3532.5
818,3532.5
819,2354.66666667
820,7066.0
821,7066.0
822,7066.0
823,7066.0
824,7066.0
825,3532.5
826,7066.0
827,1765.75
828,1008.57142857
829,3532.5
830,7066.0
831,705.7
832,2354.66666667
833,440.6875
834,2354.66666667
835,3532.5
836,3532.5
837,7066.0
838,7066.0
839,3532.5
840,3532.5
841,2354.66666667
842,1412.4
843,3532.5
844,3532.5
845,3532.5
846,2354.66666667
847,3532.0
848,7066.0
849,7066.0
850,7066.0
851,7066.0
852,7066.0
853,3532.5
854,7066.0
855,7066.0
856,3532.5
857,3532.5
858,3532.5
859,1412.4
860,1412.4
861,3532.5
862,7066.0
863,3532.5
864,3532.5
865,7066.0
866,7066.0
867,7066.0
868,3532.5
869,3532.5
870,7066.0
871,1412.4
872,3532.5
873,2354.66666667
874,1176.83333333
875,7066.0
876,3532.5
877,7066.0
878,7066.0
879,2354.66666667
880,7066.0
881,2354.66666667
882,3532.5
883,1412.4
884,542.615384615
885,7066.0
886,3532.5
887,7066.0
888,3532.5
889,1765.75
890,7066.0
891,7066.0
892,7066.0
893,7066.0
894,7066.0
895,1765.75
896,2354.66666667
897,7066.0
898,3532.5
899,7066.0
900,7066.0
901,1765.75
902,1412.4
903,2354.66666667
904,7066.0
905,1412.4
906,7066.0
907,1176.83333333
908,7066.0
909,7066.0
910,1765.75
911,3532.5
912,7066.0
913,7066.0
914,7066.0
915,7066.0
916,7066.0
917,7066.0
918,7066.0
919,2354.33333333
920,7066.0
921,1765.75
922,7066.0
923,7066.0
924,7066.0
925,7066.0
926,391.611111111
927,3532.5
928,7066.0
929,3532.5
930,1765.75
931,7066.0
932,1765.75
933,2354.66666667
934,3532.5
935,1765.75
936,7066.0
937,1765.75
938,2354.66666667
939,1765.75
940,3532.5
941,7066.0
942,3532.5
943,1765.75
944,3532.5
945,2354.66666667
946,1412.4
947,7066.0
948,3532.5
949,7066.0
950,3532.5
951,3532.5
952,7066.0
953,7066.0
954,3532.5
955,3532.5
956,7066.0
957,2354.66666667
958,7066.0
959,7066.0
960,3532.5
961,7066.0
962,2354.66666667
963,7066.0
964,7066.0
965,2354.66666667
966,7066.0
967,7066.0
968,3532.5
969,7066.0
970,2354.66666667
971,3532.5
972,3532.5
973,1008.57142857
974,3532.5
975,7066.0
976,2354.66666667
977,7066.0
978,7066.0
979,7066.0
980,7066.0
981,7066.0
982,3532.5
983,3532.5
984,2354.66666667
985,1765.75
986,3532.5
987,7066.0
988,2354.66666667
989,3532.5
990,3532.5
991,7066.0
992,2354.66666667
993,3532.5
994,2354.66666667
995,3532.5
996,7066.0
997,2354.66666667
998,7066.0
999,7066.0
1000,7066.0
1001,2354.66666667
1002,1765.75
1003,2354.66666667
1004,1412.4
1005,2354.66666667
1006,2354.66666667
1007,7066.0
1008,2354.66666667
1009,7066.0
1010,3532.5
1011,882.375
1012,3532.5
1013,3532.5
1014,3532.5
1015,2354.66666667
1016,1765.75
1017,7066.0
1018,1176.83333333
1019,2354.66666667
1020,1765.75
1021,7066.0
1022,3532.5
1023,7066.0
1024,7066.0
1025,3532.5
1026,1176.83333333
1027,3532.5
1028,3532.5
1029,1412.4
1030,882.375
1031,3532.5
1032,1765.75
1033,7066.0
1034,7066.0
1035,7066.0
1036,3532.5
1037,3532.5
1038,2354.66666667
1039,3532.5
1040,7066.0
1041,7066.0
1042,7066.0
1043,3532.5
1044,3532.5
1045,3532.5
1046,7066.0
1047,7066.0
1048,7066.0
1049,7066.0
1050,7066.0
1051,3532.5
1052,3532.5
1053,7066.0
1054,7066.0
1055,2354.66666667
1056,1412.4
1057,7066.0
1058,7066.0
1059,7066.0
1060,2354.66666667
1061,7066.0
1062,3532.5
1063,3532.5
1064,3532.5
1065,1176.83333333
1066,7066.0
1067,7066.0
1068,3532.5
1069,7066.0
1070,3532.5
1071,3532.5
1072,1176.83333333
1073,1765.75
1074,7066.0
1075,3532.5
1076,7066.0
1077,2354.66666667
1078,3532.5
1079,7066.0
1080,1412.2
1081,1765.75
1082,3532.5
1083,7066.0
1084,1765.75
1085,7066.0
1086,3532.5
1087,2354.66666667
1088,7066.0
1089,2354.66666667
1090,1412.4
1091,1765.75
1092,7066.0
1093,7066.0
1094,7066.0
1095,7066.0
1096,7066.0
1097,7066.0
1098,7066.0
1099,1176.83333333
1100,3532.5
1101,7066.0
1102,7066.0
1103,3532.5
1104,7066.0
1105,1412.4
1106,7066.0
1107,705.7
1108,3532.5
1109,3532.5
1110,2354.66666667
1111,1412.4
1112,1765.75
1113,7066.0
1114,7066.0
1115,7066.0
1116,7066.0
1117,3532.5
1118,7066.0
1119,7066.0
1120,2354.66666667
1121,3532.5
1122,3532.5
1123,3532.5
1124,3532.5
1125,3532.5
1126,7066.0
1127,3532.5
1128,7066.0
1129,2354.66666667
1130,7066.0
1131,3532.5
1132,7066.0
1133,7066.0
1134,7066.0
1135,3532.5
1136,1176.83333333
1137,7066.0
1138,7066.0
1139,3532.5
1140,7066.0
1141,542.615384615
1142,3532.5
1143,7066.0
1144,882.375
1145,3532.5
1146,1765.75
1147,7066.0
1148,7066.0
1149,7066.0
1150,1412.4
1151,2354.66666667
1152,7066.0
1153,7066.0
1154,3532.5
1155,7066.0
1156,7066.0
1157,1765.75
1158,7066.0
1159,7066.0
1160,3532.5
1161,3532.5
1162,1765.75
1163,3532.5
1164,7066.0
1165,7066.0
1166,3532.5
1167,7066.0
1168,7066.0
1169,7066.0
1170,7066.0
1171,1765.75
1172,3532.5
1173,7066.0
1174,3532.5
1175,7066.0
1176,3532.5
1177,3532.5
1178,3532.5
1179,1765.75
1180,2354.66666667
1181,2354.66666667
1182,7066.0
1183,2354.66666667
1184,7066.0
1185,7066.0
1186,7066.0
1187,2354.66666667
1188,7066.0
1189,7066.0
1190,7066.0
1191,7066.0
1192,7066.0
1193,7066.0
1194,7066.0
1195,7066.0
1196,2354.66666667
1197,3532.5
1198,2354.66666667
1199,7066.0
1200,1412.4
1201,1412.4
1202,7066.0
1203,7066.0
1204,3532.5
1205,7066.0
1206,7066.0
1207,7066.0
1208,7066.0
1209,3532.5
1210,3532.5
1211,7066.0
1212,2354.66666667
1213,2354.66666667
1214,3532.5
1215,7066.0
1216,3532.5
1217,2354.66666667
1218,1765.75
1219,7066.0
1220,1412.4
1221,1765.75
1222,3532.5
1223,3532.5
1224,335.523809524
1225,1412.4
1226,3532.5
1227,2354.66666667
1228,2354.66666667
1229,882.375
1230,3532.5
1231,7066.0
1232,7066.0
1233,7066.0
1234,7066.0
1235,7066.0
1236,7066.0
1237,3532.5
1238,7066.0
1239,7066.0
1240,1176.83333333
1241,7066.0
1242,7066.0
1243,7066.0
1244,7066.0
1245,7066.0
1246,2354.66666667
1247,1176.83333333
1248,7066.0
1249,3532.5
1250,7066.0
1251,3532.5
1252,7066.0
1253,3532.5
1254,7066.0
1255,7066.0
1256,3532.5
1257,3532.5
1258,882.375
1259,1412.4
1260,3532.5
1261,1412.4
1262,7066.0
1263,7066.0
1264,7066.0
1265,7066.0
1266,7066.0
1267,7066.0
1268,3532.5
1269,3532.5
1270,7066.0
1271,3532.5
1272,7066.0
1273,7066.0
1274,1765.75
1275,2354.66666667
1276,3532.5
1277,2354.66666667
1278,7066.0
1279,2354.66666667
1280,3532.5
1281,7066.0
1282,2354.66666667
1283,7066.0
1284,1176.83333333
1285,7066.0
1286,1765.75
1287,7066.0
1288,7066.0
1289,3532.5
1290,2354.66666667
1291,7066.0
1292,7066.0
1293,7066.0
1294,3532.5
1295,7066.0
1296,7066.0
1297,7066.0
1298,2354.66666667
1299,3532.5
1300,3532.5
1301,7066.0
1302,1765.75
1303,882.375
1304,7066.0
1305,1176.83333333
1306,3532.5
1307,882.375
1308,7066.0
1309,7066.0
1310,2354.66666667
1311,7066.0
1312,2354.66666667
1313,3532.5
1314,1765.75
1315,7066.0
1316,7066.0
1317,7066.0
1318,7066.0
1319,7066.0
1320,7066.0
1321,7066.0
1322,2354.66666667
1323,7066.0
1324,7066.0
1325,7066.0
1326,7066.0
1327,7066.0
1328,7066.0
1329,2354.66666667
1330,1412.4
1331,7066.0
1332,882.375
1333,7066.0
1334,7066.0
1335,7066.0
1336,1176.83333333
1337,7066.0
1338,7066.0
1339,7066.0
1340,7066.0
1341,7066.0
1342,7066.0
1343,7066.0
1344,7066.0
1345,7066.0
1346,2354.66666667
1347,2354.66666667
1348,7066.0
1349,7066.0
1350,7066.0
1351,3532.5
1352,7066.0
1353,1176.83333333
1354,7066.0
1355,7066.0
1356,7066.0
1357,7066.0
1358,7066.0
1359,7066.0
1360,7066.0
1361,7066.0
1362,3532.5
1363,2354.66666667
1364,7066.0
1365,3532.5
1366,7066.0
1367,7066.0
1368,2354.66666667
1369,3532.5
1370,3532.5
1371,7066.0
1372,7066.0
1373,7066.0
1374,503.785714286
1375,7066.0
1376,7066.0
1377,3532.5
1378,7066.0
1379,7066.0
1380,1765.75
1381,7066.0
1382,1412.4
1383,7066.0
1384,7066.0
1385,2354.66666667
1386,7066.0
1387,7066.0
1388,7066.0
1389,7066.0
1390,3532.5
1391,7066.0
1392,7066.0
1393,7066.0
1394,7066.0
1395,2354.66666667
1396,7066.0
1397,7066.0
1398,1412.4
1399,1765.75
1400,7066.0
1401,3532.5
1402,2354.66666667
1403,1765.75
1404,1765.75
1405,7066.0
1406,7066.0
1407,2354.66666667
1408,2354.66666667
1409,2354.66666667
1410,1176.83333333
1411,7066.0
1412,3532.5
1413,2354.66666667
1414,3532.5
1415,7066.0
1416,2354.66666667
1417,7066.0
1418,7066.0
1419,7066.0
1420,7066.0
1421,7066.0
1422,1765.75
1423,7066.0
1424,2354.66666667
1425,3532.5
1426,3532.5
1427,7066.0
1428,7066.0
1429,7066.0
1430,3532.5
1431,3532.5
1432,3532.5
1433,7066.0
1434,3532.5
1435,7066.0
1436,7066.0
1437,7066.0
1438,7066.0
1439,7066.0
1440,7066.0
1441,7066.0
1442,1412.4
1443,7066.0
1444,7066.0
1445,2354.66666667
1446,1412.4
1447,7066.0
1448,7066.0
1449,3532.5
1450,7066.0
1451,2354.66666667
1452,784.222222222
1453,7066.0
1454,7066.0
1455,7066.0
1456,7066.0
1457,7066.0
1458,7066.0
1459,7066.0
1460,7066.0
1461,2354.66666667
1462,7066.0
1463,7066.0
1464,7066.0
1465,3532.5
1466,2354.66666667
1467,1412.4
1468,7066.0
1469,3532.5
1470,7066.0
1471,3532.5
1472,2354.66666667
1473,7066.0
1474,7066.0
1475,2354.66666667
1476,1765.75
1477,3532.5
1478,7066.0
1479,2354.66666667
1480,3532.5
1481,3532.5
1482,7066.0
1483,3532.5
1484,7066.0
1485,7066.0
1486,3532.5
1487,2354.66666667
1488,7066.0
1489,3532.5
1490,7066.0
1491,1765.75
1492,3532.5
1493,7066.0
1494,7066.0
1495,1176.83333333
1496,7066.0
1497,2354.66666667
1498,7066.0
1499,1412.4
1500,2354.66666667
1501,2354.66666667
1502,3532.5
1503,7066.0
1504,7066.0
1505,7066.0
1506,3532.5
1507,3532.5
1508,3532.5
1509,1176.83333333
1510,7066.0
1511,3532.5
1512,7066.0
1513,1765.75
1514,7066.0
1515,7066.0
1516,7066.0
1517,7066.0
1518,7066.0
1519,7066.0
1520,7066.0
1521,3532.5
1522,1412.4
1523,7066.0
1524,7066.0
1525,7066.0
1526,3532.5
1527,7066.0
1528,7066.0
1529,3532.5
1530,7066.0
1531,7066.0
1532,7066.0
1533,7066.0
1534,7066.0
1535,7066.0
1536,7066.0
1537,3532.5
1538,7066.0
1539,7066.0
1540,3532.5
1541,3532.5
1542,7066.0
1543,3532.5
1544,7066.0
1545,2354.66666667
1546,7066.0
1547,3532.5
1548,7066.0
1549,7066.0
1550,3532.5
1551,2354.66666667
1552,2354.66666667
1553,7066.0
1554,7066.0
1555,3532.5
1556,7066.0
1557,3532.5
1558,3532.0
1559,1412.4
1560,7066.0
1561,3532.5
1562,3532.5
1563,7066.0
1564,2354.66666667
1565,7066.0
1566,7066.0
1567,1765.75
1568,3532.5
1569,2354.66666667
1570,3532.5
1571,3532.5
1572,2354.66666667
1573,7066.0
1574,7066.0
1575,3532.5
1576,3532.5
1577,7066.0
1578,7066.0
1579,3532.5
1580,7066.0
1581,7066.0
1582,7066.0
1583,7066.0
1584,7066.0
1585,7066.0
1586,2354.66666667
1587,7066.0
1588,7066.0
1589,7066.0
1590,1765.75
1591,7066.0
1592,7066.0
1593,2354.66666667
1594,7066.0
1595,3532.5
1596,7066.0
1597,3532.5
1598,7066.0
1599,7066.0
1600,7066.0
1601,7066.0
1602,7066.0
1603,7066.0
1604,7066.0
1605,7066.0
1606,7066.0
1607,7066.0
1608,7066.0
1609,3532.0
1610,7066.0
1611,7066.0
1612,3532.5
1613,7066.0
1614,3532.5
1615,1412.4
1616,3532.5
1617,7066.0
1618,7066.0
1619,1765.75
1620,1765.75
1621,3532.5
1622,7066.0
1623,7066.0
1624,7066.0
1625,7066.0
1626,7066.0
1627,7066.0
1628,7066.0
1629,7066.0
1630,3532.5
1631,3532.5
1632,2354.66666667
1633,7066.0
1634,7066.0
1635,7066.0
1636,7066.0
1637,7066.0
1638,7066.0
1639,7066.0
1640,7066.0
1641,7066.0
1642,7066.0
1643,3532.5
1644,3532.5
1645,7066.0
1646,7066.0
1647,7066.0
1648,7066.0
1649,1765.75
1650,7066.0
1651,7066.0
1652,7066.0
1653,7066.0
1654,3532.5
1655,7066.0
1656,7066.0
1657,7066.0
1658,7066.0
1659,7066.0
1660,7066.0
1661,1765.75
1662,7066.0
1663,7066.0
1664,7066.0
1665,7066.0
1666,7066.0
1667,7066.0
1668,7066.0
1669,7066.0
1670,7066.0
1671,7066.0
1672,1412.4
1673,7066.0
1674,2354.66666667
1675,7066.0
1676,7066.0
1677,7066.0
1678,7066.0
1679,7066.0
1680,2354.66666667
1681,2354.66666667
1682,1765.75
1683,2354.66666667
1684,2354.66666667
1685,7066.0
1686,7066.0
1687,7066.0
1688,7066.0
1689,3532.5
1690,2354.66666667
1691,7066.0
1692,3532.5
1693,7066.0
1694,3532.5
1695,7066.0
1696,7066.0
1697,7066.0
1698,7066.0
1699,7066.0
1700,7066.0
1701,7066.0
1702,7066.0
1703,7066.0
1704,7066.0
1705,7066.0
1706,7066.0
1707,3532.5
1708,7066.0
1709,3532.5
1710,7066.0
1711,7066.0
1712,7066.0
1713,2354.66666667
1714,1412.4
1715,3532.5
1716,2354.66666667
1717,7066.0
1718,7066.0
1719,7066.0
1720,7066.0
1721,7066.0
1722,7066.0
1723,7066.0
1724,7066.0
1725,7066.0
1726,7066.0
1727,7066.0
1728,7066.0
1729,7066.0
1730,7066.0
1731,7066.0
1732,7066.0
1733,7066.0
1734,7066.0
1735,3532.5
1736,7066.0
1737,7066.0
1738,7066.0
1739,7066.0
1740,7066.0
1741,7066.0
1742,7066.0
1743,7066.0
1744,7066.0
1745,3532.5
1746,3532.5
1747,7066.0
1748,3532.5
1749,7066.0
1750,7066.0
1751,7066.0
1752,7066.0
1753,7066.0
1754,7066.0
1755,7066.0
1756,7066.0
1757,7066.0
1758,7066.0
1759,7066.0
1760,7066.0
1761,7066.0
1762,7066.0
1763,7066.0
1764,7066.0
1765,7066.0
1766,7066.0
1767,1765.75
1768,7066.0
1769,7066.0
1770,7066.0
1771,7066.0
1772,7066.0
1773,7066.0
1774,7066.0
1775,7066.0
1776,7066.0
1777,2354.66666667
1778,2354.66666667
1779,7066.0
1780,7066.0
1781,7066.0
1782,7066.0
1783,1412.4
1784,7066.0
1785,7066.0
1786,7066.0
1787,3532.5
1788,7066.0
1789,7066.0
1790,7066.0
1791,7066.0
1792,7066.0
1793,3532.5
1794,7066.0
1795,7066.0
1796,7066.0
1797,7066.0
1798,7066.0
1799,1008.57142857
1800,7066.0
1801,7066.0
1802,7066.0
1803,7066.0
1804,7066.0
1805,7066.0
1806,7066.0
1807,7066.0
1808,7066.0
1809,3532.5
1810,7066.0
1811,7066.0
1812,7066.0
1813,7066.0
1814,7066.0
1815,7066.0
1816,3532.5
1817,7066.0
1818,3532.5
1819,1765.75
1820,7066.0
1821,7066.0
1822,7066.0
1823,7066.0
1824,1008.57142857
1825,7066.0
1826,882.375
1827,7066.0
1828,7066.0
1829,7066.0
1830,2354.66666667
1831,3532.5
1832,7066.0
1833,7066.0
1834,7066.0
1835,7066.0
1836,3532.5
1837,7066.0
1838,3532.5
1839,7066.0
1840,7066.0
1841,7066.0
1842,3532.5
1843,7066.0
1844,7066.0
1845,3532.5
1846,3532.5
1847,7066.0
1848,7066.0
1849,7066.0
1850,7066.0
1851,7066.0
1852,3532.5
1853,7066.0
1854,7066.0
1855,7066.0
1856,7066.0
1857,7066.0
1858,3532.5
1859,7066.0
1860,7066.0
1861,7066.0
1862,2354.66666667
1863,7066.0
1864,7066.0
1865,7066.0
1866,7066.0
1867,7066.0
1868,2354.66666667
1869,7066.0
1870,2354.66666667
1871,7066.0
1872,7066.0
1873,7066.0
1874,7066.0
1875,7066.0
1876,7066.0
1877,7066.0
1878,7066.0
1879,7066.0
1880,7066.0
1881,7066.0
1882,7066.0
1883,7066.0
1884,7066.0
1885,7066.0
1886,7066.0
1887,7066.0
1888,3532.5
1889,1176.83333333
1890,7066.0
1891,7066.0
1892,7066.0
1893,3532.5
1894,7066.0
1895,7066.0
1896,7066.0
1897,7066.0
1898,7066.0
1899,7066.0
1900,1765.75
1901,7066.0
1902,3532.5
1903,7066.0
1904,3532.5
1905,7066.0
1906,7066.0
1907,7066.0
1908,7066.0
1909,7066.0
1910,7066.0
1911,7066.0
1912,7066.0
1913,7066.0
1914,7066.0
1915,7066.0
1916,7066.0
1917,7066.0
1918,2354.66666667
1919,3532.5
1920,7066.0
1921,7066.0
1922,7066.0
1923,7066.0
1924,7066.0
1925,7066.0
1926,7066.0
1927,7066.0
1928,7066.0
1929,7066.0
1930,7066.0
1931,7066.0
1932,7066.0
1933,3532.0
1934,1765.75
1935,3532.5
1936,3532.5
1937,3532.5
1938,3532.5
1939,7066.0
1940,1412.4
1941,7066.0
1942,7066.0
1943,7066.0
1944,7066.0
1945,7066.0
1946,7066.0
1947,7066.0
1948,1765.75
1949,7066.0
1950,3532.5
1951,3532.5
1952,7066.0
1953,7066.0
1954,3532.5
1955,7066.0
1956,7066.0
1957,7066.0
1958,7066.0
1959,7066.0
1960,7066.0
1961,7066.0
1962,7066.0
1963,7066.0
1964,7066.0
1965,7066.0
1966,7066.0
1967,7066.0
1968,1412.4
1969,2354.66666667
1970,7066.0
1971,7066.0
1972,7066.0
1973,7066.0
1974,2354.66666667
1975,7066.0
1976,2354.66666667
1977,7066.0
1978,3532.5
1979,7066.0
1980,2354.66666667
1981,7066.0
1982,3532.5
1983,705.7
1984,3532.5
1985,2354.66666667
1986,7066.0
1987,7066.0
1988,7066.0
1989,3532.5
1990,3532.5
1991,2354.66666667
1992,7066.0
1993,7066.0
1994,7066.0
1995,7066.0
1996,7066.0
1997,7066.0
1998,7066.0
1999,7066.0
2000,7066.0
2001,7066.0
2002,7066.0
2003,7066.0
2004,7066.0
2005,1008.57142857
2006,7066.0
2007,7066.0
2008,7066.0
2009,7066.0
2010,7066.0
2011,7066.0
2012,7066.0
2013,2354.66666667
2014,7066.0
2015,3532.5
2016,7066.0
2017,7066.0
2018,3532.5
2019,7066.0
2020,7066.0
2021,3532.5
2022,7066.0
2023,7066.0
2024,7066.0
2025,2354.66666667
2026,7066.0
2027,1765.75
2028,7066.0
2029,7066.0
2030,2354.66666667
2031,3532.5
2032,7066.0
2033,7066.0
2034,3532.5
2035,7066.0
2036,7066.0
2037,7066.0
2038,3532.5
2039,7066.0
2040,7066.0
2041,2354.66666667
2042,1765.75
2043,7066.0
2044,7066.0
2045,7066.0
2046,7066.0
2047,7066.0
2048,7066.0
2049,7066.0
2050,7066.0
2051,7066.0
2052,3532.5
2053,7066.0
2054,7066.0
2055,7066.0
2056,7066.0
2057,2354.66666667
2058,7066.0
2059,7066.0
2060,7066.0
2061,7066.0
2062,7066.0
2063,7066.0
2064,7066.0
2065,7066.0
2066,7066.0
2067,7066.0
2068,7066.0
2069,2354.66666667
2070,2354.66666667
2071,7066.0
2072,3532.5
2073,3532.5
2074,3532.5
2075,7066.0
2076,1765.75
2077,7066.0
2078,3532.5
2079,7066.0
2080,7066.0
2081,7066.0
2082,7066.0
2083,7066.0
2084,7066.0
2085,3532.5
2086,7066.0
2087,7066.0
2088,7066.0
2089,7066.0
2090,1765.75
2091,7066.0
2092,3532.5
2093,7066.0
2094,1765.75
2095,3532.5
2096,7066.0
2097,2354.66666667
2098,7066.0
2099,7066.0
2100,1765.75
2101,1765.75
2102,7066.0
2103,7066.0
2104,7066.0
2105,3532.5
2106,7066.0
2107,7066.0
2108,7066.0
2109,3532.5
2110,7066.0
2111,7066.0
2112,2354.66666667
2113,7066.0
2114,7066.0
2115,7066.0
2116,7066.0
2117,7066.0
2118,7066.0
2119,3532.5
2120,7066.0
2121,7066.0
2122,7066.0
2123,7066.0
2124,7066.0
2125,7066.0
2126,7066.0
2127,7066.0
2128,7066.0
2129,7066.0
2130,7066.0
2131,7066.0
2132,7066.0
2133,7066.0
2134,7066.0
2135,7066.0
2136,7066.0
2137,7066.0
2138,7066.0
2139,7066.0
2140,7066.0
2141,7066.0
2142,7066.0
2143,7066.0
2144,7066.0
2145,7066.0
2146,7066.0
2147,7066.0
2148,7066.0
2149,7066.0
2150,7066.0
2151,7066.0
2152,7066.0
2153,7066.0
2154,7066.0
2155,7066.0
2156,7066.0
2157,7066.0
2158,7066.0
2159,7066.0
2160,7066.0
2161,7066.0
2162,7066.0
2163,7066.0
2164,7066.0
2165,7066.0
2166,2354.66666667
2167,7066.0
2168,3532.5
2169,3532.5
2170,7066.0
2171,7066.0
2172,3532.5
2173,7066.0
2174,7066.0
2175,7066.0
2176,7066.0
2177,7066.0
2178,7066.0
2179,7066.0
2180,7066.0
2181,7066.0
2182,7066.0
2183,7066.0
2184,7066.0
2185,7066.0
2186,7066.0
2187,7066.0
2188,7066.0
2189,1765.75
2190,7066.0
2191,7066.0
2192,7066.0
2193,7066.0
2194,7066.0
2195,7066.0
2196,7066.0
2197,7066.0
2198,7066.0
2199,7066.0
2200,7066.0
2201,7066.0
2202,2354.66666667
2203,3532.5
2204,7066.0
2205,7066.0
2206,7066.0
2207,3532.5
2208,3532.5
2209,7066.0
2210,7066.0
2211,7066.0
2212,7066.0
2213,7066.0
2214,7066.0
2215,7066.0
2216,7066.0
2217,7066.0
2218,7066.0
2219,7066.0
2220,2354.66666667
2221,7066.0
2222,7066.0
2223,7066.0
2224,7066.0
2225,7066.0
2226,7066.0
2227,7066.0
2228,7066.0
2229,7066.0
2230,7066.0
2231,7066.0
2232,7066.0
2233,7066.0
2234,7066.0
2235,3532.5
2236,7066.0
2237,7066.0
2238,7066.0
2239,1008.57142857
2240,7066.0
2241,7066.0
2242,7066.0
2243,7066.0
2244,7066.0
2245,7066.0
2246,7066.0
2247,7066.0
2248,7066.0
2249,7066.0
2250,7066.0
2251,7066.0
2252,7066.0
2253,7066.0
2254,7066.0
2255,7066.0
2256,7066.0
2257,3532.5
2258,7066.0
2259,1412.4
2260,7066.0
2261,7066.0
2262,7066.0
2263,7066.0
2264,3532.5
2265,7066.0
2266,7066.0
2267,7066.0
2268,7066.0
2269,7066.0
2270,7066.0
2271,7066.0
2272,7066.0
2273,7066.0
2274,3532.5
2275,7066.0
2276,7066.0
2277,7066.0
2278,7066.0
2279,7066.0
2280,3532.5
2281,7066.0
2282,7066.0
2283,7066.0
2284,7066.0
2285,7066.0
2286,7066.0
2287,7066.0
2288,7066.0
2289,7066.0
2290,7066.0
2291,7066.0
2292,7066.0
2293,7066.0
2294,7066.0
2295,7066.0
2296,7066.0
2297,2354.66666667
2298,3532.5
2299,7066.0
2300,7066.0
2301,7066.0
2302,7066.0
2303,3532.5
2304,7066.0
2305,7066.0
2306,7066.0
2307,7066.0
2308,7066.0
2309,7066.0
2310,7066.0
2311,7066.0
2312,3532.5
2313,7066.0
2314,7066.0
2315,3532.5
2316,7066.0
2317,7066.0
2318,2354.66666667
2319,7066.0
2320,3532.5
2321,3532.5
2322,3532.5
2323,7066.0
2324,7066.0
2325,3532.5
2326,7066.0
2327,3532.5
2328,7066.0
2329,7066.0
2330,7066.0
2331,7066.0
2332,3532.5
2333,3532.5
2334,7066.0
2335,7066.0
2336,3532.5
2337,7066.0
2338,7066.0
2339,7066.0
2340,7066.0
2341,7066.0
2342,7066.0
2343,7066.0
2344,3532.5
2345,2354.66666667
2346,7066.0
2347,7066.0
2348,7066.0
2349,7066.0
2350,2354.66666667
2351,7066.0
2352,7066.0
2353,3532.5
2354,7066.0
2355,7066.0
2356,7066.0
2357,7066.0
2358,3532.5
2359,1765.75
2360,7066.0
2361,7066.0
2362,3532.5
2363,2354.66666667
2364,7066.0
2365,7066.0
2366,7066.0
2367,7066.0
2368,7066.0
2369,7066.0
2370,7066.0
2371,7066.0
2372,2354.66666667
2373,7066.0
2374,3532.5
2375,7066.0
2376,7066.0
2377,3532.5
2378,7066.0
2379,3532.5
2380,7066.0
2381,7066.0
2382,7066.0
2383,1176.83333333
2384,7066.0
2385,7066.0
2386,7066.0
2387,3532.5
2388,7066.0
2389,7066.0
2390,2354.66666667
2391,7066.0
2392,7066.0
2393,7066.0
2394,1412.4
2395,3532.5
2396,3532.5
2397,7066.0
2398,3532.5
2399,3532.5
2400,3532.5
2401,7066.0
2402,1176.83333333
2403,7066.0
2404,7066.0
2405,7066.0
2406,7066.0
2407,7066.0
2408,7066.0
2409,7066.0
2410,7066.0
2411,7066.0
2412,7066.0
2413,7066.0
2414,7066.0
2415,7066.0
2416,7066.0
2417,7066.0
2418,7066.0
2419,7066.0
2420,7066.0
2421,7066.0
2422,7066.0
2423,7066.0
2424,7066.0
2425,7066.0
2426,7066.0
2427,7066.0
2428,7066.0
2429,7066.0
2430,7066.0
2431,7066.0
2432,7066.0
2433,7066.0
2434,7066.0
2435,7066.0
2436,7066.0
2437,3532.5
2438,7066.0
2439,7066.0
2440,7066.0
2441,7066.0
2442,7066.0
2443,7066.0
2444,7066.0
2445,7066.0
2446,7066.0
2447,7066.0
2448,7066.0
2449,1176.83333333
2450,7066.0
2451,7066.0
2452,7066.0
2453,7066.0
2454,7066.0
2455,7066.0
2456,7066.0
2457,7066.0
2458,7066.0
2459,7066.0
2460,7066.0
2461,7066.0
2462,7066.0
2463,7066.0
2464,7066.0
2465,7066.0
2466,7066.0
2467,7066.0
2468,7066.0
2469,7066.0
2470,7066.0
2471,7066.0
2472,7066.0
2473,7066.0
2474,7066.0
2475,7066.0
2476,7066.0
2477,7066.0
2478,7066.0
2479,7066.0
2480,7066.0
2481,7066.0
2482,7066.0
2483,7066.0
2484,7066.0
2485,7066.0
2486,7066.0
2487,7066.0
2488,7066.0
2489,7066.0
2490,7066.0
2491,7066.0
2492,7066.0
2493,7066.0
2494,7066.0
2495,7066.0
2496,7066.0
2497,7066.0
2498,7066.0
2499,7066.0
2500,7066.0
2501,7066.0
2502,7066.0
2503,7066.0
2504,3532.5
2505,7066.0
2506,7066.0
2507,7066.0
2508,7066.0
2509,7066.0
2510,7066.0
2511,7066.0
2512,7066.0
2513,7066.0
2514,7066.0
2515,7066.0
2516,7066.0
2517,7066.0
2518,7066.0
2519,7066.0
2520,7066.0
2521,7066.0
2522,7066.0
2523,7066.0
2524,7066.0
2525,7066.0
2526,7066.0
2527,7066.0
2528,7066.0
2529,7066.0
2530,3532.5
2531,2354.66666667
2532,7066.0
2533,7066.0
2534,7066.0
2535,7066.0
2536,7066.0
2537,7066.0
2538,7066.0
2539,7066.0
2540,7066.0
2541,7066.0
2542,7066.0
2543,7066.0
2544,7066.0
2545,7066.0
2546,7066.0
2547,7066.0
2548,7066.0
2549,7066.0
2550,7066.0
2551,3532.5
2552,7066.0
2553,7066.0
2554,7066.0
2555,3532.5
2556,7066.0
2557,7066.0
2558,7066.0
2559,7066.0
2560,7066.0
2561,7066.0
2562,7066.0
2563,7066.0
2564,7066.0
2565,7066.0
2566,7066.0
2567,7066.0
2568,7066.0
2569,7066.0
2570,7066.0
2571,7066.0
2572,7066.0
2573,7066.0
2574,7066.0
2575,7066.0
2576,7066.0
2577,7066.0
2578,7066.0
2579,7066.0
2580,7066.0
2581,7066.0
2582,7066.0
2583,7066.0
2584,7066.0
2585,7066.0
2586,7066.0
2587,7066.0
2588,7066.0
2589,7066.0
2590,7066.0
2591,3532.5
2592,7066.0
2593,7066.0
2594,7066.0
2595,7066.0
2596,7066.0
2597,7066.0
2598,7066.0
2599,7066.0
2600,7066.0
2601,7066.0
2602,7066.0
2603,7066.0
2604,7066.0
2605,7066.0
2606,7066.0
2607,7066.0
2608,7066.0
2609,7066.0
2610,7066.0
2611,7066.0
2612,7066.0
2613,7066.0
2614,7066.0
2615,7066.0
2616,7066.0
2617,3532.5
2618,7066.0
2619,7066.0
2620,7066.0
2621,7066.0
2622,7066.0
2623,7066.0
2624,7066.0
2625,7066.0
2626,7066.0
2627,7066.0
2628,7066.0
2629,7066.0
2630,7066.0
2631,7066.0
2632,7066.0
2633,7066.0
2634,7066.0
2635,3532.5
2636,3532.5
2637,7066.0
2638,7066.0
2639,2354.66666667
2640,7066.0
2641,7066.0
2642,7066.0
2643,7066.0
2644,7066.0
2645,7066.0
2646,1412.4
2647,7066.0
2648,7066.0
2649,7066.0
2650,7066.0
2651,7066.0
2652,7066.0
2653,7066.0
2654,7066.0
2655,7066.0
2656,7066.0
2657,7066.0
2658,7066.0
2659,7066.0
2660,7066.0
2661,7066.0
2662,7066.0
2663,7066.0
2664,7066.0
2665,7066.0
2666,7066.0
2667,7066.0
2668,7066.0
2669,7066.0
2670,7066.0
2671,7066.0
2672,7066.0
2673,3532.5
2674,7066.0
2675,7066.0
2676,7066.0
2677,7066.0
2678,7066.0
2679,7066.0
2680,7066.0
2681,7066.0
2682,7066.0
2683,7066.0
2684,3532.5
2685,3532.5
2686,7066.0
2687,7066.0
2688,7066.0
2689,7066.0
2690,7066.0
2691,7066.0
2692,7066.0
2693,7066.0
2694,7066.0
2695,7066.0
2696,7066.0
2697,7066.0
2698,7066.0
2699,7066.0
2700,7066.0
2701,7066.0
2702,7066.0
2703,7066.0
2704,7066.0
2705,7066.0
2706,7066.0
2707,7066.0
2708,7066.0
2709,7066.0
2710,7066.0
2711,7066.0
2712,7066.0
2713,7066.0
2714,7066.0
2715,7066.0
2716,7066.0
2717,7066.0
2718,7066.0
2719,7066.0
2720,7066.0
2721,7066.0
2722,7066.0
2723,7066.0
2724,7066.0
2725,7066.0
2726,7066.0
2727,7066.0
2728,7066.0
2729,7066.0
2730,7066.0
2731,7066.0
2732,7066.0
2733,7066.0
2734,7066.0
2735,7066.0
2736,7066.0
2737,7066.0
2738,7066.0
2739,7066.0
2740,7066.0
2741,7066.0
2742,7066.0
2743,7066.0
2744,7066.0
2745,7066.0
2746,7066.0
2747,7066.0
2748,7066.0
2749,7066.0
2750,7066.0
2751,7066.0
2752,7066.0
2753,7066.0
2754,7066.0
2755,7066.0
2756,7066.0
2757,7066.0
2758,7066.0
2759,7066.0
2760,7066.0
2761,7066.0
2762,7066.0
2763,7066.0
2764,7066.0
2765,7066.0
2766,7066.0
2767,7066.0
2768,7066.0
2769,7066.0
2770,7066.0
2771,7066.0
2772,7066.0
2773,7066.0
2774,7066.0
2775,7066.0
2776,7066.0
2777,7066.0
2778,7066.0
2779,7066.0
2780,7066.0
2781,7066.0
2782,7066.0
2783,7066.0
2784,7066.0
2785,7066.0
2786,7066.0
2787,7066.0
2788,7066.0
2789,7066.0
2790,3532.5
2791,7066.0
2792,7066.0
2793,7066.0
2794,7066.0
2795,7066.0
2796,7066.0
2797,7066.0
2798,7066.0
2799,7066.0
2800,7066.0
2801,7066.0
2802,7066.0
2803,7066.0
2804,7066.0
2805,7066.0
2806,7066.0
2807,7066.0
2808,7066.0
2809,7066.0
2810,7066.0
2811,7066.0
2812,7066.0
2813,7066.0
2814,7066.0
2815,7066.0
2816,7066.0
2817,7066.0
2818,7066.0
2819,7066.0
2820,7066.0
2821,7066.0
2822,7066.0
2823,7066.0
2824,7066.0
2825,7066.0
2826,7066.0
2827,7066.0
2828,7066.0
2829,7066.0
2830,7066.0
2831,7066.0
2832,7066.0
2833,7066.0
2834,7066.0
2835,7066.0
2836,7066.0
2837,7066.0
2838,7066.0
2839,7066.0
2840,7066.0
2841,7066.0
2842,7066.0
2843,7066.0
2844,7066.0
2845,2354.66666667
2846,7066.0
2847,7066.0
2848,7066.0
2849,7066.0
2850,7066.0
2851,7066.0
2852,7066.0
2853,7066.0
2854,7066.0
2855,7066.0
2856,7066.0
2857,7066.0
2858,7066.0
2859,7066.0
2860,7066.0
2861,7066.0
2862,7066.0
2863,7066.0
2864,7066.0
2865,7066.0
2866,7066.0
2867,7066.0
2868,7066.0
2869,7066.0
2870,7066.0
2871,7066.0
2872,7066.0
2873,7066.0
2874,7066.0
2875,7066.0
2876,7066.0
2877,7066.0
2878,7066.0
2879,7066.0
2880,7066.0
2881,7066.0
2882,7066.0
2883,7066.0
2884,7066.0
2885,7066.0
2886,7066.0
2887,7066.0
2888,7066.0
2889,7066.0
2890,7066.0
2891,7066.0
2892,7066.0
2893,7066.0
2894,7066.0
2895,7066.0
2896,7066.0
2897,7066.0
2898,7066.0
2899,7066.0
2900,7066.0
2901,7066.0
2902,7066.0
2903,7066.0
2904,7066.0
2905,7066.0
2906,7066.0
2907,7066.0
2908,7066.0
2909,7066.0
2910,7066.0
2911,7066.0
2912,7066.0
2913,7066.0
2914,7066.0
2915,7066.0
2916,7066.0
2917,7066.0
2918,7066.0
2919,7066.0
2920,7066.0
2921,7066.0
2922,7066.0
2923,7066.0
2924,7066.0
2925,7066.0
2926,7066.0
2927,7066.0
2928,7066.0
2929,7066.0
2930,7066.0
2931,7066.0
2932,7066.0
2933,7066.0
2934,7066.0
2935,7066.0
2936,7066.0
2937,7066.0
2938,7066.0
2939,7066.0
2940,7066.0
2941,7066.0
2942,7066.0
2943,7066.0
2944,7066.0
2945,7066.0
2946,7066.0
2947,7066.0
2948,7066.0
2949,1765.75
2950,7066.0
2951,7066.0
2952,7066.0
2953,7066.0
2954,7066.0
2955,7066.0
2956,7066.0
2957,7066.0
2958,7066.0
2959,7066.0
2960,7066.0
2961,7066.0
2962,7066.0
2963,7066.0
2964,7066.0
2965,7066.0
2966,7066.0
2967,7066.0
2968,7066.0
2969,7066.0
2970,7066.0
2971,7066.0
2972,7066.0
2973,7066.0
2974,7066.0
2975,7066.0
2976,7066.0
2977,7066.0
2978,7066.0
2979,7066.0
2980,7066.0
2981,7066.0
2982,7066.0
2983,7066.0
2984,7066.0
2985,7066.0
2986,7066.0
2987,7066.0
2988,3532.5
2989,7066.0
2990,7066.0
2991,3532.5
2992,7066.0
2993,7066.0
2994,7066.0
2995,7066.0
2996,7066.0
2997,7066.0
2998,7066.0
2999,7066.0
3000,7066.0
3001,7066.0
3002,7066.0
3003,7066.0
3004,7066.0
3005,7066.0
3006,7066.0
3007,7066.0
3008,7066.0
3009,7066.0
3010,7066.0
3011,7066.0
3012,7066.0
3013,7066.0
3014,7066.0
3015,7066.0
3016,7066.0
3017,7066.0
3018,7066.0
3019,7066.0
3020,7066.0
3021,7066.0
3022,7066.0
3023,7066.0
3024,7066.0
3025,7066.0
3026,7066.0
3027,7066.0
3028,7066.0
3029,7066.0
3030,7066.0
3031,7066.0
3032,3532.5
3033,7066.0
3034,7066.0
3035,7066.0
3036,7066.0
3037,7066.0
3038,7066.0
3039,7066.0
3040,7066.0
3041,7066.0
3042,7066.0
3043,7066.0
3044,7066.0
3045,7066.0
3046,7066.0
3047,7066.0
3048,7066.0
3049,7066.0
3050,7066.0
3051,7066.0
3052,7066.0
3053,7066.0
3054,7066.0
3055,7066.0
3056,7066.0
3057,7066.0
3058,7066.0
3059,7066.0
3060,7066.0
3061,7066.0
3062,7066.0
3063,7066.0
3064,7066.0
3065,7066.0
3066,7066.0
3067,7066.0
3068,7066.0
3069,7066.0
3070,7066.0
3071,7066.0
3072,7066.0
3073,7066.0
3074,7066.0
3075,7066.0
3076,7066.0
3077,7066.0
3078,7066.0
3079,7066.0
3080,3532.5
3081,7066.0
3082,7066.0
3083,7066.0
3084,7066.0
3085,7066.0
3086,7066.0
3087,7066.0
3088,7066.0
3089,7066.0
3090,7066.0
3091,3532.5
3092,7066.0
3093,7066.0
3094,7066.0
3095,7066.0
3096,7066.0
3097,7066.0
3098,7066.0
3099,7066.0
3100,7066.0
3101,7066.0
3102,7066.0
3103,7066.0
3104,7066.0
3105,7066.0
3106,7066.0
3107,7066.0
3108,7066.0
3109,7066.0
3110,7066.0
3111,7066.0
3112,7066.0
3113,7066.0
3114,7066.0
3115,3532.5
3116,7066.0
3117,7066.0
3118,7066.0
3119,7066.0
3120,7066.0
3121,7066.0
3122,7066.0
3123,7066.0
3124,7066.0
3125,7066.0
3126,7066.0
3127,3532.5
3128,7066.0
3129,7066.0
3130,7066.0
3131,7066.0
3132,7066.0
3133,7066.0
3134,7066.0
3135,7066.0
3136,7066.0
3137,7066.0
3138,7066.0
3139,7066.0
3140,7066.0
3141,7066.0
3142,7066.0
3143,7066.0
3144,7066.0
3145,7066.0
3146,7066.0
3147,7066.0
3148,7066.0
3149,7066.0
3150,7066.0
3151,7066.0
3152,7066.0
3153,7066.0
3154,7066.0
3155,7066.0
3156,7066.0
3157,7066.0
3158,7066.0
3159,7066.0
3160,7066.0
3161,7066.0
3162,7066.0
3163,7066.0
3164,7066.0
3165,7066.0
3166,7066.0
3167,7066.0
3168,7066.0
3169,7066.0
3170,7066.0
3171,7066.0
3172,7066.0
3173,7066.0
3174,7066.0
3175,7066.0
3176,7066.0
3177,7066.0
3178,7066.0
3179,7066.0
3180,7066.0
3181,7066.0
3182,7066.0
3183,7066.0
3184,7066.0
3185,7066.0
3186,7066.0
3187,7066.0
3188,7066.0
3189,7066.0
3190,7066.0
3191,7066.0
3192,7066.0
3193,7066.0
3194,7066.0
3195,7066.0
3196,7066.0
3197,7066.0
3198,7066.0
3199,7066.0
3200,7066.0
3201,7066.0
3202,7066.0
3203,7066.0
3204,7066.0
3205,7066.0
3206,7066.0
3207,7066.0
3208,7066.0
3209,7066.0
3210,7066.0
3211,7066.0
3212,7066.0
3213,7066.0
3214,7066.0
3215,7066.0
3216,7066.0
3217,7066.0
3218,7066.0
3219,7066.0
3220,7066.0
3221,7066.0
3222,7066.0
3223,7066.0
3224,7066.0
3225,7066.0
3226,7066.0
3227,7066.0
3228,7066.0
3229,7066.0
3230,7066.0
3231,7066.0
3232,7066.0
3233,7066.0
3234,7066.0
3235,7066.0
3236,7066.0
3237,7066.0
3238,7066.0
3239,7066.0
3240,7066.0
3241,7066.0
3242,7066.0
3243,7066.0
3244,7066.0
3245,7066.0
3246,7066.0
3247,7066.0
3248,7066.0
3249,7066.0
3250,7066.0
3251,7066.0
3252,7066.0
3253,7066.0
3254,7066.0
3255,7066.0
3256,7066.0
3257,7066.0
3258,7066.0
3259,7066.0
3260,7066.0
3261,7066.0
3262,7066.0
3263,7066.0
3264,7066.0
3265,7066.0
3266,7066.0
3267,7066.0
3268,7066.0
3269,7066.0
3270,7066.0
3271,7066.0
3272,7066.0
3273,7066.0
3274,7066.0
3275,7066.0
3276,7066.0
3277,7066.0
3278,7066.0
3279,7066.0
3280,7066.0
3281,7066.0
3282,7066.0
3283,7066.0
3284,7066.0
3285,7066.0
3286,7066.0
3287,7066.0
3288,7066.0
3289,7066.0
3290,7066.0
3291,7066.0
3292,7066.0
3293,7066.0
3294,7066.0
3295,7066.0
3296,7066.0
3297,7066.0
3298,7066.0
3299,7066.0
3300,7066.0
3301,7066.0
3302,7066.0
3303,7066.0
3304,7066.0
3305,7066.0
3306,7066.0
3307,7066.0
3308,7066.0
3309,7066.0
3310,7066.0
3311,7066.0
3312,7066.0
3313,7066.0
3314,7066.0
3315,7066.0
3316,7066.0
3317,7066.0
3318,7066.0
3319,7066.0
3320,7066.0
3321,7066.0
3322,7066.0
3323,7066.0
3324,7066.0
3325,7066.0
3326,7066.0
3327,7066.0
3328,7066.0
3329,7066.0
3330,7066.0
3331,3532.5
3332,7066.0
3333,7066.0
3334,7066.0
3335,7066.0
3336,7066.0
3337,7066.0
3338,7066.0
3339,7066.0
3340,7066.0
3341,7066.0
3342,7066.0
3343,7066.0
3344,7066.0
3345,7066.0
3346,7066.0
3347,7066.0
3348,7066.0
3349,7066.0
3350,7066.0
3351,7066.0
3352,7066.0
3353,7066.0
3354,7066.0
3355,7066.0
3356,7066.0
3357,7066.0
3358,7066.0
3359,7066.0
3360,7066.0
3361,7066.0
3362,7066.0
3363,7066.0
3364,7066.0
3365,7066.0
3366,7066.0
3367,7066.0
3368,7066.0
3369,7066.0
3370,7066.0
3371,7066.0
3372,7066.0
3373,7066.0
3374,7066.0
3375,7066.0
3376,7066.0
3377,7066.0
3378,7066.0
3379,7066.0
3380,7066.0
3381,7066.0
3382,7066.0
3383,7066.0
3384,7066.0
3385,7066.0
3386,7066.0
3387,7066.0
3388,7066.0
3389,7066.0
3390,7066.0
3391,7066.0
3392,7066.0
3393,7066.0
3394,7066.0
3395,7066.0
3396,7066.0
3397,7066.0
3398,7066.0
3399,7066.0
3400,7066.0
3401,7066.0
3402,7066.0
3403,7066.0
3404,7066.0
3405,7066.0
3406,7066.0
3407,7066.0
3408,7066.0
3409,7066.0
3410,7066.0
3411,7066.0
3412,7066.0
3413,7066.0
3414,7066.0
3415,7066.0
3416,7066.0
3417,7066.0
3418,7066.0
3419,7066.0
3420,7066.0
3421,7066.0
3422,7066.0
3423,7066.0
3424,7066.0
3425,7066.0
3426,7066.0
3427,7066.0
3428,7066.0
3429,7066.0
3430,7066.0
3431,7066.0
3432,7066.0
3433,7066.0
3434,7066.0
3435,7066.0
3436,7066.0
3437,7066.0
3438,7066.0
3439,7066.0
3440,7066.0
3441,7066.0
3442,7066.0
3443,7066.0
3444,7066.0
3445,7066.0
3446,1176.83333333
3447,7066.0
3448,7066.0
3449,7066.0
3450,7066.0
3451,7066.0
3452,7066.0
3453,7066.0
3454,7066.0
3455,7066.0
3456,7066.0
3457,7066.0
3458,7066.0
3459,7066.0
3460,7066.0
3461,7066.0
3462,7066.0
3463,7066.0
3464,7066.0
3465,7066.0
3466,7066.0
3467,7066.0
3468,7066.0
3469,7066.0
3470,7066.0
3471,7066.0
3472,3532.5
3473,7066.0
3474,7066.0
3475,1008.57142857
3476,3532.5
3477,7066.0
3478,7066.0
3479,7066.0
3480,7066.0
3481,7066.0
3482,7066.0
3483,7066.0
3484,7066.0
3485,7066.0
3486,7066.0
3487,7066.0
3488,7066.0
3489,7066.0
3490,7066.0
3491,7066.0
3492,3532.5
3493,7066.0
3494,7066.0
3495,7066.0
3496,7066.0
3497,7066.0
3498,7066.0
3499,7066.0
3500,7066.0
3501,7066.0
3502,7066.0
3503,7066.0
3504,7066.0
3505,7066.0
3506,7066.0
3507,7066.0
3508,7066.0
3509,7066.0
3510,7066.0
3511,7066.0
3512,7066.0
3513,7066.0
3514,7066.0
3515,7066.0
3516,7066.0
3517,3532.0
3518,3532.5
3519,7066.0
3520,7066.0
3521,7066.0
3522,7066.0
3523,7066.0
3524,7066.0
3525,7066.0
3526,7066.0
3527,7066.0
3528,7066.0
3529,7066.0
3530,7066.0
3531,7066.0
3532,7066.0
3533,7066.0
3534,7066.0
3535,7066.0
3536,7066.0
3537,7066.0
3538,7066.0
3539,7066.0
3540,7066.0
3541,7066.0
3542,7066.0
3543,7066.0
3544,7066.0
3545,7066.0
3546,7066.0
3547,7066.0
3548,7066.0
3549,7066.0
3550,7066.0
3551,7066.0
3552,7066.0
3553,7066.0
3554,7066.0
3555,7066.0
3556,7066.0
3557,7066.0
3558,7066.0
3559,7066.0
3560,7066.0
3561,7066.0
3562,7066.0
3563,7066.0
3564,7066.0
3565,7066.0
3566,7066.0
3567,7066.0
3568,7066.0
3569,7066.0
3570,7066.0
3571,7066.0
3572,7066.0
3573,7066.0
3574,7066.0
3575,7066.0
3576,7066.0
3577,7066.0
3578,7066.0
3579,7066.0
3580,7066.0
3581,7066.0
3582,7066.0
3583,7066.0
3584,7066.0
3585,7066.0
3586,7066.0
3587,7066.0
3588,7066.0
3589,7066.0
3590,7066.0
3591,7066.0
3592,7066.0
3593,7066.0
3594,7066.0
3595,7066.0
3596,7066.0
3597,7066.0
3598,7066.0
3599,7066.0
3600,7066.0
3601,7066.0
3602,7066.0
3603,7066.0
3604,7066.0
3605,7066.0
3606,7066.0
3607,7066.0
3608,7066.0
3609,7066.0
3610,7066.0
3611,7066.0
3612,7066.0
3613,7066.0
3614,7066.0
3615,7066.0
3616,7066.0
3617,7066.0
3618,7066.0
3619,3532.5
3620,7066.0
3621,7066.0
3622,7066.0
3623,7066.0
3624,7066.0
3625,7066.0
3626,7066.0
3627,7066.0
3628,7066.0
3629,7066.0
3630,7066.0
3631,7066.0
3632,3532.5
3633,7066.0
3634,7066.0
3635,3532.5
3636,7066.0
3637,7066.0
3638,7066.0
3639,7066.0
3640,7066.0
3641,7066.0
3642,7066.0
3643,7066.0
3644,7066.0
3645,7066.0
3646,7066.0
3647,7066.0
3648,7066.0
3649,7066.0
3650,3532.5
3651,7066.0
3652,7066.0
3653,7066.0
3654,3532.5
3655,7066.0
3656,7066.0
3657,7066.0
3658,7066.0
3659,7066.0
3660,7066.0
3661,7066.0
3662,7066.0
3663,7066.0
3664,7066.0
3665,7066.0
3666,7066.0
3667,7066.0
3668,7066.0
3669,7066.0
3670,7066.0
3671,7066.0
3672,7066.0
3673,7066.0
3674,7066.0
3675,7066.0
3676,7066.0
3677,7066.0
3678,7066.0
3679,7066.0
3680,7066.0
3681,7066.0
3682,7066.0
3683,7066.0
3684,7066.0
3685,7066.0
3686,7066.0
3687,7066.0
3688,7066.0
3689,7066.0
3690,7066.0
3691,7066.0
3692,7066.0
3693,7066.0
3694,7066.0
3695,7066.0
3696,7066.0
3697,7066.0
3698,7066.0
3699,7066.0
3700,7066.0
3701,7066.0
3702,7066.0
3703,7066.0
3704,7066.0
3705,7066.0
3706,7066.0
3707,7066.0
3708,7066.0
3709,7066.0
3710,7066.0
3711,7066.0
3712,7066.0
3713,7066.0
3714,7066.0
3715,3532.5
3716,7066.0
3717,3532.5
3718,7066.0
3719,7066.0
3720,7066.0
3721,7066.0
3722,7066.0
3723,7066.0
3724,7066.0
3725,7066.0
3726,7066.0
3727,7066.0
3728,7066.0
3729,7066.0
3730,7066.0
3731,7066.0
3732,7066.0
3733,7066.0
3734,7066.0
3735,7066.0
3736,7066.0
3737,7066.0
3738,7066.0
3739,7066.0
3740,7066.0
3741,7066.0
3742,7066.0
3743,7066.0
3744,7066.0
3745,7066.0
3746,7066.0
3747,7066.0
3748,7066.0
3749,7066.0
3750,7066.0
3751,7066.0
3752,7066.0
3753,7066.0
3754,7066.0
3755,7066.0
3756,7066.0
3757,7066.0
3758,7066.0
3759,7066.0
3760,7066.0
3761,7066.0
3762,7066.0
3763,7066.0
3764,7066.0
3765,7066.0
3766,7066.0
3767,7066.0
3768,7066.0
3769,7066.0
3770,7066.0
3771,7066.0
3772,7066.0
3773,7066.0
3774,3532.5
3775,7066.0
3776,7066.0
3777,7066.0
3778,7066.0
3779,7066.0
3780,7066.0
3781,7066.0
3782,7066.0
3783,7066.0
3784,7066.0
3785,7066.0
3786,7066.0
3787,7066.0
3788,7066.0
3789,7066.0
3790,7066.0
3791,7066.0
3792,3532.5
3793,7066.0
3794,7066.0
3795,7066.0
3796,7066.0
3797,7066.0
3798,7066.0
3799,7066.0
3800,7066.0
3801,7066.0
3802,7066.0
3803,7066.0
3804,7066.0
3805,7066.0
3806,7066.0
3807,7066.0
3808,7066.0
3809,3532.5
3810,7066.0
3811,7066.0
3812,7066.0
3813,7066.0
3814,7066.0
3815,7066.0
3816,7066.0
3817,7066.0
3818,7066.0
3819,7066.0
3820,7066.0
3821,7066.0
3822,7066.0
3823,7066.0
3824,7066.0
3825,7066.0
3826,7066.0
3827,7066.0
3828,7066.0
3829,7066.0
3830,7066.0
3831,7066.0
3832,7066.0
3833,7066.0
3834,7066.0
3835,7066.0
3836,7066.0
3837,7066.0
3838,7066.0
3839,7066.0
3840,7066.0
3841,7066.0
3842,7066.0
3843,7066.0
3844,7066.0
3845,7066.0
3846,7066.0
3847,7066.0
3848,7066.0
3849,7066.0
3850,7066.0
3851,7066.0
3852,7066.0
3853,7066.0
3854,7066.0
3855,7066.0
3856,7066.0
3857,7066.0
3858,7066.0
3859,7066.0
3860,7066.0
3861,7066.0
3862,7066.0
3863,7066.0
3864,7066.0
3865,7066.0
3866,7066.0
3867,7066.0
3868,7066.0
3869,7066.0
3870,7066.0
3871,7066.0
3872,7066.0
3873,7066.0
3874,7066.0
3875,7066.0
3876,7066.0
3877,7066.0
3878,7066.0
3879,7066.0
3880,7066.0
3881,7066.0
3882,7066.0
3883,7066.0
3884,7066.0
3885,3532.0
3886,3532.5
3887,7066.0
3888,7066.0
3889,7066.0
3890,7066.0
3891,7066.0
3892,7066.0
3893,2354.66666667
3894,3532.5
3895,7066.0
3896,7066.0
3897,7066.0
3898,7066.0
3899,7066.0
3900,7066.0
3901,7066.0
3902,7066.0
3903,7066.0
3904,7066.0
3905,7066.0
3906,7066.0
3907,7066.0
3908,7066.0
3909,7066.0
3910,7066.0
3911,7066.0
3912,7066.0
3913,7066.0
3914,7066.0
3915,7066.0
3916,7066.0
3917,7066.0
3918,7066.0
3919,7066.0
3920,7066.0
3921,7066.0
3922,7066.0
3923,7066.0
3924,7066.0
3925,7066.0
3926,7066.0
3927,7066.0
3928,7066.0
3929,7066.0
3930,7066.0
3931,3532.5
3932,7066.0
3933,7066.0
3934,7066.0
3935,7066.0
3936,7066.0
3937,7066.0
3938,7066.0
3939,7066.0
3940,7066.0
3941,7066.0
3942,7066.0
3943,7066.0
3944,7066.0
3945,7066.0
3946,7066.0
3947,7066.0
3948,7066.0
3949,7066.0
3950,7066.0
3951,7066.0
3952,7066.0
3953,7066.0
3954,7066.0
3955,7066.0
3956,7066.0
3957,7066.0
3958,7066.0
3959,7066.0
3960,7066.0
3961,7066.0
3962,7066.0
3963,7066.0
3964,7066.0
3965,7066.0
3966,7066.0
3967,7066.0
3968,7066.0
3969,7066.0
3970,7066.0
3971,7066.0
3972,7066.0
3973,7066.0
3974,7066.0
3975,7066.0
3976,7066.0
3977,7066.0
3978,7066.0
3979,7066.0
3980,7066.0
3981,7066.0
3982,7066.0
3983,7066.0
3984,7066.0
3985,7066.0
3986,7066.0
3987,7066.0
3988,3532.5
3989,7066.0
3990,7066.0
3991,7066.0
3992,7066.0
3993,7066.0
3994,7066.0
3995,7066.0
3996,7066.0
3997,7066.0
3998,7066.0
3999,7066.0
4000,7066.0
4001,7066.0
4002,7066.0
4003,7066.0
4004,7066.0
4005,7066.0
4006,7066.0
4007,7066.0
4008,7066.0
4009,7066.0
4010,7066.0
4011,7066.0
4012,7066.0
4013,7066.0
4014,7066.0
4015,7066.0
4016,7066.0
4017,7066.0
4018,7066.0
4019,7066.0
4020,7066.0
4021,7066.0
4022,7066.0
4023,7066.0
4024,7066.0
4025,7066.0
4026,7066.0
4027,7066.0
4028,7066.0
4029,7066.0
4030,7066.0
4031,7066.0
4032,7066.0
4033,7066.0
4034,7066.0
4035,7066.0
4036,7066.0
4037,7066.0
4038,7066.0
4039,7066.0
4040,7066.0
4041,7066.0
4042,7066.0
4043,7066.0
4044,7066.0
4045,7066.0
4046,7066.0
4047,7066.0
4048,7066.0
4049,7066.0
4050,7066.0
4051,7066.0
4052,7066.0
4053,7066.0
4054,7066.0
4055,7066.0
4056,7066.0
4057,7066.0
4058,7066.0
4059,7066.0
4060,7066.0
4061,7066.0
4062,7066.0
4063,7066.0
4064,7066.0
4065,7066.0
4066,7066.0
4067,7066.0
4068,7066.0
4069,7066.0
4070,7066.0
4071,7066.0
4072,7066.0
4073,7066.0
4074,7066.0
4075,7066.0
4076,7066.0
4077,7066.0
4078,7066.0
4079,7066.0
4080,7066.0
4081,7066.0
4082,7066.0
4083,7066.0
4084,7066.0
4085,7066.0
4086,7066.0
4087,7066.0
4088,7066.0
4089,7066.0
4090,7066.0
4091,7066.0
4092,7066.0
4093,7066.0
4094,7066.0
4095,7066.0
4096,7066.0
4097,7066.0
4098,7066.0
4099,7066.0
4100,7066.0
4101,7066.0
4102,7066.0
4103,7066.0
4104,7066.0
4105,7066.0
4106,7066.0
4107,7066.0
4108,7066.0
4109,7066.0
4110,7066.0
4111,7066.0
4112,7066.0
4113,7066.0
4114,7066.0
4115,7066.0
4116,7066.0
4117,7066.0
4118,7066.0
4119,7066.0
4120,7066.0
4121,7066.0
4122,7066.0
4123,7066.0
4124,7066.0
4125,7066.0
4126,7066.0
4127,7066.0
4128,7066.0
4129,7066.0
4130,7066.0
4131,7066.0
4132,7066.0
4133,7066.0
4134,7066.0
4135,7066.0
4136,7066.0
4137,7066.0
4138,7066.0
4139,7066.0
4140,7066.0
4141,7066.0
4142,7066.0
4143,7066.0
4144,7066.0
4145,7066.0
4146,7066.0
4147,7066.0
4148,7066.0
4149,7066.0
4150,7066.0
4151,7066.0
4152,7066.0
4153,7066.0
4154,7066.0
4155,7066.0
4156,7066.0
4157,7066.0
4158,7066.0
4159,7066.0
4160,7066.0
4161,7066.0
4162,7066.0
4163,7066.0
4164,7066.0
4165,7066.0
4166,7066.0
4167,7066.0
4168,7066.0
4169,7066.0
4170,7066.0
4171,7066.0
4172,7066.0
4173,7066.0
4174,7066.0
4175,7066.0
4176,7066.0
4177,7066.0
4178,7066.0
4179,7066.0
4180,7066.0
4181,7066.0
4182,7066.0
4183,7066.0
4184,7066.0
4185,7066.0
4186,7066.0
4187,7066.0
4188,7066.0
4189,7066.0
4190,7066.0
4191,7066.0
4192,7066.0
4193,7066.0
4194,7066.0
4195,7066.0
4196,7066.0
4197,7066.0
4198,7066.0
4199,7066.0
4200,7066.0
4201,7066.0
4202,7066.0
4203,7066.0
4204,7066.0
4205,7066.0
4206,7066.0
4207,7066.0
4208,7066.0
4209,7066.0
4210,7066.0
4211,7066.0
4212,7066.0
4213,7066.0
4214,7066.0
4215,7066.0
4216,7066.0
4217,7066.0
4218,7066.0
4219,7066.0
4220,7066.0
4221,7066.0
4222,7066.0
4223,7066.0
4224,7066.0
4225,7066.0
4226,7066.0
4227,7066.0
4228,7066.0
4229,7066.0
4230,7066.0
4231,7066.0
4232,7066.0
4233,7066.0
4234,7066.0
4235,7066.0
4236,7066.0
4237,7066.0
4238,7066.0
4239,7066.0
4240,7066.0
4241,7066.0
4242,7066.0
4243,7066.0
4244,7066.0
4245,7066.0
4246,7066.0
4247,7066.0
4248,7066.0
4249,7066.0
4250,7066.0
4251,7066.0
4252,7066.0
4253,7066.0
4254,7066.0
4255,7066.0
4256,7066.0
4257,7066.0
4258,7066.0
4259,7066.0
4260,7066.0
4261,7066.0
4262,7066.0
4263,7066.0
4264,7066.0
4265,7066.0
4266,7066.0
4267,7066.0
4268,7066.0
4269,7066.0
4270,7066.0
4271,7066.0
4272,7066.0
4273,7066.0
4274,7066.0
4275,7066.0
4276,7066.0
4277,7066.0
4278,7066.0
4279,7066.0
4280,7066.0
4281,7066.0
4282,7066.0
4283,7066.0
4284,7066.0
4285,7066.0
4286,7066.0
4287,7066.0
4288,7066.0
4289,7066.0
4290,7066.0
4291,7066.0
4292,7066.0
4293,7066.0
4294,7066.0
4295,7066.0
4296,7066.0
4297,7066.0
4298,7066.0
4299,7066.0
4300,7066.0
4301,7066.0
4302,7066.0
4303,7066.0
4304,7066.0
4305,7066.0
4306,7066.0
4307,7066.0
4308,7066.0
4309,3532.5
4310,7066.0
4311,7066.0
4312,7066.0
4313,7066.0
4314,7066.0
4315,7066.0
4316,7066.0
4317,7066.0
4318,7066.0
4319,7066.0
4320,3532.5
4321,7066.0
4322,7066.0
4323,7066.0
4324,7066.0
4325,7066.0
4326,7066.0
4327,7066.0
4328,7066.0
4329,7066.0
4330,7066.0
4331,7066.0
4332,7066.0
4333,7066.0
4334,7066.0
4335,7066.0
4336,7066.0
4337,7066.0
4338,7066.0
4339,7066.0
4340,7066.0
4341,7066.0
4342,7066.0
4343,7066.0
4344,7066.0
4345,7066.0
4346,7066.0
4347,7066.0
4348,7066.0
4349,7066.0
4350,7066.0
4351,7066.0
4352,7066.0
4353,7066.0
4354,7066.0
4355,7066.0
4356,7066.0
4357,7066.0
4358,7066.0
4359,7066.0
4360,7066.0
4361,7066.0
4362,7066.0
4363,7066.0
4364,7066.0
4365,7066.0
4366,7066.0
4367,7066.0
4368,7066.0
4369,7066.0
4370,7066.0
4371,7066.0
4372,7066.0
4373,7066.0
4374,7066.0
4375,7066.0
4376,7066.0
4377,7066.0
4378,7066.0
4379,7066.0
4380,7066.0
4381,7066.0
4382,7066.0
4383,7066.0
4384,7066.0
4385,7066.0
4386,7066.0
4387,7066.0
4388,7066.0
4389,7066.0
4390,7066.0
4391,7066.0
4392,7066.0
4393,7066.0
4394,7066.0
4395,7066.0
4396,7066.0
4397,7066.0
4398,7066.0
4399,7066.0
4400,7066.0
4401,7066.0
4402,7066.0
4403,7066.0
4404,7066.0
4405,7066.0
4406,7066.0
4407,7066.0
4408,7066.0
4409,7066.0
4410,7066.0
4411,7066.0
4412,7066.0
4413,7066.0
4414,7066.0
4415,7066.0
4416,7066.0
4417,7066.0
4418,7066.0
4419,7066.0
4420,7066.0
4421,7066.0
4422,7066.0
4423,7066.0
4424,7066.0
4425,7066.0
4426,7066.0
4427,7066.0
4428,7066.0
4429,7066.0
4430,7066.0
4431,7066.0
4432,7066.0
4433,7066.0
4434,7066.0
4435,7066.0
4436,7066.0
4437,7066.0
4438,7066.0
4439,7066.0
4440,7066.0
4441,7066.0
4442,7066.0
4443,7066.0
4444,7066.0
4445,7066.0
4446,7066.0
4447,7066.0
4448,7066.0
4449,7066.0
4450,7066.0
4451,7066.0
4452,3532.5
4453,7066.0
4454,7066.0
4455,7066.0
4456,7066.0
4457,7066.0
4458,7066.0
4459,7066.0
4460,7066.0
4461,7066.0
4462,7066.0
4463,7066.0
4464,3532.5
4465,7066.0
4466,7066.0
4467,7066.0
4468,7066.0
4469,7066.0
4470,7066.0
4471,7066.0
4472,7066.0
4473,7066.0
4474,7066.0
4475,7066.0
4476,7066.0
4477,7066.0
4478,7066.0
4479,7066.0
4480,7066.0
4481,7066.0
4482,7066.0
4483,7066.0
4484,7066.0
4485,7066.0
4486,7066.0
4487,7066.0
4488,7066.0
4489,7066.0
4490,7066.0
4491,7066.0
4492,7066.0
4493,7066.0
4494,7066.0
4495,7066.0
4496,7066.0
4497,7066.0
4498,7066.0
4499,7066.0
4500,7066.0
4501,7066.0
4502,7066.0
4503,7066.0
4504,7066.0
4505,7066.0
4506,7066.0
4507,7066.0
4508,7066.0
4509,7066.0
4510,7066.0
4511,7066.0
4512,7066.0
4513,7066.0
4514,7066.0
4515,7066.0
4516,7066.0
4517,7066.0
4518,7066.0
4519,7066.0
4520,7066.0
4521,7066.0
4522,7066.0
4523,7066.0
4524,7066.0
4525,3532.5
4526,7066.0
4527,7066.0
4528,7066.0
4529,7066.0
4530,7066.0
4531,7066.0
4532,7066.0
4533,7066.0
4534,7066.0
4535,7066.0
4536,7066.0
4537,7066.0
4538,7066.0
4539,7066.0
4540,7066.0
4541,7066.0
4542,7066.0
4543,7066.0
4544,7066.0
4545,7066.0
4546,7066.0
4547,7066.0
4548,7066.0
4549,7066.0
4550,7066.0
4551,7066.0
4552,7066.0
4553,7066.0
4554,7066.0
4555,7066.0
4556,7066.0
4557,7066.0
4558,7066.0
4559,7066.0
4560,7066.0
4561,7066.0
4562,7066.0
4563,7066.0
4564,7066.0
4565,7066.0
4566,7066.0
4567,7066.0
4568,7066.0
4569,7066.0
4570,7066.0
4571,7066.0
4572,7066.0
4573,7066.0
4574,7066.0
4575,7066.0
4576,7066.0
4577,7066.0
4578,7066.0
4579,7066.0
4580,7066.0
4581,7066.0
4582,7066.0
4583,7066.0
4584,7066.0
4585,7066.0
4586,7066.0
4587,7066.0
4588,7066.0
4589,7066.0
4590,7066.0
4591,7066.0
4592,7066.0
4593,7066.0
4594,7066.0
4595,7066.0
4596,7066.0
4597,7066.0
4598,7066.0
4599,7066.0
4600,7066.0
4601,1765.75
4602,7066.0
4603,7066.0
4604,7066.0
4605,7066.0
4606,3532.5
4607,7066.0
4608,7066.0
4609,7066.0
4610,7066.0
4611,7066.0
4612,7066.0
4613,7066.0
4614,7066.0
4615,7066.0
4616,7066.0
4617,7066.0
4618,7066.0
4619,7066.0
4620,7066.0
4621,7066.0
4622,7066.0
4623,7066.0
4624,7066.0
4625,7066.0
4626,7066.0
4627,7066.0
4628,7066.0
4629,7066.0
4630,7066.0
4631,7066.0
4632,7066.0
4633,7066.0
4634,7066.0
4635,7066.0
4636,7066.0
4637,7066.0
4638,7066.0
4639,7066.0
4640,7066.0
4641,7066.0
4642,7066.0
4643,7066.0
4644,7066.0
4645,7066.0
4646,7066.0
4647,7066.0
4648,7066.0
4649,7066.0
4650,7066.0
4651,7066.0
4652,7066.0
4653,7066.0
4654,7066.0
4655,7066.0
4656,7066.0
4657,7066.0
4658,3532.0
4659,3532.5
4660,7066.0
4661,7066.0
4662,7066.0
4663,7066.0
4664,7066.0
4665,7066.0
4666,7066.0
4667,7066.0
4668,7066.0
4669,7066.0
4670,7066.0
4671,7066.0
4672,7066.0
4673,7066.0
4674,7066.0
4675,7066.0
4676,7066.0
4677,7066.0
4678,7066.0
4679,7066.0
4680,7066.0
4681,7066.0
4682,7066.0
4683,7066.0
4684,7066.0
4685,7066.0
4686,7066.0
4687,7066.0
4688,7066.0
4689,7066.0
4690,7066.0
4691,7066.0
4692,7066.0
4693,7066.0
4694,7066.0
4695,7066.0
4696,7066.0
4697,7066.0
4698,7066.0
4699,7066.0
4700,7066.0
4701,7066.0
4702,7066.0
4703,7066.0
4704,7066.0
4705,7066.0
4706,7066.0
4707,7066.0
4708,7066.0
4709,7066.0
4710,7066.0
4711,7066.0
4712,7066.0
4713,7066.0
4714,7066.0
4715,7066.0
4716,7066.0
4717,7066.0
4718,7066.0
4719,7066.0
4720,7066.0
4721,7066.0
4722,7066.0
4723,7066.0
4724,7066.0
4725,7066.0
4726,7066.0
4727,7066.0
4728,7066.0
4729,7066.0
4730,7066.0
4731,7066.0
4732,7066.0
4733,7066.0
4734,7066.0
4735,7066.0
4736,7066.0
4737,7066.0
4738,7066.0
4739,7066.0
4740,7066.0
4741,7066.0
4742,7066.0
4743,7066.0
4744,7066.0
4745,7066.0
4746,7066.0
4747,7066.0
4748,7066.0
4749,7066.0
4750,7066.0
4751,7066.0
4752,7066.0
4753,7066.0
4754,7066.0
4755,7066.0
4756,7066.0
4757,7066.0
4758,7066.0
4759,7066.0
4760,7066.0
4761,7066.0
4762,7066.0
4763,7066.0
4764,7066.0
4765,7066.0
4766,7066.0
4767,7066.0
4768,7066.0
4769,7066.0
4770,7066.0
4771,7066.0
4772,7066.0
4773,7066.0
4774,7066.0
4775,7066.0
4776,7066.0
4777,7066.0
4778,7066.0
4779,7066.0
4780,7066.0
4781,7066.0
4782,7066.0
4783,7066.0
4784,7066.0
4785,7066.0
4786,7066.0
4787,7066.0
4788,7066.0
4789,7066.0
4790,7066.0
4791,7066.0
4792,7066.0
4793,7066.0
4794,7066.0
4795,7066.0
4796,7066.0
4797,7066.0
4798,7066.0
4799,7066.0
4800,7066.0
4801,7066.0
4802,7066.0
4803,7066.0
4804,7066.0
4805,7066.0
4806,7066.0
4807,7066.0
4808,7066.0
4809,7066.0
4810,7066.0
4811,7066.0
4812,7066.0
4813,7066.0
4814,7066.0
4815,7066.0
4816,7066.0
4817,7066.0
4818,7066.0
4819,7066.0
4820,7066.0
4821,7066.0
4822,7066.0
4823,7066.0
4824,7066.0
4825,7066.0
4826,7066.0
4827,7066.0
4828,7066.0
4829,7066.0
4830,7066.0
4831,7066.0
4832,7066.0
4833,7066.0
4834,7066.0
4835,7066.0
4836,7066.0
4837,7066.0
4838,7066.0
4839,7066.0
4840,7066.0
4841,7066.0
4842,7066.0
4843,7066.0
4844,7066.0
4845,7066.0
4846,7066.0
4847,7066.0
4848,7066.0
4849,7066.0
4850,7066.0
4851,7066.0
4852,7066.0
4853,7066.0
4854,7066.0
4855,7066.0
4856,7066.0
4857,7066.0
4858,7066.0
4859,7066.0
4860,7066.0
4861,7066.0
4862,7066.0
4863,7066.0
4864,7066.0
4865,7066.0
4866,7066.0
4867,3532.5
4868,7066.0
4869,7066.0
4870,7066.0
4871,7066.0
4872,7066.0
4873,7066.0
4874,7066.0
4875,7066.0
4876,7066.0
4877,7066.0
4878,7066.0
4879,7066.0
4880,7066.0
4881,7066.0
4882,7066.0
4883,7066.0
4884,7066.0
4885,7066.0
4886,7066.0
4887,7066.0
4888,7066.0
4889,7066.0
4890,3532.5
4891,7066.0
4892,3532.5
4893,7066.0
4894,7066.0
4895,7066.0
4896,7066.0
4897,7066.0
4898,7066.0
4899,7066.0
4900,7066.0
4901,7066.0
4902,7066.0
4903,7066.0
4904,7066.0
4905,7066.0
4906,7066.0
4907,7066.0
4908,7066.0
4909,7066.0
4910,7066.0
4911,7066.0
4912,7066.0
4913,7066.0
4914,7066.0
4915,7066.0
4916,7066.0
4917,7066.0
4918,7066.0
4919,7066.0
4920,7066.0
4921,7066.0
4922,7066.0
4923,7066.0
4924,7066.0
4925,7066.0
4926,7066.0
4927,7066.0
4928,7066.0
4929,7066.0
4930,7066.0
4931,7066.0
4932,7066.0
4933,7066.0
4934,7066.0
4935,7066.0
4936,7066.0
4937,7066.0
4938,7066.0
4939,7066.0
4940,7066.0
4941,7066.0
4942,7066.0
4943,7066.0
4944,7066.0
4945,7066.0
4946,7066.0
4947,7066.0
4948,7066.0
4949,7066.0
4950,7066.0
4951,7066.0
4952,7066.0
4953,7066.0
4954,7066.0
4955,7066.0
4956,7066.0
4957,7066.0
4958,7066.0
4959,7066.0
4960,7066.0
4961,7066.0
4962,7066.0
4963,7066.0
4964,7066.0
4965,7066.0
4966,7066.0
4967,7066.0
4968,7066.0
4969,7066.0
4970,7066.0
4971,7066.0
4972,7066.0
4973,7066.0
4974,7066.0
4975,7066.0
4976,7066.0
4977,7066.0
4978,7066.0
4979,7066.0
4980,7066.0
4981,7066.0
4982,7066.0
4983,7066.0
4984,7066.0
4985,7066.0
4986,7066.0
4987,7066.0
4988,7066.0
4989,7066.0
4990,7066.0
4991,7066.0
4992,7066.0
4993,7066.0
4994,7066.0
4995,7066.0
4996,7066.0
4997,7066.0
4998,7066.0
4999,7066.0
5000,7066.0
5001,7066.0
5002,7066.0
5003,7066.0
5004,7066.0
5005,7066.0
5006,7066.0
5007,7066.0
5008,7066.0
5009,7066.0
5010,7066.0
5011,7066.0
5012,7066.0
5013,7066.0
5014,7066.0
5015,7066.0
5016,7066.0
5017,7066.0
5018,7066.0
5019,7066.0
5020,7066.0
5021,7066.0
5022,7066.0
5023,7066.0
5024,7066.0
5025,7066.0
5026,7066.0
5027,7066.0
5028,7066.0
5029,7066.0
5030,7066.0
5031,7066.0
5032,7066.0
5033,7066.0
5034,7066.0
5035,7066.0
5036,7066.0
5037,7066.0
5038,7066.0
5039,7066.0
5040,7066.0
5041,7066.0
5042,7066.0
5043,7066.0
5044,7066.0
5045,7066.0
5046,7066.0
5047,7066.0
5048,7066.0
5049,7066.0
5050,7066.0
5051,7066.0
5052,7066.0
5053,7066.0
5054,7066.0
5055,7066.0
5056,7066.0
5057,7066.0
5058,7066.0
5059,7066.0
5060,7066.0
5061,7066.0
5062,7066.0
5063,7066.0
5064,7066.0
5065,7066.0
5066,7066.0
5067,7066.0
5068,7066.0
5069,7066.0
5070,7066.0
5071,7066.0
5072,7066.0
5073,7066.0
5074,7066.0
5075,7066.0
5076,7066.0
5077,7066.0
5078,7066.0
5079,7066.0
5080,7066.0
5081,7066.0
5082,7066.0
5083,7066.0
5084,7066.0
5085,7066.0
5086,7066.0
5087,7066.0
5088,7066.0
5089,7066.0
5090,7066.0
5091,3532.5
5092,7066.0
5093,7066.0
5094,7066.0
5095,7066.0
5096,7066.0
5097,7066.0
5098,7066.0
5099,7066.0
5100,7066.0
5101,7066.0
5102,7066.0
5103,7066.0
5104,7066.0
5105,7066.0
5106,7066.0
5107,7066.0
5108,7066.0
5109,7066.0
5110,7066.0
5111,7066.0
5112,7066.0
5113,7066.0
5114,7066.0
5115,7066.0
5116,7066.0
5117,7066.0
5118,7066.0
5119,7066.0
5120,7066.0
5121,7066.0
5122,7066.0
5123,7066.0
5124,7066.0
5125,7066.0
5126,7066.0
5127,7066.0
5128,7066.0
5129,7066.0
5130,7066.0
5131,7066.0
5132,7066.0
5133,7066.0
5134,7066.0
5135,7066.0
5136,7066.0
5137,7066.0
5138,7066.0
5139,7066.0
5140,7066.0
5141,7066.0
5142,7066.0
5143,7066.0
5144,7066.0
5145,7066.0
5146,7066.0
5147,7066.0
5148,7066.0
5149,7066.0
5150,7066.0
5151,7066.0
5152,7066.0
5153,7066.0
5154,7066.0
5155,7066.0
5156,7066.0
5157,7066.0
5158,7066.0
5159,7066.0
5160,7066.0
5161,7066.0
5162,7066.0
5163,7066.0
5164,7066.0
5165,7066.0
5166,7066.0
5167,7066.0
5168,7066.0
5169,7066.0
5170,7066.0
5171,7066.0
5172,7066.0
5173,7066.0
5174,3532.5
5175,7066.0
5176,7066.0
5177,7066.0
5178,7066.0
5179,7066.0
5180,7066.0
5181,7066.0
5182,7066.0
5183,7066.0
5184,7066.0
5185,7066.0
5186,7066.0
5187,7066.0
5188,7066.0
5189,7066.0
5190,7066.0
5191,7066.0
5192,7066.0
5193,3532.5
5194,7066.0
5195,7066.0
5196,7066.0
5197,7066.0
5198,7066.0
5199,7066.0
5200,7066.0
5201,7066.0
5202,7066.0
5203,7066.0
5204,7066.0
5205,7066.0
5206,7066.0
5207,7066.0
5208,7066.0
5209,7066.0
5210,7066.0
5211,7066.0
5212,7066.0
5213,7066.0
5214,7066.0
5215,7066.0
5216,7066.0
5217,7066.0
5218,7066.0
5219,7066.0
5220,7066.0
5221,7066.0
5222,7066.0
5223,7066.0
5224,7066.0
5225,7066.0
5226,7066.0
5227,7066.0
5228,7066.0
5229,7066.0
5230,7066.0
5231,7066.0
5232,7066.0
5233,7066.0
5234,7066.0
5235,7066.0
5236,7066.0
5237,7066.0
5238,7066.0
5239,7066.0
5240,7066.0
5241,7066.0
5242,7066.0
5243,7066.0
5244,7066.0
5245,7066.0
5246,7066.0
5247,7066.0
5248,7066.0
5249,7066.0
5250,7066.0
5251,7066.0
5252,7066.0
5253,7066.0
5254,7066.0
5255,7066.0
5256,7066.0
5257,7066.0
5258,7066.0
5259,7066.0
5260,7066.0
5261,7066.0
5262,7066.0
5263,7066.0
5264,7066.0
5265,7066.0
5266,7066.0
5267,7066.0
5268,7066.0
5269,7066.0
5270,7066.0
5271,7066.0
5272,7066.0
5273,7066.0
5274,7066.0
5275,7066.0
5276,7066.0
5277,7066.0
5278,7066.0
5279,7066.0
5280,7066.0
5281,7066.0
5282,7066.0
5283,7066.0
5284,7066.0
5285,7066.0
5286,7066.0
5287,7066.0
5288,7066.0
5289,7066.0
5290,7066.0
5291,7066.0
5292,7066.0
5293,7066.0
5294,7066.0
5295,7066.0
5296,7066.0
5297,7066.0
5298,7066.0
5299,7066.0
5300,7066.0
5301,7066.0
5302,7066.0
5303,7066.0
5304,7066.0
5305,7066.0
5306,7066.0
5307,7066.0
5308,7066.0
5309,7066.0
5310,7066.0
5311,7066.0
5312,7066.0
5313,7066.0
5314,7066.0
5315,7066.0
5316,7066.0
5317,7066.0
5318,7066.0
5319,7066.0
5320,7066.0
5321,7066.0
5322,7066.0
5323,3532.5
5324,7066.0
5325,7066.0
5326,7066.0
5327,7066.0
5328,7066.0
5329,7066.0
5330,7066.0
5331,7066.0
5332,7066.0
5333,7066.0
5334,7066.0
5335,7066.0
5336,7066.0
5337,7066.0
5338,7066.0
5339,7066.0
5340,7066.0
5341,7066.0
5342,7066.0
5343,7066.0
5344,7066.0
5345,7066.0
5346,7066.0
5347,7066.0
5348,7066.0
5349,7066.0
5350,7066.0
5351,7066.0
5352,7066.0
5353,7066.0
5354,7066.0
5355,7066.0
5356,7066.0
5357,7066.0
5358,7066.0
5359,7066.0
5360,7066.0
5361,7066.0
5362,7066.0
5363,7066.0
5364,7066.0
5365,7066.0
5366,7066.0
5367,7066.0
5368,7066.0
5369,7066.0
5370,7066.0
5371,7066.0
5372,7066.0
5373,7066.0
5374,7066.0
5375,7066.0
5376,7066.0
5377,7066.0
5378,7066.0
5379,7066.0
5380,7066.0
5381,7066.0
5382,7066.0
5383,7066.0
5384,7066.0
5385,7066.0
5386,7066.0
5387,7066.0
5388,7066.0
5389,7066.0
5390,7066.0
5391,7066.0
5392,7066.0
5393,7066.0
5394,7066.0
5395,7066.0
5396,7066.0
5397,7066.0
5398,7066.0
5399,7066.0
5400,7066.0
5401,7066.0
5402,7066.0
5403,7066.0
5404,7066.0
5405,7066.0
5406,7066.0
5407,7066.0
5408,7066.0
5409,7066.0
5410,7066.0
5411,7066.0
5412,7066.0
5413,7066.0
5414,7066.0
5415,7066.0
5416,7066.0
5417,7066.0
5418,7066.0
5419,7066.0
5420,7066.0
5421,7066.0
5422,7066.0
5423,7066.0
5424,7066.0
5425,7066.0
5426,7066.0
5427,7066.0
5428,7066.0
5429,7066.0
5430,7066.0
5431,7066.0
5432,7066.0
5433,7066.0
5434,7066.0
5435,7066.0
5436,7066.0
5437,7066.0
5438,7066.0
5439,7066.0
5440,7066.0
5441,7066.0
5442,7066.0
5443,7066.0
5444,7066.0
5445,7066.0
5446,7066.0
5447,7066.0
5448,7066.0
5449,7066.0
5450,7066.0
5451,7066.0
5452,7066.0
5453,7066.0
5454,7066.0
5455,7066.0
5456,7066.0
5457,7066.0
5458,7066.0
5459,7066.0
5460,7066.0
5461,7066.0
5462,7066.0
5463,7066.0
5464,7066.0
5465,7066.0
5466,7066.0
5467,7066.0
5468,7066.0
5469,7066.0
5470,7066.0
5471,7066.0
5472,7066.0
5473,7066.0
5474,7066.0
5475,7066.0
5476,7066.0
5477,7066.0
5478,7066.0
5479,7066.0
5480,7066.0
5481,7066.0
5482,7066.0
5483,7066.0
5484,7066.0
5485,7066.0
5486,7066.0
5487,7066.0
5488,7066.0
5489,7066.0
5490,7066.0
5491,7066.0
5492,7066.0
5493,7066.0
5494,7066.0
5495,7066.0
5496,7066.0
5497,7066.0
5498,7066.0
5499,7066.0
5500,7066.0
5501,7066.0
5502,7066.0
5503,7066.0
5504,7066.0
5505,7066.0
5506,7066.0
5507,7066.0
5508,7066.0
5509,7066.0
5510,7066.0
5511,7066.0
5512,7066.0
5513,7066.0
5514,7066.0
5515,7066.0
5516,7066.0
5517,7066.0
5518,7066.0
5519,7066.0
5520,7066.0
5521,7066.0
5522,7066.0
5523,7066.0
5524,7066.0
5525,7066.0
5526,7066.0
5527,7066.0
5528,7066.0
5529,7066.0
5530,7066.0
5531,7066.0
5532,7066.0
5533,7066.0
5534,7066.0
5535,7066.0
5536,7066.0
5537,7066.0
5538,7066.0
5539,7066.0
5540,7066.0
5541,7066.0
5542,7066.0
5543,7066.0
5544,7066.0
5545,7066.0
5546,7066.0
5547,7066.0
5548,7066.0
5549,7066.0
5550,7066.0
5551,7066.0
5552,7066.0
5553,7066.0
5554,7066.0
5555,7066.0
5556,7066.0
5557,7066.0
5558,7066.0
5559,7066.0
5560,7066.0
5561,7066.0
5562,7066.0
5563,7066.0
5564,7066.0
5565,7066.0
5566,7066.0
5567,7066.0
5568,7066.0
5569,7066.0
5570,7066.0
5571,7066.0
5572,7066.0
5573,7066.0
5574,7066.0
5575,7066.0
5576,7066.0
5577,7066.0
5578,7066.0
5579,7066.0
5580,7066.0
5581,7066.0
5582,7066.0
5583,7066.0
5584,7066.0
5585,7066.0
5586,7066.0
5587,7066.0
5588,7066.0
5589,7066.0
5590,7066.0
5591,7066.0
5592,7066.0
5593,7066.0
5594,7066.0
5595,7066.0
5596,7066.0
5597,7066.0
5598,7066.0
5599,7066.0
5600,7066.0
5601,7066.0
5602,7066.0
5603,7066.0
5604,7066.0
5605,7066.0
5606,7066.0
5607,7066.0
5608,7066.0
5609,7066.0
5610,7066.0
5611,7066.0
5612,7066.0
5613,7066.0
5614,7066.0
5615,7066.0
5616,7066.0
5617,7066.0
5618,7066.0
5619,7066.0
5620,7066.0
5621,7066.0
5622,7066.0
5623,7066.0
5624,7066.0
5625,7066.0
5626,7066.0
5627,7066.0
5628,7066.0
5629,7066.0
5630,7066.0
5631,7066.0
5632,7066.0
5633,7066.0
5634,7066.0
5635,7066.0
5636,7066.0
5637,7066.0
5638,7066.0
5639,7066.0
5640,7066.0
5641,7066.0
5642,7066.0
5643,7066.0
5644,7066.0
5645,7066.0
5646,7066.0
5647,7066.0
5648,7066.0
5649,7066.0
5650,7066.0
5651,7066.0
5652,7066.0
5653,7066.0
5654,7066.0
5655,7066.0
5656,7066.0
5657,7066.0
5658,7066.0
5659,7066.0
5660,7066.0
5661,7066.0
5662,7066.0
5663,7066.0
5664,7066.0
5665,7066.0
5666,7066.0
5667,7066.0
5668,7066.0
5669,7066.0
5670,7066.0
5671,7066.0
5672,7066.0
5673,7066.0
5674,7066.0
5675,7066.0
5676,7066.0
5677,7066.0
5678,7066.0
5679,3532.5
5680,7066.0
5681,7066.0
5682,7066.0
5683,7066.0
5684,7066.0
5685,7066.0
5686,7066.0
5687,7066.0
5688,7066.0
5689,7066.0
5690,7066.0
5691,7066.0
5692,7066.0
5693,7066.0
5694,7066.0
5695,7066.0
5696,7066.0
5697,7066.0
5698,7066.0
5699,7066.0
5700,7066.0
5701,7066.0
5702,7066.0
5703,7066.0
5704,7066.0
5705,7066.0
5706,7066.0
5707,7066.0
5708,7066.0
5709,7066.0
5710,7066.0
5711,7066.0
5712,7066.0
5713,7066.0
5714,7066.0
5715,7066.0
5716,7066.0
5717,7066.0
5718,7066.0
5719,7066.0
5720,7066.0
5721,7066.0
5722,7066.0
5723,7066.0
5724,7066.0
5725,7066.0
5726,7066.0
5727,7066.0
5728,7066.0
5729,7066.0
5730,7066.0
5731,7066.0
5732,7066.0
5733,7066.0
5734,7066.0
5735,7066.0
5736,7066.0
5737,7066.0
5738,7066.0
5739,7066.0
5740,7066.0
5741,7066.0
5742,7066.0
5743,7066.0
5744,7066.0
5745,7066.0
5746,7066.0
5747,7066.0
5748,7066.0
5749,7066.0
5750,7066.0
5751,7066.0
5752,7066.0
5753,7066.0
5754,7066.0
5755,7066.0
5756,7066.0
5757,7066.0
5758,7066.0
5759,7066.0
5760,7066.0
5761,7066.0
5762,7066.0
5763,7066.0
5764,7066.0
5765,7066.0
5766,7066.0
5767,7066.0
5768,7066.0
5769,7066.0
5770,7066.0
5771,7066.0
5772,7066.0
5773,7066.0
5774,7066.0
5775,7066.0
5776,3532.5
5777,7066.0
5778,7066.0
5779,7066.0
5780,7066.0
5781,7066.0
5782,7066.0
5783,3532.5
5784,7066.0
5785,7066.0
5786,7066.0
5787,7066.0
5788,7066.0
5789,7066.0
5790,7066.0
5791,7066.0
5792,7066.0
5793,7066.0
5794,7066.0
5795,7066.0
5796,7066.0
5797,7066.0
5798,7066.0
5799,7066.0
5800,7066.0
5801,7066.0
5802,7066.0
5803,7066.0
5804,7066.0
5805,7066.0
5806,7066.0
5807,7066.0
5808,7066.0
5809,7066.0
5810,7066.0
5811,7066.0
5812,7066.0
5813,7066.0
5814,7066.0
5815,7066.0
5816,7066.0
5817,7066.0
5818,7066.0
5819,7066.0
5820,7066.0
5821,7066.0
5822,7066.0
5823,7066.0
5824,7066.0
5825,7066.0
5826,7066.0
5827,7066.0
5828,7066.0
5829,7066.0
5830,7066.0
5831,7066.0
5832,7066.0
5833,7066.0
5834,7066.0
5835,7066.0
5836,7066.0
5837,7066.0
5838,7066.0
5839,7066.0
5840,7066.0
5841,7066.0
5842,7066.0
5843,7066.0
5844,7066.0
5845,7066.0
5846,7066.0
5847,7066.0
5848,7066.0
5849,7066.0
5850,7066.0
5851,7066.0
5852,7066.0
5853,7066.0
5854,7066.0
5855,7066.0
5856,7066.0
5857,7066.0
5858,7066.0
5859,7066.0
5860,7066.0
5861,7066.0
5862,7066.0
5863,7066.0
5864,7066.0
5865,7066.0
5866,7066.0
5867,7066.0
5868,7066.0
5869,7066.0
5870,7066.0
5871,7066.0
5872,7066.0
5873,7066.0
5874,7066.0
5875,7066.0
5876,7066.0
5877,7066.0
5878,7066.0
5879,7066.0
5880,7066.0
5881,7066.0
5882,7066.0
5883,7066.0
5884,7066.0
5885,7066.0
5886,7066.0
5887,7066.0
5888,7066.0
5889,7066.0
5890,7066.0
5891,7066.0
5892,7066.0
5893,7066.0
5894,7066.0
5895,7066.0
5896,7066.0
5897,7066.0
5898,7066.0
5899,7066.0
5900,7066.0
5901,7066.0
5902,7066.0
5903,7066.0
5904,7066.0
5905,7066.0
5906,7066.0
5907,7066.0
5908,7066.0
5909,7066.0
5910,7066.0
5911,7066.0
5912,7066.0
5913,7066.0
5914,7066.0
5915,7066.0
5916,7066.0
5917,7066.0
5918,7066.0
5919,7066.0
5920,7066.0
5921,7066.0
5922,7066.0
5923,7066.0
5924,7066.0
5925,7066.0
5926,7066.0
5927,7066.0
5928,7066.0
5929,7066.0
5930,7066.0
5931,7066.0
5932,7066.0
5933,7066.0
5934,7066.0
5935,7066.0
5936,7066.0
5937,7066.0
5938,7066.0
5939,7066.0
5940,7066.0
5941,7066.0
5942,7066.0
5943,7066.0
5944,7066.0
5945,7066.0
5946,7066.0
5947,7066.0
5948,7066.0
5949,7066.0
5950,7066.0
5951,7066.0
5952,7066.0
5953,7066.0
5954,7066.0
5955,7066.0
5956,7066.0
5957,7066.0
5958,7066.0
5959,7066.0
5960,7066.0
5961,7066.0
5962,7066.0
5963,7066.0
5964,7066.0
5965,7066.0
5966,7066.0
5967,7066.0
5968,7066.0
5969,7066.0
5970,7066.0
5971,7066.0
5972,7066.0
5973,7066.0
5974,7066.0
5975,7066.0
5976,7066.0
5977,7066.0
5978,7066.0
5979,7066.0
5980,7066.0
5981,7066.0
5982,7066.0
5983,7066.0
5984,7066.0
5985,7066.0
5986,7066.0
5987,7066.0
5988,7066.0
5989,7066.0
5990,7066.0
5991,7066.0
5992,7066.0
5993,7066.0
5994,7066.0
5995,7066.0
5996,7066.0
5997,7066.0
5998,7066.0
5999,7066.0
6000,7066.0
6001,7066.0
6002,7066.0
6003,7066.0
6004,7066.0
6005,7066.0
6006,7066.0
6007,7066.0
6008,7066.0
6009,7066.0
6010,7066.0
6011,7066.0
6012,7066.0
6013,7066.0
6014,7066.0
6015,7066.0
6016,7066.0
6017,7066.0
6018,7066.0
6019,7066.0
6020,7066.0
6021,7066.0
6022,7066.0
6023,7066.0
6024,7066.0
6025,7066.0
6026,7066.0
6027,7066.0
6028,7066.0
6029,7066.0
6030,7066.0
6031,7066.0
6032,7066.0
6033,7066.0
6034,7066.0
6035,7066.0
6036,7066.0
6037,7066.0
6038,7066.0
6039,7066.0
6040,7066.0
6041,7066.0
6042,7066.0
6043,7066.0
6044,7066.0
6045,7066.0
6046,7066.0
6047,7066.0
6048,7066.0
6049,7066.0
6050,7066.0
6051,7066.0
6052,7066.0
6053,7066.0
6054,7066.0
6055,7066.0
6056,7066.0
6057,7066.0
6058,7066.0
6059,7066.0
6060,7066.0
6061,7066.0
6062,7066.0
6063,7066.0
6064,7066.0
6065,7066.0
6066,7066.0
6067,7066.0
6068,7066.0
6069,7066.0
6070,7066.0
6071,7066.0
6072,7066.0
6073,7066.0
6074,7066.0
6075,7066.0
6076,7066.0
6077,7066.0
6078,7066.0
6079,7066.0
6080,7066.0
6081,7066.0
6082,7066.0
6083,7066.0
6084,7066.0
6085,7066.0
6086,7066.0
6087,7066.0
6088,7066.0
6089,7066.0
6090,7066.0
6091,7066.0
6092,7066.0
6093,7066.0
6094,7066.0
6095,7066.0
6096,7066.0
6097,7066.0
6098,7066.0
6099,7066.0
6100,7066.0
6101,7066.0
6102,7066.0
6103,7066.0
6104,7066.0
6105,7066.0
6106,7066.0
6107,7066.0
6108,7066.0
6109,7066.0
6110,7066.0
6111,7066.0
6112,7066.0
6113,7066.0
6114,7066.0
6115,7066.0
6116,7066.0
6117,7066.0
6118,7066.0
6119,7066.0
6120,7066.0
6121,7066.0
6122,7066.0
6123,7066.0
6124,7066.0
6125,7066.0
6126,7066.0
6127,7066.0
6128,7066.0
6129,7066.0
6130,7066.0
6131,7066.0
6132,3532.5
6133,7066.0
6134,7066.0
6135,7066.0
6136,7066.0
6137,7066.0
6138,7066.0
6139,7066.0
6140,7066.0
6141,7066.0
6142,7066.0
6143,7066.0
6144,7066.0
6145,7066.0
6146,7066.0
6147,7066.0
6148,7066.0
6149,7066.0
6150,7066.0
6151,7066.0
6152,7066.0
6153,7066.0
6154,7066.0
6155,7066.0
6156,7066.0
6157,7066.0
6158,7066.0
6159,7066.0
6160,7066.0
6161,7066.0
6162,7066.0
6163,7066.0
6164,7066.0
6165,7066.0
6166,7066.0
6167,7066.0
6168,7066.0
6169,7066.0
6170,7066.0
6171,7066.0
6172,7066.0
6173,7066.0
6174,7066.0
6175,7066.0
6176,7066.0
6177,7066.0
6178,7066.0
6179,7066.0
6180,7066.0
6181,7066.0
6182,7066.0
6183,7066.0
6184,7066.0
6185,7066.0
6186,7066.0
6187,7066.0
6188,7066.0
6189,7066.0
6190,7066.0
6191,7066.0
6192,7066.0
6193,7066.0
6194,7066.0
6195,7066.0
6196,7066.0
6197,7066.0
6198,7066.0
6199,7066.0
6200,7066.0
6201,7066.0
6202,7066.0
6203,7066.0
6204,7066.0
6205,7066.0
6206,3532.5
6207,7066.0
6208,7066.0
6209,7066.0
6210,7066.0
6211,7066.0
6212,7066.0
6213,7066.0
6214,7066.0
6215,7066.0
6216,7066.0
6217,7066.0
6218,7066.0
6219,3532.5
6220,7066.0
6221,7066.0
6222,7066.0
6223,7066.0
6224,7066.0
6225,7066.0
6226,7066.0
6227,7066.0
6228,7066.0
6229,7066.0
6230,7066.0
6231,7066.0
6232,7066.0
6233,7066.0
6234,7066.0
6235,7066.0
6236,7066.0
6237,7066.0
6238,7066.0
6239,7066.0
6240,7066.0
6241,7066.0
6242,7066.0
6243,7066.0
6244,7066.0
6245,7066.0
6246,7066.0
6247,7066.0
6248,7066.0
6249,7066.0
6250,7066.0
6251,7066.0
6252,7066.0
6253,7066.0
6254,7066.0
6255,7066.0
6256,7066.0
6257,7066.0
6258,7066.0
6259,7066.0
6260,7066.0
6261,7066.0
6262,7066.0
6263,7066.0
6264,7066.0
6265,7066.0
6266,7066.0
6267,7066.0
6268,7066.0
6269,7066.0
6270,7066.0
6271,7066.0
6272,7066.0
6273,7066.0
6274,7066.0
6275,7066.0
6276,7066.0
6277,7066.0
6278,7066.0
6279,7066.0
6280,7066.0
6281,7066.0
6282,7066.0
6283,7066.0
6284,7066.0
6285,7066.0
6286,7066.0
6287,7066.0
6288,7066.0
6289,7066.0
6290,7066.0
6291,7066.0
6292,7066.0
6293,7066.0
6294,7066.0
6295,7066.0
6296,7066.0
6297,7066.0
6298,7066.0
6299,7066.0
6300,7066.0
6301,7066.0
6302,7066.0
6303,7066.0
6304,7066.0
6305,7066.0
6306,7066.0
6307,7066.0
6308,7066.0
6309,7066.0
6310,7066.0
6311,7066.0
6312,7066.0
6313,7066.0
6314,7066.0
6315,7066.0
6316,7066.0
6317,7066.0
6318,7066.0
6319,3532.5
6320,7066.0
6321,7066.0
6322,7066.0
6323,7066.0
6324,7066.0
6325,7066.0
6326,7066.0
6327,7066.0
6328,7066.0
6329,7066.0
6330,7066.0
6331,7066.0
6332,7066.0
6333,7066.0
6334,7066.0
6335,7066.0
6336,7066.0
6337,7066.0
6338,7066.0
6339,7066.0
6340,7066.0
6341,7066.0
6342,7066.0
6343,7066.0
6344,7066.0
6345,7066.0
6346,7066.0
6347,7066.0
6348,7066.0
6349,7066.0
6350,7066.0
6351,7066.0
6352,7066.0
6353,7066.0
6354,7066.0
6355,7066.0
6356,7066.0
6357,7066.0
6358,7066.0
6359,7066.0
6360,7066.0
6361,7066.0
6362,7066.0
6363,7066.0
6364,7066.0
6365,7066.0
6366,7066.0
6367,7066.0
6368,7066.0
6369,7066.0
6370,7066.0
6371,7066.0
6372,7066.0
6373,7066.0
6374,7066.0
6375,7066.0
6376,7066.0
6377,7066.0
6378,7066.0
6379,7066.0
6380,7066.0
6381,7066.0
6382,7066.0
6383,7066.0
6384,7066.0
6385,7066.0
6386,7066.0
6387,7066.0
6388,7066.0
6389,7066.0
6390,7066.0
6391,7066.0
6392,7066.0
6393,7066.0
6394,3532.5
6395,7066.0
6396,7066.0
6397,7066.0
6398,7066.0
6399,7066.0
6400,7066.0
6401,7066.0
6402,7066.0
6403,7066.0
6404,7066.0
6405,7066.0
6406,7066.0
6407,7066.0
6408,7066.0
6409,7066.0
6410,7066.0
6411,7066.0
6412,7066.0
6413,7066.0
6414,7066.0
6415,7066.0
6416,7066.0
6417,7066.0
6418,7066.0
6419,7066.0
6420,7066.0
6421,7066.0
6422,7066.0
6423,7066.0
6424,7066.0
6425,7066.0
6426,7066.0
6427,7066.0
6428,7066.0
6429,7066.0
6430,7066.0
6431,7066.0
6432,7066.0
6433,7066.0
6434,7066.0
6435,7066.0
6436,7066.0
6437,7066.0
6438,7066.0
6439,7066.0
6440,7066.0
6441,7066.0
6442,7066.0
6443,7066.0
6444,7066.0
6445,7066.0
6446,7066.0
6447,7066.0
6448,7066.0
6449,7066.0
6450,7066.0
6451,7066.0
6452,7066.0
6453,7066.0
6454,7066.0
6455,7066.0
6456,7066.0
6457,7066.0
6458,7066.0
6459,7066.0
6460,7066.0
6461,7066.0
6462,7066.0
6463,7066.0
6464,7066.0
6465,7066.0
6466,7066.0
6467,7066.0
6468,7066.0
6469,7066.0
6470,7066.0
6471,7066.0
6472,7066.0
6473,7066.0
6474,7066.0
6475,7066.0
6476,7066.0
6477,7066.0
6478,7066.0
6479,7066.0
6480,7066.0
6481,7066.0
6482,7066.0
6483,7066.0
6484,7066.0
6485,7066.0
6486,7066.0
6487,7066.0
6488,7066.0
6489,7066.0
6490,7066.0
6491,7066.0
6492,7066.0
6493,7066.0
6494,7066.0
6495,7066.0
6496,7066.0
6497,7066.0
6498,7066.0
6499,7066.0
6500,7066.0
6501,7066.0
6502,7066.0
6503,7066.0
6504,7066.0
6505,7066.0
6506,7066.0
6507,7066.0
6508,7066.0
6509,7066.0
6510,7066.0
6511,7066.0
6512,7066.0
6513,7066.0
6514,7066.0
6515,7066.0
6516,7066.0
6517,7066.0
6518,7066.0
6519,7066.0
6520,7066.0
6521,7066.0
6522,7066.0
6523,7066.0
6524,7066.0
6525,7066.0
6526,7066.0
6527,7066.0
6528,7066.0
6529,7066.0
6530,7066.0
6531,7066.0
6532,7066.0
6533,7066.0
6534,7066.0
6535,7066.0
6536,7066.0
6537,7066.0
6538,7066.0
6539,7066.0
6540,7066.0
6541,7066.0
6542,7066.0
6543,7066.0
6544,7066.0
6545,7066.0
6546,7066.0
6547,7066.0
6548,7066.0
6549,7066.0
6550,7066.0
6551,7066.0
6552,7066.0
6553,7066.0
6554,7066.0
6555,7066.0
6556,7066.0
6557,7066.0
6558,7066.0
6559,7066.0
6560,7066.0
6561,7066.0
6562,7066.0
6563,7066.0
6564,7066.0
6565,7066.0
6566,7066.0
6567,7066.0
6568,7066.0
6569,7066.0
6570,7066.0
6571,7066.0
6572,7066.0
6573,7066.0
6574,7066.0
6575,7066.0
6576,7066.0
6577,7066.0
6578,7066.0
6579,7066.0
6580,7066.0
6581,7066.0
6582,7066.0
6583,7066.0
6584,7066.0
6585,7066.0
6586,7066.0
6587,7066.0
6588,7066.0
6589,7066.0
6590,7066.0
6591,7066.0
6592,7066.0
6593,7066.0
6594,7066.0
6595,7066.0
6596,7066.0
6597,7066.0
6598,7066.0
6599,7066.0
6600,7066.0
6601,7066.0
6602,7066.0
6603,7066.0
6604,7066.0
6605,7066.0
6606,7066.0
6607,7066.0
6608,7066.0
6609,7066.0
6610,7066.0
6611,7066.0
6612,7066.0
6613,7066.0
6614,7066.0
6615,7066.0
6616,7066.0
6617,7066.0
6618,7066.0
6619,7066.0
6620,7066.0
6621,7066.0
6622,7066.0
6623,7066.0
6624,7066.0
6625,7066.0
6626,7066.0
6627,7066.0
6628,7066.0
6629,7066.0
6630,7066.0
6631,7066.0
6632,7066.0
6633,7066.0
6634,7066.0
6635,7066.0
6636,7066.0
6637,7066.0
6638,7066.0
6639,7066.0
6640,7066.0
6641,7066.0
6642,7066.0
6643,7066.0
6644,7066.0
6645,7066.0
6646,7066.0
6647,7066.0
6648,7066.0
6649,7066.0
6650,7066.0
6651,7066.0
6652,7066.0
6653,7066.0
6654,7066.0
6655,7066.0
6656,7066.0
6657,7066.0
6658,7066.0
6659,7066.0
6660,7066.0
6661,7066.0
6662,7066.0
6663,7066.0
6664,7066.0
6665,7066.0
6666,7066.0
6667,7066.0
6668,7066.0
6669,7066.0
6670,7066.0
6671,7066.0
6672,3532.5
6673,7066.0
6674,7066.0
6675,7066.0
6676,7066.0
6677,7066.0
6678,7066.0
6679,7066.0
6680,7066.0
6681,7066.0
6682,7066.0
6683,7066.0
6684,7066.0
6685,7066.0
6686,7066.0
6687,7066.0
6688,7066.0
6689,7066.0
6690,7066.0
6691,7066.0
6692,7066.0
6693,7066.0
6694,7066.0
6695,7066.0
6696,7066.0
6697,7066.0
6698,7066.0
6699,7066.0
6700,7066.0
6701,7066.0
6702,7066.0
6703,7066.0
6704,7066.0
6705,7066.0
6706,7066.0
6707,7066.0
6708,7066.0
6709,7066.0
6710,7066.0
6711,7066.0
6712,7066.0
6713,7066.0
6714,7066.0
6715,7066.0
6716,7066.0
6717,7066.0
6718,7066.0
6719,7066.0
6720,7066.0
6721,7066.0
6722,7066.0
6723,7066.0
6724,7066.0
6725,7066.0
6726,7066.0
6727,7066.0
6728,7066.0
6729,7066.0
6730,7066.0
6731,7066.0
6732,7066.0
6733,7066.0
6734,7066.0
6735,7066.0
6736,7066.0
6737,7066.0
6738,7066.0
6739,7066.0
6740,7066.0
6741,7066.0
6742,7066.0
6743,7066.0
6744,7066.0
6745,7066.0
6746,7066.0
6747,7066.0
6748,7066.0
6749,7066.0
6750,7066.0
6751,7066.0
6752,7066.0
6753,7066.0
6754,7066.0
6755,7066.0
6756,7066.0
6757,7066.0
6758,7066.0
6759,7066.0
6760,7066.0
6761,7066.0
6762,7066.0
6763,7066.0
6764,7066.0
6765,7066.0
6766,7066.0
6767,7066.0
6768,7066.0
6769,7066.0
6770,7066.0
6771,7066.0
6772,7066.0
6773,7066.0
6774,7066.0
6775,7066.0
6776,7066.0
6777,7066.0
6778,7066.0
6779,7066.0
6780,7066.0
6781,7066.0
6782,7066.0
6783,7066.0
6784,7066.0
6785,7066.0
6786,7066.0
6787,7066.0
6788,7066.0
6789,7066.0
6790,7066.0
6791,7066.0
6792,7066.0
6793,7066.0
6794,7066.0
6795,7066.0
6796,7066.0
6797,7066.0
6798,7066.0
6799,7066.0
6800,7066.0
6801,7066.0
6802,7066.0
6803,7066.0
6804,7066.0
6805,7066.0
6806,7066.0
6807,7066.0
6808,7066.0
6809,7066.0
6810,7066.0
6811,7066.0
6812,7066.0
6813,7066.0
6814,7066.0
6815,7066.0
6816,7066.0
6817,7066.0
6818,7066.0
6819,7066.0
6820,7066.0
6821,7066.0
6822,7066.0
6823,7066.0
6824,7066.0
6825,7066.0
6826,7066.0
6827,7066.0
6828,7066.0
6829,7066.0
6830,7066.0
6831,7066.0
6832,7066.0
6833,7066.0
6834,7066.0
6835,7066.0
6836,7066.0
6837,7066.0
6838,7066.0
6839,7066.0
6840,7066.0
6841,7066.0
6842,7066.0
6843,7066.0
6844,7066.0
6845,7066.0
6846,7066.0
6847,7066.0
6848,7066.0
6849,7066.0
6850,7066.0
6851,7066.0
6852,7066.0
6853,7066.0
6854,7066.0
6855,7066.0
6856,7066.0
6857,7066.0
6858,7066.0
6859,7066.0
6860,7066.0
6861,7066.0
6862,7066.0
6863,7066.0
6864,7066.0
6865,7066.0
6866,7066.0
6867,7066.0
6868,7066.0
6869,7066.0
6870,7066.0
6871,7066.0
6872,7066.0
6873,7066.0
6874,7066.0
6875,7066.0
6876,7066.0
6877,7066.0
6878,7066.0
6879,7066.0
6880,7066.0
6881,7066.0
6882,7066.0
6883,7066.0
6884,7066.0
6885,7066.0
6886,7066.0
6887,7066.0
6888,7066.0
6889,7066.0
6890,7066.0
6891,7066.0
6892,7066.0
6893,7066.0
6894,7066.0
6895,7066.0
6896,7066.0
6897,7066.0
6898,7066.0
6899,7066.0
6900,7066.0
6901,7066.0
6902,7066.0
6903,7066.0
6904,7066.0
6905,7066.0
6906,7066.0
6907,7066.0
6908,7066.0
6909,7066.0
6910,7066.0
6911,7066.0
6912,7066.0
6913,7066.0
6914,7066.0
6915,7066.0
6916,7066.0
6917,7066.0
6918,7066.0
6919,7066.0
6920,7066.0
6921,7066.0
6922,7066.0
6923,7066.0
6924,7066.0
6925,7066.0
6926,7066.0
6927,7066.0
6928,7066.0
6929,7066.0
6930,7066.0
6931,7066.0
6932,7066.0
6933,7066.0
6934,7066.0
6935,7066.0
6936,7066.0
6937,7066.0
6938,7066.0
6939,7066.0
6940,7066.0
6941,7066.0
6942,7066.0
6943,7066.0
6944,7066.0
6945,7066.0
6946,7066.0
6947,7066.0
6948,7066.0
6949,7066.0
6950,3532.5
6951,7066.0
6952,7066.0
6953,7066.0
6954,7066.0
6955,7066.0
6956,7066.0
6957,7066.0
6958,7066.0
6959,7066.0
6960,7066.0
6961,7066.0
6962,7066.0
6963,7066.0
6964,7066.0
6965,7066.0
6966,7066.0
6967,7066.0
6968,7066.0
6969,7066.0
6970,7066.0
6971,7066.0
6972,7066.0
6973,7066.0
6974,7066.0
6975,7066.0
6976,7066.0
6977,7066.0
6978,7066.0
6979,7066.0
6980,7066.0
6981,7066.0
6982,7066.0
6983,7066.0
6984,7066.0
6985,7066.0
6986,7066.0
6987,7066.0
6988,7066.0
6989,7066.0
6990,7066.0
6991,7066.0
6992,7066.0
6993,7066.0
6994,7066.0
6995,7066.0
6996,7066.0
6997,7066.0
6998,7066.0
6999,7066.0
7000,7066.0
7001,7066.0
7002,7066.0
7003,7066.0
7004,7066.0
7005,7066.0
7006,7066.0
7007,7066.0
7008,7066.0
7009,7066.0
7010,7066.0
7011,7066.0
7012,7066.0
7013,7066.0
7014,7066.0
7015,7066.0
7016,7066.0
7017,7066.0
7018,7066.0
7019,7066.0
7020,7066.0
7021,7066.0
7022,7066.0
7023,7066.0
7024,7066.0
7025,7066.0
7026,7066.0
7027,7066.0
7028,7066.0
7029,7066.0
7030,7066.0
7031,7066.0
7032,7066.0
7033,7066.0
7034,7066.0
7035,7066.0
7036,7066.0
7037,7066.0
7038,7066.0
7039,7066.0
7040,7066.0
7041,7066.0
7042,7066.0
7043,7066.0
7044,7066.0
7045,7066.0
7046,7066.0
7047,7066.0
7048,7066.0
7049,7066.0
7050,7066.0
7051,7066.0
7052,7066.0
7053,7066.0
7054,7066.0
7055,7066.0
7056,7066.0
7057,7066.0
7058,7066.0
7059,7066.0
7060,7066.0
7061,7066.0
7062,7066.0
7063,7066.0
7064,7066.0
7065,7066.0
