0
1
2
3
4
5
7
8
9
11
12
14
15
21
26
27
30
35
36
38
39
40
41
45
51
54
55
56
61
64
67
69
71
72
77
78
79
80
82
88
93
94
97
100
101
103
109
110
111
112
113
119
120
121
124
125
127
131
137
139
140
152
154
171
176
177
180
187
188
190
193
196
197
199
206
207
211
212
213
216
217
219
220
225
226
230
234
236
239
243
247
249
250
251
252
253
255
257
258
259
260
261
264
268
271
273
274
277
280
281
282
285
290
293
297
299
304
307
308
309
311
313
314
317
320
322
324
325
326
327
328
331
332
333
335
336
339
342
343
344
345
346
347
348
349
351
352
355
356
368
369
371
377
380
381
383
384
385
388
391
392
393
394
396
397
398
399
400
401
402
409
410
411
413
415
416
421
423
424
426
432
433
435
439
440
443
447
449
451
453
455
464
472
475
476
478
483
488
490
491
493
494
495
496
500
502
504
505
507
509
510
511
512
515
517
520
521
522
524
529
530
531
535
537
538
540
545
547
549
553
555
558
559
562
563
564
566
567
568
569
570
572
573
577
579
584
586
588
589
591
592
594
598
599
600
601
605
606
607
611
614
616
617
618
620
622
625
626
628
631
632
633
635
637
642
643
645
646
647
649
650
651
652
656
657
658
659
660
663
664
665
666
669
670
672
674
679
682
686
687
688
690
691
693
694
695
696
697
698
699
701
705
706
707
708
709
711
712
716
717
718
719
724
725
726
727
728
729
730
733
734
735
736
737
741
743
744
745
748
749
752
754
755
756
757
758
760
762
763
764
765
766
767
770
772
775
776
777
780
781
782
784
785
786
788
789
790
791
793
795
798
799
800
801
803
805
807
808
809
810
811
812
816
817
818
819
825
827
828
829
831
832
833
834
835
836
839
840
841
842
843
844
845
846
847
853
856
857
858
859
860
861
863
864
868
869
871
872
873
874
876
879
881
882
883
884
886
888
889
895
896
898
901
902
903
905
907
910
911
919
921
926
927
929
930
932
933
934
935
937
938
939
940
942
943
944
945
946
948
950
951
954
955
957
960
962
965
968
970
971
972
973
974
976
982
983
984
985
986
988
989
990
992
993
994
995
997
1001
1002
1003
1004
1005
1006
1008
1010
1011
1012
1013
1014
1015
1016
1018
1019
1020
1022
1025
1026
1027
1028
1029
1030
1031
1032
1036
1037
1038
1039
1043
1044
1045
1051
1052
1055
1056
1060
1062
1063
1064
1065
1068
1070
1071
1072
1073
1075
1077
1078
1080
1081
1082
1084
1086
1087
1089
1090
1091
1099
1100
1103
1105
1107
1108
1109
1110
1111
1112
1117
1120
1121
1122
1123
1124
1125
1127
1129
1131
1135
1136
1139
1141
1142
1144
1145
1146
1150
1151
1154
1157
1160
1161
1162
1163
1166
1171
1172
1174
1176
1177
1178
1179
1180
1181
1183
1187
1196
1197
1198
1200
1201
1204
1209
1210
1212
1213
1214
1216
1217
1218
1220
1221
1222
1223
1224
1225
1226
1227
1228
1229
1230
1237
1240
1246
1247
1249
1251
1253
1256
1257
1258
1259
1260
1261
1268
1269
1271
1274
1275
1276
1277
1279
1280
1282
1284
1286
1289
1290
1294
1298
1299
1300
1302
1303
1305
1306
1307
1310
1312
1313
1314
1322
1329
1330
1332
1336
1346
1347
1351
1353
1362
1363
1365
1368
1369
1370
1374
1377
1380
1382
1385
1390
1395
1398
1399
1401
1402
1403
1404
1407
1408
1409
1410
1412
1413
1414
1416
1422
1424
1425
1426
1430
1431
1432
1434
1442
1445
1446
1449
1451
1452
1461
1465
1466
1467
1469
1471
1472
1475
1476
1477
1479
1480
1481
1483
1486
1487
1489
1491
1492
1495
1497
1499
1500
1501
1502
1506
1507
1508
1509
1511
1513
1521
1522
1526
1529
1537
1540
1541
1543
1545
1547
1550
1551
1552
1555
1557
1558
1559
1561
1562
1564
1567
1568
1569
1570
1571
1572
1575
1576
1579
1586
1590
1593
1595
1597
1609
1612
1614
1615
1616
1619
1620
1621
1630
1631
1632
1643
1644
1649
1654
1661
1672
1674
1680
1681
1682
1683
1684
1689
1690
1692
1694
1707
1709
1713
1714
1715
1716
1735
1745
1746
1748
1767
1777
1778
1783
1787
1793
1799
1809
1816
1818
1819
1824
1826
1830
1831
1836
1838
1842
1845
1846
1852
1858
1862
1868
1870
1888
1889
1893
1900
1902
1904
1918
1919
1933
1934
1935
1936
1937
1938
1940
1948
1950
1951
1954
1968
1969
1974
1976
1978
1980
1982
1983
1984
1985
1989
1990
1991
2005
2013
2015
2018
2021
2025
2027
2030
2031
2034
2038
2041
2042
2052
2057
2069
2070
2072
2073
2074
2076
2078
2085
2090
2092
2094
2095
2097
2100
2101
2105
2109
2112
2119
2166
2168
2169
2172
2189
2202
2203
2207
2208
2220
2235
2239
2257
2259
2264
2274
2280
2297
2298
2303
2312
2315
2318
2320
2321
2322
2325
2327
2332
2333
2336
2344
2345
2350
2353
2358
2359
2362
2363
2372
2374
2377
2379
2383
2387
2390
2394
2395
2396
2398
2399
2400
2402
2437
2449
2504
2530
2531
2551
2555
2591
2617
2635
2636
2639
2646
2673
2684
2685
2790
2845
2949
2988
2991
3032
3080
3091
3115
3127
3331
3446
3472
3475
3476
3492
3517
3518
3619
3632
3635
3650
3654
3715
3717
3774
3792
3809
3885
3886
3893
3894
3931
3988
4309
4320
4452
4464
4525
4601
4606
4658
4659
4867
4890
4892
5091
5174
5193
5323
5679
5776
5783
6132
6206
6219
6319
6394
6672
6950
