23087,24187
24187,30306
24187,651
24187,1965
24187,2099
24187,3301
24187,5148
24187,5882
24187,8799
24187,9124
24187,9554
24187,11545
24187,14271
24187,19924
24187,25838
24187,26083
24187,26119
24187,26736
24187,26991
24187,30464
24187,31400
24187,31492
24187,71298
24187,80748
24187,85421
24187,85808
24187,88013
24187,88254
24187,95114
24187,95479
24187,108462
24187,115205
24187,115220
24187,115404
24187,116897
24187,117281
24187,122073
24187,124260
24187,124361
24187,125815
24187,130658
23103,9453
23103,23487
23103,23613
23613,23629
23123,23836
23136,26353
23136,33831
23155,2651
23155,5704
23155,7619
23155,21007
23155,23209
23155,23367
23155,25400
23155,25638
23155,29823
23155,30306
23155,52063
23155,52247
23155,52287
23155,52297
23155,52326
23155,147712
23209,25400
23209,29823
23209,18931
23209,30637
23209,30699
23209,3925
23209,8279
23209,23842
23209,24577
23209,24737
23303,23155
23303,147712
23367,23303
23367,29823
23367,52247
23367,52287
23367,52297
23367,52326
23174,303
23199,2651
23199,5704
23199,29823
23199,52063
23199,1313
23199,1628
23199,1958
23199,2719
23199,2879
23199,5051
23199,5833
23199,9898
23199,17447
23199,18931
23199,23099
23199,23306
23199,24365
23199,24591
23199,24659
23199,24833
23199,24839
23199,30637
23199,30661
23199,30699
23199,30714
23199,31225
23199,52384
23199,52398
23199,82794
23199,87366
23199,90126
23199,94283
23306,5833
24839,74984
24839,25755
24839,2541
24839,3504
24839,30877
23200,23205
23200,23214
23200,23226
23200,23233
23200,23237
23200,23299
23200,23320
23205,2244
23205,27034
23205,70814
23214,88128
23842,8279
23217,29823
23217,1189
23217,23254
23217,23304
23217,23341
23315,9898
23315,2808
23337,23315
23337,2808
23337,23409
23337,23411
23337,23417
23337,23431
23337,23434
23337,85044
23411,85044
23411,22319
23411,86334
23417,33355
23417,71752
23434,23409
23434,23417
23434,86334
23434,33355
23434,71752
23434,13319
23347,70814
23347,21261
23347,22731
23357,52384
23379,22887
23379,23383
23379,23405
23383,22887
23383,23798
23383,31956
23410,24737
23410,23421
23410,112359
23410,132561
23421,112359
23421,132561
23456,168
23456,3135
23456,3808
23456,23583
23456,23595
23583,730
23583,23686
23469,23488
23469,23519
23488,23492
23488,23533
23492,5851
23492,5956
23492,23500
23492,23549
23492,23575
23533,24139
23533,24193
23533,24196
23533,24208
23500,5851
23500,5956
23500,23575
24139,14942
24139,15799
24139,16686
24139,24140
24139,24141
24139,24142
24139,24143
24139,24144
24139,24145
24139,24147
24139,24148
24139,24150
24139,24151
24139,24152
24139,24158
24139,24164
24139,24189
24139,24195
24196,24193
24196,24208
24196,815
24196,8741
24196,14670
24196,18699
24196,26715
24196,35307
24196,75352
24196,75510
24196,111585
24196,111979
24196,113058
24196,113069
24196,113342
24196,113677
24196,114989
24196,117662
24196,122161
24196,135949
24196,158102
24196,167847
23580,29823
23580,649
23580,753
23580,23724
23580,24734
23580,35140
23580,35751
23686,730
23629,168
23622,3925
23622,730
23622,23686
23622,757
23622,1365
23622,3685
23622,23632
23622,23646
23622,23648
23622,23650
23622,23705
23622,23734
23622,23922
23632,3135
23648,753
23648,4759
23648,23817
23648,23827
23705,23708
23734,27034
23626,33831
23626,7619
23626,21007
23626,1958
23626,1202
23626,6558
23626,23861
23817,52398
23817,24243
23827,23836
23827,23840
23827,23859
23666,1365
23708,23714
23708,23718
23708,23756
23708,23811
23708,33430
23708,79172
23718,22731
23718,6558
23718,23714
23718,23756
23718,33430
23718,79172
23718,23818
23718,24266
23811,23818
24266,23093
24266,21261
24266,22731
24266,1985
24266,4299
24266,9052
24266,21025
24266,25697
24266,25724
24266,25756
24266,25866
24266,25913
23719,35186
23721,649
23721,35751
23721,4759
23721,35186
23721,817
23721,21217
23721,35600
24596,24734
24596,4759
24596,23719
24596,23721
24596,817
24596,21217
24596,23716
24596,24598
24596,24673
24596,24677
24596,24726
24596,24758
24596,24799
23728,2690
23741,2244
23741,31956
23741,3808
23741,23650
23741,23886
23741,35535
23763,2690
23763,23766
23763,23767
23763,23848
23766,23774
23766,23823
23766,23876
23766,23882
23766,23891
23767,303
23767,23772
23767,23773
23767,23792
23767,23820
23767,23867
23767,23884
23823,29823
23823,23774
23823,23882
23823,23891
23772,9453
23772,23798
23772,23792
23772,10640
23772,23777
23772,23780
23820,13319
23820,23854
23867,23884
23867,24438
23867,123375
23777,10640
24243,18498
23825,29823
23825,7174
23859,1810
23916,23928
23928,23930
23928,23934
23930,23916
23930,23952
23930,23978
23930,23996
23934,23948
23952,23978
23952,23996
23952,24082
23978,24031
24082,23500
24082,24031
24082,2822
24082,2880
24082,33947
24082,37141
24082,104661
24082,104691
24082,104749
24082,104750
24082,104770
24082,104788
24082,104866
24082,104943
24082,104980
24082,104994
24082,105082
24082,105315
24082,105328
24082,105693
24082,105866
24082,106295
24082,106328
24082,106530
24082,106913
24082,107154
24082,107879
24082,110043
24082,110948
24082,111412
24082,111477
24082,112259
24082,112438
24082,112663
24082,115512
24082,116840
24082,116938
24082,117481
24082,154104
24004,24243
24004,24010
24004,24029
24004,24053
24010,22254
24010,24028
24010,24065
24010,36240
24010,78178
24010,78215
24053,24054
24053,24055
24053,24058
24053,24068
24053,24085
24053,24096
24053,24098
24011,270
24011,5305
24011,5487
24011,8373
24011,24017
24011,24021
24011,24022
24011,24024
24011,24025
24011,24027
24011,24033
24011,24035
24011,24044
24011,24061
24011,24072
24011,24102
24011,24114
24024,29823
24024,18090
24024,7174
24024,286
24024,2174
24024,2913
24024,7800
24024,12028
24024,14024
24024,18923
24024,30735
24024,73101
24024,82827
24024,82828
24024,82829
24024,82833
24024,82834
24024,82837
24024,82841
24024,82842
24024,82855
24024,82858
24024,82859
24024,82860
24024,82861
24024,82862
24024,82868
24024,82869
24024,82871
24024,82878
24025,9593
24025,12096
24025,18356
24025,27590
24025,73908
24025,82851
24025,82852
24025,82854
24025,82857
24025,82864
24025,82870
24025,82872
24060,2276
24060,7412
24060,7723
24060,13439
24060,21348
24060,24615
24060,30841
24060,34534
24060,35377
24060,35599
24060,36928
24060,70571
24060,101475
24060,139425
24060,139527
24060,139535
24060,139553
24060,139586
24060,139588
24060,139599
24060,139669
24060,139726
24060,139791
24060,139803
24060,139809
24060,139813
24060,140079
24060,140097
24060,140267
24060,140489
24060,140672
24060,140740
24060,141577
24060,141678
24060,142012
24060,142105
24060,142121
24060,142242
24060,142391
24060,142547
24060,142844
24060,142929
24060,142976
24060,143038
24060,143077
24060,143114
24060,143509
24060,143972
24060,145183
24060,145361
24060,147203
24060,147382
24060,150098
24060,150183
24060,151285
24060,152000
24060,154640
24060,154669
24060,160638
24060,178739
24060,178785
24117,6188
24117,10373
24117,24119
24117,24121
24117,24122
24117,24124
24117,24127
24117,24128
24117,24129
24117,24136
24117,24190
24119,26353
24119,23254
24119,123375
24119,27590
24119,10373
24119,24124
24119,24128
24119,24129
24119,4081
24119,7435
24119,9288
24119,9513
24119,10222
24119,14664
24119,14684
24119,16860
24119,17971
24119,19556
24119,21242
24119,23908
24119,25346
24119,25389
24119,26354
24119,27458
24119,29868
24119,30084
24119,35509
24119,35886
24119,44066
24119,52112
24119,52309
24119,69530
24119,70717
24119,71790
24119,75720
24119,79108
24119,80226
24119,83118
24119,83926
24119,84387
24119,85599
24119,86640
24119,86958
24119,86959
24119,86998
24119,87160
24119,87209
24119,87466
24119,87609
24119,87748
24119,87912
24119,88321
24119,88982
24119,89038
24119,89234
24119,91259
24119,91987
24119,92272
24119,98874
24119,99287
24119,99329
24119,100679
24119,102157
24119,103670
24119,111109
24119,111435
24119,111453
24119,111486
24119,111498
24119,111545
24119,111562
24119,111589
24119,111591
24119,111596
24119,111622
24119,111628
24119,111637
24119,111707
24119,111721
24119,111863
24119,111882
24119,111916
24119,111936
24119,111995
24119,112022
24119,112029
24119,112047
24119,112114
24119,112166
24119,112595
24119,112715
24119,112727
24119,113127
24119,113133
24119,113174
24119,113252
24119,113320
24119,113414
24119,113470
24119,113491
24119,113687
24119,113807
24119,113956
24119,114020
24119,114175
24119,114374
24119,114380
24119,114704
24119,114945
24119,114986
24119,115000
24119,115515
24119,116045
24119,116572
24119,117607
24119,117717
24119,117904
24119,118433
24119,118698
24119,119875
24119,120747
24119,121463
24119,121546
24119,121550
24119,122240
24119,123111
24119,123660
24119,124111
24119,126012
24119,127590
24119,129361
24119,129968
24119,131292
24119,131917
24119,135819
24119,136564
24119,137235
24119,137798
24119,138580
24119,142532
24119,144357
24119,146675
24119,149797
24119,150441
24119,164106
24119,168552
24119,176054
24119,189099
24119,191741
24142,163478
24148,394
24148,9618
24148,18146
24148,24162
24148,24163
24148,24166
24148,24167
24148,24169
24148,24170
24148,24171
24148,24174
24148,24175
24148,24176
24148,24183
24148,24184
24148,24185
24148,24188
24148,24287
24332,1202
24332,1127
24332,1134
24332,1140
24332,1307
24332,1455
24332,6059
24332,7643
24332,19020
24332,19024
24332,19035
24332,19038
24332,19062
24332,19070
24332,19076
24332,19081
24332,19106
24332,19116
24332,19117
24332,19119
24332,19177
24332,19200
24332,19250
24332,19263
24332,19299
24332,19331
24332,19484
24332,19528
24332,19529
24332,19537
24332,21205
24332,21212
24332,24333
24332,24334
24332,24335
24332,24336
24332,24337
24332,24338
24332,24339
24332,24340
24332,24341
24332,24342
24332,24343
24332,24344
24332,24345
24356,24365
24356,24438
24356,585
24356,1558
24356,1559
24356,11493
24356,20158
24356,24358
24356,24359
24356,24360
24356,24361
24356,24362
24356,24363
24356,24364
24356,24366
24356,24373
24356,24376
24356,24378
24356,24379
24356,24380
24356,24381
24356,24382
24356,24389
24356,24391
24356,24393
24356,24407
24356,24409
24356,24412
24356,24417
24356,24422
24356,24424
24361,1810
24361,1824
24361,1826
24361,1864
24361,1886
24361,2695
24361,5850
24361,10745
24361,24367
24361,24369
24361,24371
24361,24375
24361,24383
24361,24388
24361,24397
24361,24405
24361,24408
24361,24411
24361,24415
24361,24418
24361,24419
24407,3362
24407,10997
24407,26506
24407,30863
24407,31144
24407,71898
24407,88730
24407,91039
24407,94666
24407,115085
24407,127273
24407,127425
24407,127561
24407,127665
24407,127821
24407,128116
24407,128211
24407,128212
24407,128326
24407,128410
24407,128914
24407,128965
24407,128998
24407,129378
24407,129445
24407,129591
24407,129728
24407,129991
24407,130492
24407,130519
24407,130648
24407,130905
24407,131062
24407,131286
24407,131342
24407,131487
24407,131883
24407,132555
24407,133459
24407,133629
24407,134664
24407,135986
24407,138486
24407,144523
24407,146465
24407,147209
24407,147742
24407,150763
24407,151934
24407,152470
24407,154535
24407,154634
24407,156592
24407,156635
24407,162907
24407,171099
24407,174345
24407,189162
24407,192565
24407,194238
24407,194397
24407,194476
24407,194612
24407,196932
24405,24408
24405,1355
24405,2605
24405,4541
24405,7536
24405,9152
24405,13312
24405,24489
24405,30147
24405,82793
24405,87363
24405,107409
24405,158120
24405,158123
24405,158458
24405,158910
24405,159189
24405,159336
24405,159394
24405,159508
24405,159755
24405,159789
24405,159924
24405,160803
24405,161047
24405,161227
24405,163616
24405,166236
24405,166272
24405,166364
24405,166821
24405,167139
24405,169508
24405,170533
24405,171171
24405,176961
24405,187927
24405,191529
24405,192111
24405,192564
24405,193355
24411,25638
24411,29823
24411,8253
24411,21100
24411,22858
24411,25491
24411,25614
24411,26135
24411,31013
24411,31482
24411,31638
24411,32344
24411,33986
24411,34015
24411,73601
24411,79121
24411,79125
24411,79270
24411,79344
24404,22319
24404,540
24404,984
24404,12126
24404,43188
24404,84967
24404,85228
24404,90394
24404,90727
24404,195884
24404,196342
24404,198575
24448,1628
24448,3353
24448,3439
24448,3558
24448,21811
24448,24441
24448,24449
24448,24450
24448,24451
24448,24452
24448,24453
24448,24454
24448,24455
24448,24456
24448,24457
24448,24458
24448,24459
24448,24462
24448,24466
24448,24467
24448,24471
24448,24472
24448,24475
24448,24476
24448,24481
24448,24487
24448,24488
24448,24491
24448,24492
24448,24494
24448,24498
24448,24503
24448,24512
24448,24516
24448,24519
24448,24521
24448,24525
24448,24569
24459,11214
24459,24460
24459,24461
24459,24463
24459,24464
24459,24465
24459,24468
24459,24469
24459,24470
24459,24473
24459,24474
24459,24495
24459,24496
24459,24497
24459,24509
24459,24510
24459,24514
24459,24515
24459,24518
24459,24524
24459,24526
24459,24528
24512,1503
24512,25441
24512,25469
24512,38146
24512,77125
24512,77127
24512,77137
24512,77152
24512,77156
24512,77160
24512,77161
24512,77169
24512,77176
24512,77201
24512,77221
24512,77226
24512,77232
24512,77233
24512,77246
24512,77258
24512,77262
24512,77268
24512,77273
24512,77299
24512,77300
24512,77325
24512,77355
24512,77356
24512,77397
24512,77784
24512,78089
24512,78110
24512,195466
24519,99850
24525,29823
24525,23199
24525,1313
24525,2719
24525,24839
24525,30714
24525,87366
24525,90126
24525,23341
24525,498
24525,1246
24525,1359
24525,1660
24525,1719
24525,2073
24525,3390
24525,3587
24525,4576
24525,5181
24525,6126
24525,7383
24525,8101
24525,9279
24525,10388
24525,12484
24525,12501
24525,12700
24525,18301
24525,19713
24525,24829
24525,25078
24525,27224
24525,29881
24525,30017
24525,30772
24525,40657
24525,42646
24525,47185
24525,48618
24525,69501
24525,69845
24525,69869
24525,70302
24525,70605
24525,70645
24525,72015
24525,74903
24525,74904
24525,74905
24525,74906
24525,74909
24525,74913
24525,74914
24525,74933
24525,74957
24525,74984
24525,74998
24525,75012
24525,75051
24525,75403
24525,75983
24525,76221
24525,76456
24525,76823
24525,76997
24525,77438
24525,77841
24525,78029
24525,78112
24525,197830
24829,17447
24829,24833
24829,2073
24829,24852
24829,24827
24829,24864
24829,52534
24829,1613
24829,24820
24829,24835
24829,1210
24829,1213
24829,8442
24829,24830
24829,24831
24829,24837
24829,24840
24829,24841
24829,24842
24829,24847
24829,24849
24829,24855
24829,24858
24829,24860
24829,24863
24829,24866
24829,24867
24829,24868
24829,24870
24829,24873
24829,24875
24829,24878
24829,24884
24829,24894
24829,24899
24829,24941
24829,24976
24829,25000
24829,25020
24829,25048
24829,25074
24829,25083
24829,25133
24829,30146
24829,37371
24829,83791
24829,84108
24829,84109
24829,84110
24829,84116
24829,84117
24829,84120
24829,84121
24829,84122
24829,84123
24829,84126
24829,84133
24829,84134
24829,84153
24829,84174
24829,84197
24829,84210
24829,84231
24829,84254
24829,84283
24829,89031
24829,89121
24829,89302
24529,1148
24529,19716
24529,24530
24529,24531
24529,24532
24529,24533
24529,24534
24529,24553
24529,24560
24532,24535
24532,24536
24532,24541
24532,24549
24532,24555
24533,24546
24533,24554
24533,24562
24533,24567
24533,24568
24536,24537
24536,24539
24536,24544
24536,24547
24536,24550
24536,24552
24536,24557
24536,24559
24536,24561
24538,24536
24538,24540
24538,24542
24538,24543
24538,24545
24538,24548
24538,24556
24538,24558
24538,24563
24538,24564
24538,72819
24538,92615
24538,121734
24538,121832
24538,121839
24538,121913
24538,122218
24538,122316
24538,122560
24538,122857
24538,123481
24538,123551
24538,123643
24538,123815
24538,123851
24538,123970
24538,125933
24538,126402
24538,127485
24538,127680
24538,130679
24538,133275
24538,136758
24538,159581
24538,182895
24538,188078
24557,107362
24557,120149
24557,120399
24557,120408
24557,120436
24557,120686
24557,120947
24557,121154
24557,121413
24557,121507
24557,121916
24557,122536
24557,122691
24557,122924
24557,124530
24557,127234
24557,134993
24557,136436
24557,139523
24557,142979
24557,162934
24557,166179
24557,192640
24542,111936
24542,24496
24542,24531
24542,24536
24542,24557
24542,24556
24542,1260
24542,1440
24542,1771
24542,1796
24542,2212
24542,10928
24542,21799
24542,21804
24542,21806
24542,24852
24542,25755
24542,26461
24542,26464
24542,26489
24542,26571
24542,26640
24542,26840
24542,27226
24542,27236
24542,27312
24542,27359
24542,30154
24542,35577
24542,49030
24542,51884
24542,51927
24542,76016
24542,77868
24542,87349
24542,89926
24542,90709
24542,96492
24542,97001
24542,101785
24542,111654
24542,111656
24542,111844
24542,112011
24542,112396
24542,112437
24542,112728
24542,113277
24542,113349
24542,113801
24542,113921
24542,113971
24542,114366
24542,115007
24542,115617
24542,116271
24542,117036
24542,117706
24542,117772
24542,118260
24542,118299
24542,118921
24542,118924
24542,119215
24542,119326
24542,119508
24542,119634
24542,119994
24542,120212
24542,120243
24542,120423
24542,120656
24542,121050
24542,121200
24542,121354
24542,121903
24542,122368
24542,122432
24542,122509
24542,122949
24542,123080
24542,124122
24542,126365
24542,130136
24542,130285
24542,133121
24542,136048
24542,138966
24542,140965
24542,151003
24542,154973
24542,156373
24542,178034
24542,178552
24542,180704
24542,193311
24570,1059
24570,1919
24570,4854
24570,4983
24570,21089
24570,21268
24570,24571
24571,24591
24571,24577
24571,757
24571,21217
24571,24171
24571,1059
24571,1919
24571,4854
24571,2341
24571,3046
24571,3285
24571,5752
24571,5883
24571,7044
24571,7965
24571,13402
24571,18952
24571,18953
24571,21079
24571,21085
24571,21090
24571,24572
24571,24573
24571,24574
24571,24575
24571,24576
24571,24578
24571,24579
24571,24580
24571,24581
24571,24582
24571,24583
24571,24584
24571,24585
24571,24586
24571,24589
24571,24590
24571,24592
24571,24594
24571,24601
24571,24603
24571,24604
24571,24605
24571,24611
24571,24612
24571,24614
24571,24616
24571,24617
24571,24621
24571,24622
24571,24623
24571,24630
24571,24634
24571,24639
24571,24651
24571,24654
24571,24660
24571,24664
24571,24669
24571,24671
24571,24674
24571,24675
24571,24679
24571,24687
24571,24688
24571,24697
24571,24698
24571,24701
24571,24729
24571,24731
24571,24736
24571,24738
24571,24751
24571,24756
24571,24757
24571,24786
24572,24660
24572,25281
24572,25282
24575,2788
24575,2952
24582,2879
24582,5312
24582,14247
24582,20023
24582,24631
24582,24656
24582,24658
24582,24670
24582,24681
24582,24683
24582,24685
24582,24711
24582,24714
24582,24743
24582,24763
24583,24659
24583,24594
24583,24604
24583,24687
24583,24729
24583,4132
24583,5180
24583,14577
24583,21368
24583,24587
24583,24593
24583,24600
24583,24606
24583,24607
24583,24610
24583,24620
24583,24625
24583,24627
24583,24637
24583,24640
24583,24641
24583,24647
24583,24689
24583,24702
24583,24709
24583,24725
24583,24787
24583,24798
24583,24803
24583,91922
24654,24784
24702,24737
24702,15378
24702,24703
24702,24705
24702,24706
24702,24707
24702,24708
24702,24712
24702,24713
24702,24717
24702,24720
24702,24723
24702,24730
24702,24739
24702,24741
24702,24744
24702,24746
24702,24748
24702,24749
24702,24760
24702,24762
24702,24764
24702,24788
24702,24802
24758,35140
24758,4759
24758,35600
24758,35535
24758,984
24758,3262
24758,5931
24758,6372
24758,22697
24758,23639
24758,26565
24758,26590
24758,27029
24758,35521
24758,35527
24758,35536
24758,35571
24758,35622
24758,35687
24758,35725
24758,35753
24758,35802
24758,35811
24758,35848
24758,35875
24758,35884
24758,35928
24758,36877
24758,36922
24758,37056
24619,757
24619,4202
24619,11224
24619,16887
24619,19091
24619,21831
24619,25357
24619,25701
24619,26671
24619,30851
24619,33405
24619,33615
24619,36455
24619,79198
24619,82692
24619,113896
24619,113901
24619,113919
24619,113934
24619,113941
24619,113949
24619,113955
24619,113984
24619,113992
24619,113993
24619,114002
24619,114031
24619,114036
24619,114065
24619,114072
24619,114073
24619,114091
24619,114193
24619,114194
24619,114203
24619,114310
24619,114350
24619,114387
24619,114408
24619,114417
24619,114494
24619,114517
24619,114558
24619,114570
24619,114697
24619,114744
24619,114776
24619,114805
24619,114821
24619,114846
24619,115137
24619,115293
24619,115388
24619,115431
24619,115442
24619,115575
24619,115668
24619,115702
24619,115734
24619,116074
24619,116138
24619,116361
24619,116578
24619,116591
24619,116637
24619,116670
24619,117202
24619,117253
24619,117378
24619,117515
24619,117820
24619,119367
24619,119763
24619,119883
24619,121137
24619,121757
24619,121958
24619,122003
24619,122079
24619,122965
24619,123371
24619,123746
24619,123817
24619,127470
24619,127471
24619,127616
24619,128246
24619,128651
24619,132231
24619,132496
24619,136772
24619,136864
24619,139533
24619,139963
24619,147855
24619,148997
24619,149917
24619,152609
24619,160123
24619,160831
24619,163347
24619,178382
24632,23099
24632,6296
24632,10844
24632,22976
24632,24633
24632,24645
24632,24646
24632,24663
24632,24696
24632,24699
24632,24700
24632,24740
24767,29823
24767,3903
24767,24768
24767,24769
24767,24771
24767,24772
24767,24773
24767,24774
24767,24775
24767,24776
24767,24777
24767,24778
24767,24794
24767,51775
24767,51776
24767,51777
24767,51778
24767,51789
24767,51790
24767,51791
24767,51796
24767,51802
24767,51805
24777,4494
24777,24779
24777,24780
24777,24781
24777,24782
24777,24785
24777,24790
24777,24791
24777,24792
24777,24793
24777,24795
24777,24797
24777,24801
24805,2719
24805,3685
24805,1184
24805,1198
24805,1223
24805,1292
24805,1296
24805,1637
24805,1644
24805,1675
24805,3218
24805,3758
24805,4314
24805,24806
24805,24807
24805,24809
24805,24810
24805,24815
24805,24816
24805,24818
24805,24827
24805,24836
24805,24865
24805,24918
24805,24990
24805,27343
24805,37124
24805,52469
24805,75738
24805,83985
24805,96653
24805,130251
24805,195282
24805,195287
24805,195346
24805,195356
24805,195387
24818,1189
24818,1559
24818,1246
24818,1184
24818,1292
24818,24827
24818,24865
24818,1201
24818,1218
24818,1613
24818,1650
24818,4038
24818,11460
24818,12610
24818,24819
24818,24820
24818,24821
24818,24822
24818,24823
24818,24824
24818,24825
24818,24826
24818,24834
24818,24835
24818,24851
24818,24877
24818,24966
24818,24969
24818,25029
24818,25031
24818,25096
24818,44858
24818,72215
24818,73439
24818,83993
24818,83995
24818,83998
24818,83999
24818,84000
24818,84001
24818,84002
24818,84003
24818,84005
24818,84019
24818,84020
24818,84037
24818,84086
24818,84088
24818,84091
24818,84125
24818,84129
24818,84135
24818,84187
24818,84218
24818,84219
24818,84225
24818,84239
24818,84312
24865,24869
24865,24871
24918,24829
24918,24852
24918,97001
24918,1184
24918,1292
24918,24818
24918,24865
24918,52534
24918,1201
24918,24826
24918,24851
24918,24877
24918,25029
24918,1221
24918,25025
24918,25079
24918,24831
24918,24842
24918,24849
24918,24863
24918,24894
24918,24941
24918,25048
24918,84109
24918,24897
24918,24949
24918,24871
24918,84491
24918,24890
24918,24912
24918,1306
24918,1539
24918,2908
24918,24928
24918,24929
24918,24932
24918,24948
24918,24952
24918,24958
24918,24959
24918,24995
24918,25054
24918,25598
24918,30430
24918,38760
24918,52759
24918,76147
24918,76675
24918,84087
24918,84093
24918,87378
24918,128039
24918,142056
24918,164876
24918,192706
24918,195283
24918,195285
24918,195286
24918,195288
24918,195291
24918,195294
24918,195295
24918,195305
24918,195311
24918,195313
24918,195321
24918,195327
24918,195334
24918,195335
24918,195340
24918,195349
24918,195373
24918,195380
24918,195396
24918,195399
24918,195400
24918,195425
24918,195431
24918,195458
24918,197099
24811,1223
24811,1946
24811,2346
24811,2360
24811,3886
24811,4096
24811,8725
24811,9245
24811,26726
24811,26727
24811,26730
24811,26731
24811,26738
24811,26743
24811,26761
24811,26765
24811,26845
24811,26915
24817,29823
24817,5051
24817,30661
24817,31225
24817,82794
24817,82793
24817,2073
24817,19713
24817,19716
24817,707
24817,873
24817,1489
24817,2104
24817,3400
24817,4761
24817,4972
24817,6125
24817,12912
24817,15557
24817,17379
24817,19724
24817,20219
24817,24864
24817,27202
24817,27231
24817,27537
24817,29793
24817,30112
24817,30113
24817,30115
24817,30130
24817,30138
24817,30148
24817,30150
24817,30405
24817,30622
24817,31210
24817,34078
24817,35387
24817,36577
24817,41523
24817,51984
24817,52533
24817,52534
24817,52550
24817,52551
24817,52552
24817,52553
24817,52554
24817,52555
24817,52556
24817,52558
24817,52559
24817,52560
24817,52561
24817,72161
24817,72183
24817,78141
24817,82792
24817,82795
24817,82796
24817,82797
24817,82798
24817,82801
24819,196530
24820,24851
24820,20055
24820,24838
24820,24853
24820,24862
24820,24893
24820,24901
24820,25022
24820,25129
24820,25134
24822,97001
24822,24918
24822,96653
24822,1650
24822,24826
24822,24966
24822,25096
24822,1221
24822,24910
24822,24913
24822,24914
24822,24916
24822,24921
24822,24925
24822,24926
24822,24934
24822,24964
24822,24982
24822,24991
24822,25056
24822,25068
24822,25079
24822,25103
24822,25127
24822,96715
24826,24969
24826,2376
24826,24920
24826,24922
24826,24923
24826,24931
24826,24938
24826,24939
24826,24940
24826,24943
24826,24947
24826,24985
24826,24986
24826,25041
24826,25045
24826,25059
24826,25099
24826,25128
24835,24851
24835,24941
24835,24897
24835,24907
24835,24946
24835,24949
24835,24950
24835,24954
24835,24955
24835,24962
24835,24963
24835,24971
24835,24974
24835,24979
24835,24999
24835,25008
24835,25010
24835,25011
24835,25017
24835,25030
24835,25032
24835,25036
24835,25060
24835,25062
24835,25069
24851,75076
24851,80907
24966,24851
24966,83995
24966,1221
24966,26328
24966,84004
24966,84006
24966,84007
24966,84008
24966,84010
24966,84012
24966,84013
24966,84014
24966,84015
24966,84017
24966,84018
24966,84023
24966,84024
24966,84025
24966,84026
24966,84028
24966,84029
24966,84033
24966,84039
24966,84041
24966,84042
24966,84045
24966,84048
24966,84049
24966,84052
24966,84054
24966,84055
24966,84057
24966,84067
24966,84071
24966,84080
24966,84089
24966,84094
24966,84107
24966,84144
24966,84177
24966,84214
24966,84222
24966,84229
24966,84242
24966,84325
24966,87293
24966,87393
24966,87521
24966,87636
24966,87939
24966,88213
24966,88417
24966,88435
24966,88450
24966,88915
24966,89055
24966,89167
24966,89232
24966,89250
24966,89354
24966,89356
24966,89699
24966,90401
24966,90413
24926,11472
24926,24927
24926,24945
24926,24960
24926,24972
24926,24996
24926,25005
24926,25019
24926,25080
24926,119728
24926,197580
24926,198409
24934,24957
25025,94283
25025,24029
25025,24516
25025,1246
25025,24865
25025,30138
25025,52534
25025,24822
25025,24826
25025,122
25025,1207
25025,1426
25025,1510
25025,1523
25025,1555
25025,1647
25025,1649
25025,1669
25025,1697
25025,2379
25025,3164
25025,3514
25025,5399
25025,5400
25025,7244
25025,9994
25025,16233
25025,19738
25025,21790
25025,25063
25025,25122
25025,27479
25025,29639
25025,29816
25025,33130
25025,33897
25025,36200
25025,36347
25025,37128
25025,40153
25025,48229
25025,52106
25025,69803
25025,71474
25025,72478
25025,79595
25025,84481
25025,84918
25025,86156
25025,95695
25025,95703
25025,95721
25025,95737
25025,95740
25025,95743
25025,95752
25025,95755
25025,95759
25025,95770
25025,95776
25025,95786
25025,95793
25025,95802
25025,95805
25025,95809
25025,95837
25025,95842
25025,95849
25025,95855
25025,95858
25025,95901
25025,95913
25025,95915
25025,95926
25025,95937
25025,95940
25025,95981
25025,96009
25025,96013
25025,96042
25025,96071
25025,96087
25025,96099
25025,96108
25025,96141
25025,96154
25025,96158
25025,96196
25025,96200
25025,96217
25025,96227
25025,96306
25025,96315
25025,96403
25025,96427
25025,96457
25025,96510
25025,96521
25025,96559
25025,96670
25025,97002
25025,97495
25025,97599
25025,97713
25025,97730
25025,97768
25025,97848
25025,98159
25025,98182
25025,98200
25025,98258
25025,98264
25025,98334
25025,98408
25025,98430
25025,98445
25025,98459
25025,98515
25025,98664
25025,99060
25025,99159
25025,99346
25025,99413
25025,100157
25025,100300
25025,100396
25025,100631
25025,101127
25025,101651
25025,102249
25025,102419
25025,102880
25025,102914
25025,103102
25025,103162
25025,103288
25025,103624
25025,104243
25025,104333
25025,105055
25025,105615
25025,105667
25025,107824
25025,109581
25025,109894
25025,109984
25025,111245
25025,111516
25025,111772
25025,112084
25025,113172
25025,113207
25025,113619
25025,114982
25025,116740
25025,117172
25025,118652
25025,119487
25025,121933
25025,122140
25025,122884
25025,133733
25025,137479
25025,155089
25025,159610
25025,173779
25059,1649
25059,3289
25059,22280
25059,37112
25059,84594
25059,84650
25059,84651
25059,84660
25059,84661
25059,84683
25059,84710
25059,84724
25059,84766
25059,84792
25059,84823
25059,84825
25059,84836
25059,84858
25059,84914
25059,84942
25059,85160
25059,85168
25059,85259
25059,85342
25059,85634
25059,85850
25059,86253
25059,86793
25059,87023
25059,87113
25059,87182
25059,87211
25059,87404
25059,200950
24831,195289
24831,195323
24831,195374
24842,24843
24842,24844
24842,24845
24842,24848
24842,24850
24842,24857
24842,24859
24842,24887
24842,25023
24842,25061
24847,24854
24847,24874
24847,25016
24847,25132
24849,190919
24860,24867
24860,84078
24860,96338
24860,99038
24860,107039
24868,24888
24870,24872
24870,24935
24870,24970
24870,25013
24870,25018
24878,84491
24899,24851
24941,24975
24976,24981
24897,24976
24897,24980
24897,691
24897,24961
24897,25007
24897,25028
24897,25065
24897,25084
24907,22330
24907,24912
24907,24968
24950,70571
24950,77645
24950,77660
25036,88128
25036,17879
24859,24903
24859,24911
24859,24915
24859,24917
24859,24937
24859,24951
24859,24967
24859,24973
24859,25051
25023,25024
24854,24876
24872,24980
24872,24984
24882,1650
24882,24851
24882,24877
24882,1221
24882,24860
24882,24941
24882,24897
24882,24907
24882,2168
24882,10644
24882,24883
24882,24890
24882,24891
24882,24892
24882,24896
24882,24909
24882,24933
24882,25058
24882,25100
24882,25110
24882,80868
24882,80873
24882,80880
24882,80882
24882,80937
