395,0.00772013977597
1338,0.0100225421644
293,0.0164584572675
1065,0.0205564715498
651,0.0222547041057
1,0.0248219099629
217,0.0253476981472
1219,0.0268573147253
1720,0.0381600485568
720,0.0381736284934
1591,0.0390565007802
740,0.063368896311
1336,0.0647577383614
130,0.0828699503321
915,0.0893310953474
237,0.0994433450584
1873,0.102933116527
746,0.122172839506
993,0.129112643268
1555,0.134582765812
555,0.146470107651
142,0.148745381316
128,0.151957355163
1559,0.154237226056
1666,0.15694859866
1573,0.157221100737
1501,0.169429337755
169,0.172494945175
705,0.176478137609
61,0.182947845805
742,0.186307072644
879,0.20053877438
911,0.207289103607
179,0.215503658835
238,0.22014367336
1034,0.220968778696
153,0.221982827412
1741,0.230106027411
12,0.236111907485
22,0.240266695092
1663,0.240807676591
112,0.24479338843
696,0.247568172776
86,0.247981432491
1440,0.259872677398
1324,0.260151262421
17,0.27006519923
229,0.274714995654
163,0.294909445733
62,0.303344726562
172,0.305419295883
99,0.314940011943
32,0.317388918516
895,0.31848696262
195,0.319704412774
184,0.325891573225
191,0.327759844515
175,0.332295212233
78,0.335374223243
1537,0.337076027901
91,0.35922708454
182,0.36252524179
1664,0.363194793354
1655,0.379725395227
1806,0.379770032504
1657,0.383386749114
121,0.390581696478
116,0.391185854927
93,0.39228398342
148,0.401120216483
1511,0.40215808
1708,0.403372426231
1108,0.403827209667
158,0.404843092333
1243,0.405948183834
1556,0.41650982362
1131,0.422348278388
214,0.42887333289
3,0.437716262976
978,0.446996232281
1039,0.451561525557
119,0.459530368621
219,0.460131362747
1661,0.464561813564
76,0.468968653148
122,0.479214579497
211,0.479350594715
161,0.481486629834
1055,0.482667702869
1805,0.485359600895
84,0.485367424991
159,0.48782369146
88,0.488969187954
1650,0.491329388885
1769,0.497064170383
21,0.500044260897
70,0.500111383382
1566,0.500305657346
11,0.500369657086
136,0.500841254059
1649,0.501225297956
114,0.501543209877
992,0.503798326614
143,0.505332848295
71,0.508218277449
133,0.508524047843
138,0.508524047843
155,0.511634587762
1605,0.512293486132
108,0.516259070142
72,0.516450533861
63,0.517578125
34,0.517717698838
6,0.52
141,0.523629489603
1626,0.525609910737
36,0.528812745541
132,0.529618831563
222,0.532354129469
974,0.532789695081
1865,0.54527912511
38,0.547536984938
51,0.547536984938
54,0.547536984938
57,0.547536984938
47,0.551826671487
1665,0.557053628041
1752,0.55721725616
111,0.564257742969
19,0.565334045497
478,0.574800067848
194,0.575266272189
45,0.576516502688
46,0.577365103829
23,0.577878727827
200,0.581802184152
1558,0.582168546211
115,0.588135889517
101,0.588435671238
103,0.595919417626
1061,0.596980956329
41,0.59843093466
48,0.59843093466
220,0.600591715976
766,0.606299492337
69,0.607911215822
137,0.611760166173
1538,0.613513206198
1541,0.613513206198
205,0.617261975397
157,0.62421195522
102,0.625
165,0.625
1040,0.632605578552
113,0.6352
1748,0.639676507378
1757,0.647239482537
134,0.647411978253
1670,0.651435534583
1242,0.652820115581
107,0.658664022425
1754,0.661123077766
176,0.661464542529
1647,0.663687121599
1668,0.663687121599
123,0.666498981139
124,0.666498981139
127,0.666498981139
13,0.666560183855
14,0.666560183855
24,0.666560183855
1837,0.670987696052
1758,0.672023154895
1767,0.672023154895
1773,0.672023154895
1781,0.672023154895
215,0.675902012154
89,0.683336577034
203,0.686706015629
4,0.690357627886
15,0.695398645109
16,0.695398645109
94,0.695645088275
95,0.696779697569
42,0.699061594783
50,0.699061594783
52,0.699061594783
150,0.702040478308
212,0.702479338843
1667,0.703411446039
149,0.708037119049
187,0.708081663734
171,0.720916955017
49,0.723785977863
1715,0.728343997851
1723,0.729463073135
1045,0.733117035008
1768,0.734701905587
1675,0.734949751862
699,0.735342398754
207,0.73859824221
1808,0.739564315818
1614,0.743632075605
168,0.745476421861
748,0.74738356549
183,0.752695681178
1877,0.758233600522
125,0.761706594891
145,0.771136174471
37,0.775750211598
173,0.782252747306
20,0.785288582723
213,0.786302769591
1770,0.799018225318
1540,0.799828320313
109,0.800740552485
110,0.800740552485
178,0.802469135802
8,0.806238185255
97,0.807669816508
18,0.809896442893
85,0.811710784541
210,0.812854575088
25,0.815299181426
26,0.815299181426
27,0.815299181426
28,0.815299181426
1870,0.815464761622
33,0.817103009416
53,0.817103009416
58,0.817103009416
59,0.817103009416
162,0.81733271447
164,0.81733271447
166,0.81733271447
167,0.81733271447
87,0.825911942378
193,0.826853074393
170,0.834312041343
174,0.834978733556
75,0.836729851042
9,0.838832758463
202,0.839567426332
741,0.839783389989
31,0.841900887574
60,0.842907237591
1863,0.843701282416
77,0.847222222222
82,0.847222222222
181,0.847841985102
1809,0.8525390625
79,0.852541732933
139,0.856934283248
140,0.856934283248
154,0.85751537905
929,0.867710378713
573,0.873171487316
1765,0.875253312779
118,0.879292403746
151,0.885438174301
305,0.885852108022
43,0.886334318989
912,0.886589443963
35,0.890305344918
218,0.89494608647
2036,0.895339342565
146,0.896362342259
1762,0.896730865237
1109,0.90324522496
196,0.905713824941
92,0.907063226573
1036,0.908351220292
550,0.910710857845
206,0.911071972242
1250,0.915584089281
1253,0.915584089281
1275,0.915584089281
1280,0.915584089281
129,0.918484698743
131,0.918484698743
1753,0.920835381774
392,0.925088859504
1824,0.929285554868
1212,0.930392808273
1872,0.933949337866
144,0.939058199722
1898,0.940742091831
29,0.942702008664
186,0.945561677067
189,0.945561677067
190,0.945561677067
1069,0.946328424576
1038,0.950137008762
1019,0.951091900384
56,0.951570205773
1236,0.952068270507
80,0.952671165442
1233,0.953656765381
40,0.958860165502
104,0.959349730582
913,0.960139204205
1841,0.9608
209,0.967978908015
277,0.968785919762
1839,0.970087453053
105,0.97160846089
106,0.97160846089
55,0.975864447781
1267,0.9758923075
1760,0.975942489093
1716,0.97969756739
1761,0.980485677451
208,0.980946720042
1654,0.981469037262
10,0.985984244075
221,0.986506256596
197,0.990570003095
198,0.990570003095
1213,0.993171814427
1214,0.993171814427
1215,0.993171814427
73,0.997601679921
74,0.997601679921
394,0.998229724354
398,0.998229724354
400,0.998229724354
401,0.998229724354
39,0.998339035935
44,0.998339035935
1268,0.998732344431
0,1.0
2,1.0
5,1.0
7,1.0
30,1.0
64,1.0
65,1.0
66,1.0
67,1.0
68,1.0
81,1.0
83,1.0
90,1.0
96,1.0
100,1.0
117,1.0
120,1.0
126,1.0
135,1.0
147,1.0
152,1.0
156,1.0
160,1.0
177,1.0
180,1.0
185,1.0
188,1.0
192,1.0
199,1.0
201,1.0
204,1.0
216,1.0
223,1.0
224,1.0
225,1.0
226,1.0
227,1.0
228,1.0
230,1.0
231,1.0
232,1.0
233,1.0
234,1.0
235,1.0
236,1.0
239,1.0
240,1.0
241,1.0
242,1.0
243,1.0
244,1.0
245,1.0
246,1.0
247,1.0
248,1.0
249,1.0
250,1.0
251,1.0
252,1.0
253,1.0
254,1.0
255,1.0
256,1.0
257,1.0
258,1.0
259,1.0
260,1.0
261,1.0
262,1.0
263,1.0
264,1.0
265,1.0
266,1.0
267,1.0
268,1.0
269,1.0
270,1.0
271,1.0
272,1.0
273,1.0
274,1.0
275,1.0
276,1.0
278,1.0
279,1.0
280,1.0
281,1.0
282,1.0
283,1.0
284,1.0
285,1.0
286,1.0
287,1.0
288,1.0
289,1.0
290,1.0
291,1.0
292,1.0
294,1.0
295,1.0
296,1.0
297,1.0
298,1.0
299,1.0
300,1.0
301,1.0
302,1.0
303,1.0
304,1.0
306,1.0
307,1.0
308,1.0
309,1.0
310,1.0
311,1.0
312,1.0
313,1.0
314,1.0
315,1.0
316,1.0
317,1.0
318,1.0
319,1.0
320,1.0
321,1.0
322,1.0
323,1.0
324,1.0
325,1.0
326,1.0
327,1.0
328,1.0
329,1.0
330,1.0
331,1.0
332,1.0
333,1.0
334,1.0
335,1.0
336,1.0
337,1.0
338,1.0
339,1.0
340,1.0
341,1.0
342,1.0
343,1.0
344,1.0
345,1.0
346,1.0
347,1.0
348,1.0
349,1.0
350,1.0
351,1.0
352,1.0
353,1.0
354,1.0
355,1.0
356,1.0
357,1.0
358,1.0
359,1.0
360,1.0
361,1.0
362,1.0
363,1.0
364,1.0
365,1.0
366,1.0
367,1.0
368,1.0
369,1.0
370,1.0
371,1.0
372,1.0
373,1.0
374,1.0
375,1.0
376,1.0
377,1.0
378,1.0
379,1.0
380,1.0
381,1.0
382,1.0
383,1.0
384,1.0
385,1.0
386,1.0
387,1.0
388,1.0
389,1.0
390,1.0
391,1.0
393,1.0
396,1.0
397,1.0
399,1.0
402,1.0
403,1.0
404,1.0
405,1.0
406,1.0
407,1.0
408,1.0
409,1.0
410,1.0
411,1.0
412,1.0
413,1.0
414,1.0
415,1.0
416,1.0
417,1.0
418,1.0
419,1.0
420,1.0
421,1.0
422,1.0
423,1.0
424,1.0
425,1.0
426,1.0
427,1.0
428,1.0
429,1.0
430,1.0
431,1.0
432,1.0
433,1.0
434,1.0
435,1.0
436,1.0
437,1.0
438,1.0
439,1.0
440,1.0
441,1.0
442,1.0
443,1.0
444,1.0
445,1.0
446,1.0
447,1.0
448,1.0
449,1.0
450,1.0
451,1.0
452,1.0
453,1.0
454,1.0
455,1.0
456,1.0
457,1.0
458,1.0
459,1.0
460,1.0
461,1.0
462,1.0
463,1.0
464,1.0
465,1.0
466,1.0
467,1.0
468,1.0
469,1.0
470,1.0
471,1.0
472,1.0
473,1.0
474,1.0
475,1.0
476,1.0
477,1.0
479,1.0
480,1.0
481,1.0
482,1.0
483,1.0
484,1.0
485,1.0
486,1.0
487,1.0
488,1.0
489,1.0
490,1.0
491,1.0
492,1.0
493,1.0
494,1.0
495,1.0
496,1.0
497,1.0
498,1.0
499,1.0
500,1.0
501,1.0
502,1.0
503,1.0
504,1.0
505,1.0
506,1.0
507,1.0
508,1.0
509,1.0
510,1.0
511,1.0
512,1.0
513,1.0
514,1.0
515,1.0
516,1.0
517,1.0
518,1.0
519,1.0
520,1.0
521,1.0
522,1.0
523,1.0
524,1.0
525,1.0
526,1.0
527,1.0
528,1.0
529,1.0
530,1.0
531,1.0
532,1.0
533,1.0
534,1.0
535,1.0
536,1.0
537,1.0
538,1.0
539,1.0
540,1.0
541,1.0
542,1.0
543,1.0
544,1.0
545,1.0
546,1.0
547,1.0
548,1.0
549,1.0
551,1.0
552,1.0
553,1.0
554,1.0
556,1.0
557,1.0
558,1.0
559,1.0
560,1.0
561,1.0
562,1.0
563,1.0
564,1.0
565,1.0
566,1.0
567,1.0
568,1.0
569,1.0
570,1.0
571,1.0
572,1.0
574,1.0
575,1.0
576,1.0
577,1.0
578,1.0
579,1.0
580,1.0
581,1.0
582,1.0
583,1.0
584,1.0
585,1.0
586,1.0
587,1.0
588,1.0
589,1.0
590,1.0
591,1.0
592,1.0
593,1.0
594,1.0
595,1.0
596,1.0
597,1.0
598,1.0
599,1.0
600,1.0
601,1.0
602,1.0
603,1.0
604,1.0
605,1.0
606,1.0
607,1.0
608,1.0
609,1.0
610,1.0
611,1.0
612,1.0
613,1.0
614,1.0
615,1.0
616,1.0
617,1.0
618,1.0
619,1.0
620,1.0
621,1.0
622,1.0
623,1.0
624,1.0
625,1.0
626,1.0
627,1.0
628,1.0
629,1.0
630,1.0
631,1.0
632,1.0
633,1.0
634,1.0
635,1.0
636,1.0
637,1.0
638,1.0
639,1.0
640,1.0
641,1.0
642,1.0
643,1.0
644,1.0
645,1.0
646,1.0
647,1.0
648,1.0
649,1.0
650,1.0
652,1.0
653,1.0
654,1.0
655,1.0
656,1.0
657,1.0
658,1.0
659,1.0
660,1.0
661,1.0
662,1.0
663,1.0
664,1.0
665,1.0
666,1.0
667,1.0
668,1.0
669,1.0
670,1.0
671,1.0
672,1.0
673,1.0
674,1.0
675,1.0
676,1.0
677,1.0
678,1.0
679,1.0
680,1.0
681,1.0
682,1.0
683,1.0
684,1.0
685,1.0
686,1.0
687,1.0
688,1.0
689,1.0
690,1.0
691,1.0
692,1.0
693,1.0
694,1.0
695,1.0
697,1.0
698,1.0
700,1.0
701,1.0
702,1.0
703,1.0
704,1.0
706,1.0
707,1.0
708,1.0
709,1.0
710,1.0
711,1.0
712,1.0
713,1.0
714,1.0
715,1.0
716,1.0
717,1.0
718,1.0
719,1.0
721,1.0
722,1.0
723,1.0
724,1.0
725,1.0
726,1.0
727,1.0
728,1.0
729,1.0
730,1.0
731,1.0
732,1.0
733,1.0
734,1.0
735,1.0
736,1.0
737,1.0
738,1.0
739,1.0
743,1.0
744,1.0
745,1.0
747,1.0
749,1.0
750,1.0
751,1.0
752,1.0
753,1.0
754,1.0
755,1.0
756,1.0
757,1.0
758,1.0
759,1.0
760,1.0
761,1.0
762,1.0
763,1.0
764,1.0
765,1.0
767,1.0
768,1.0
769,1.0
770,1.0
771,1.0
772,1.0
773,1.0
774,1.0
775,1.0
776,1.0
777,1.0
778,1.0
779,1.0
780,1.0
781,1.0
782,1.0
783,1.0
784,1.0
785,1.0
786,1.0
787,1.0
788,1.0
789,1.0
790,1.0
791,1.0
792,1.0
793,1.0
794,1.0
795,1.0
796,1.0
797,1.0
798,1.0
799,1.0
800,1.0
801,1.0
802,1.0
803,1.0
804,1.0
805,1.0
806,1.0
807,1.0
808,1.0
809,1.0
810,1.0
811,1.0
812,1.0
813,1.0
814,1.0
815,1.0
816,1.0
817,1.0
818,1.0
819,1.0
820,1.0
821,1.0
822,1.0
823,1.0
824,1.0
825,1.0
826,1.0
827,1.0
828,1.0
829,1.0
830,1.0
831,1.0
832,1.0
833,1.0
834,1.0
835,1.0
836,1.0
837,1.0
838,1.0
839,1.0
840,1.0
841,1.0
842,1.0
843,1.0
844,1.0
845,1.0
846,1.0
847,1.0
848,1.0
849,1.0
850,1.0
851,1.0
852,1.0
853,1.0
854,1.0
855,1.0
856,1.0
857,1.0
858,1.0
859,1.0
860,1.0
861,1.0
862,1.0
863,1.0
864,1.0
865,1.0
866,1.0
867,1.0
868,1.0
869,1.0
870,1.0
871,1.0
872,1.0
873,1.0
874,1.0
875,1.0
876,1.0
877,1.0
878,1.0
880,1.0
881,1.0
882,1.0
883,1.0
884,1.0
885,1.0
886,1.0
887,1.0
888,1.0
889,1.0
890,1.0
891,1.0
892,1.0
893,1.0
894,1.0
896,1.0
897,1.0
898,1.0
899,1.0
900,1.0
901,1.0
902,1.0
903,1.0
904,1.0
905,1.0
906,1.0
907,1.0
908,1.0
909,1.0
910,1.0
914,1.0
916,1.0
917,1.0
918,1.0
919,1.0
920,1.0
921,1.0
922,1.0
923,1.0
924,1.0
925,1.0
926,1.0
927,1.0
928,1.0
930,1.0
931,1.0
932,1.0
933,1.0
934,1.0
935,1.0
936,1.0
937,1.0
938,1.0
939,1.0
940,1.0
941,1.0
942,1.0
943,1.0
944,1.0
945,1.0
946,1.0
947,1.0
948,1.0
949,1.0
950,1.0
951,1.0
952,1.0
953,1.0
954,1.0
955,1.0
956,1.0
957,1.0
958,1.0
959,1.0
960,1.0
961,1.0
962,1.0
963,1.0
964,1.0
965,1.0
966,1.0
967,1.0
968,1.0
969,1.0
970,1.0
971,1.0
972,1.0
973,1.0
975,1.0
976,1.0
977,1.0
979,1.0
980,1.0
981,1.0
982,1.0
983,1.0
984,1.0
985,1.0
986,1.0
987,1.0
988,1.0
989,1.0
990,1.0
991,1.0
994,1.0
995,1.0
996,1.0
997,1.0
998,1.0
999,1.0
1000,1.0
1001,1.0
1002,1.0
1003,1.0
1004,1.0
1005,1.0
1006,1.0
1007,1.0
1008,1.0
1009,1.0
1010,1.0
1011,1.0
1012,1.0
1013,1.0
1014,1.0
1015,1.0
1016,1.0
1017,1.0
1018,1.0
1020,1.0
1021,1.0
1022,1.0
1023,1.0
1024,1.0
1025,1.0
1026,1.0
1027,1.0
1028,1.0
1029,1.0
1030,1.0
1031,1.0
1032,1.0
1033,1.0
1035,1.0
1037,1.0
1041,1.0
1042,1.0
1043,1.0
1044,1.0
1046,1.0
1047,1.0
1048,1.0
1049,1.0
1050,1.0
1051,1.0
1052,1.0
1053,1.0
1054,1.0
1056,1.0
1057,1.0
1058,1.0
1059,1.0
1060,1.0
1062,1.0
1063,1.0
1064,1.0
1066,1.0
1067,1.0
1068,1.0
1070,1.0
1071,1.0
1072,1.0
1073,1.0
1074,1.0
1075,1.0
1076,1.0
1077,1.0
1078,1.0
1079,1.0
1080,1.0
1081,1.0
1082,1.0
1083,1.0
1084,1.0
1085,1.0
1086,1.0
1087,1.0
1088,1.0
1089,1.0
1090,1.0
1091,1.0
1092,1.0
1093,1.0
1094,1.0
1095,1.0
1096,1.0
1097,1.0
1098,1.0
1099,1.0
1100,1.0
1101,1.0
1102,1.0
1103,1.0
1104,1.0
1105,1.0
1106,1.0
1107,1.0
1110,1.0
1111,1.0
1112,1.0
1113,1.0
1114,1.0
1115,1.0
1116,1.0
1117,1.0
1118,1.0
1119,1.0
1120,1.0
1121,1.0
1122,1.0
1123,1.0
1124,1.0
1125,1.0
1126,1.0
1127,1.0
1128,1.0
1129,1.0
1130,1.0
1132,1.0
1133,1.0
1134,1.0
1135,1.0
1136,1.0
1137,1.0
1138,1.0
1139,1.0
1140,1.0
1141,1.0
1142,1.0
1143,1.0
1144,1.0
1145,1.0
1146,1.0
1147,1.0
1148,1.0
1149,1.0
1150,1.0
1151,1.0
1152,1.0
1153,1.0
1154,1.0
1155,1.0
1156,1.0
1157,1.0
1158,1.0
1159,1.0
1160,1.0
1161,1.0
1162,1.0
1163,1.0
1164,1.0
1165,1.0
1166,1.0
1167,1.0
1168,1.0
1169,1.0
1170,1.0
1171,1.0
1172,1.0
1173,1.0
1174,1.0
1175,1.0
1176,1.0
1177,1.0
1178,1.0
1179,1.0
1180,1.0
1181,1.0
1182,1.0
1183,1.0
1184,1.0
1185,1.0
1186,1.0
1187,1.0
1188,1.0
1189,1.0
1190,1.0
1191,1.0
1192,1.0
1193,1.0
1194,1.0
1195,1.0
1196,1.0
1197,1.0
1198,1.0
1199,1.0
1200,1.0
1201,1.0
1202,1.0
1203,1.0
1204,1.0
1205,1.0
1206,1.0
1207,1.0
1208,1.0
1209,1.0
1210,1.0
1211,1.0
1216,1.0
1217,1.0
1218,1.0
1220,1.0
1221,1.0
1222,1.0
1223,1.0
1224,1.0
1225,1.0
1226,1.0
1227,1.0
1228,1.0
1229,1.0
1230,1.0
1231,1.0
1232,1.0
1234,1.0
1235,1.0
1237,1.0
1238,1.0
1239,1.0
1240,1.0
1241,1.0
1244,1.0
1245,1.0
1246,1.0
1247,1.0
1248,1.0
1249,1.0
1251,1.0
1252,1.0
1254,1.0
1255,1.0
1256,1.0
1257,1.0
1258,1.0
1259,1.0
1260,1.0
1261,1.0
1262,1.0
1263,1.0
1264,1.0
1265,1.0
1266,1.0
1269,1.0
1270,1.0
1271,1.0
1272,1.0
1273,1.0
1274,1.0
1276,1.0
1277,1.0
1278,1.0
1279,1.0
1281,1.0
1282,1.0
1283,1.0
1284,1.0
1285,1.0
1286,1.0
1287,1.0
1288,1.0
1289,1.0
1290,1.0
1291,1.0
1292,1.0
1293,1.0
1294,1.0
1295,1.0
1296,1.0
1297,1.0
1298,1.0
1299,1.0
1300,1.0
1301,1.0
1302,1.0
1303,1.0
1304,1.0
1305,1.0
1306,1.0
1307,1.0
1308,1.0
1309,1.0
1310,1.0
1311,1.0
1312,1.0
1313,1.0
1314,1.0
1315,1.0
1316,1.0
1317,1.0
1318,1.0
1319,1.0
1320,1.0
1321,1.0
1322,1.0
1323,1.0
1325,1.0
1326,1.0
1327,1.0
1328,1.0
1329,1.0
1330,1.0
1331,1.0
1332,1.0
1333,1.0
1334,1.0
1335,1.0
1337,1.0
1339,1.0
1340,1.0
1341,1.0
1342,1.0
1343,1.0
1344,1.0
1345,1.0
1346,1.0
1347,1.0
1348,1.0
1349,1.0
1350,1.0
1351,1.0
1352,1.0
1353,1.0
1354,1.0
1355,1.0
1356,1.0
1357,1.0
1358,1.0
1359,1.0
1360,1.0
1361,1.0
1362,1.0
1363,1.0
1364,1.0
1365,1.0
1366,1.0
1367,1.0
1368,1.0
1369,1.0
1370,1.0
1371,1.0
1372,1.0
1373,1.0
1374,1.0
1375,1.0
1376,1.0
1377,1.0
1378,1.0
1379,1.0
1380,1.0
1381,1.0
1382,1.0
1383,1.0
1384,1.0
1385,1.0
1386,1.0
1387,1.0
1388,1.0
1389,1.0
1390,1.0
1391,1.0
1392,1.0
1393,1.0
1394,1.0
1395,1.0
1396,1.0
1397,1.0
1398,1.0
1399,1.0
1400,1.0
1401,1.0
1402,1.0
1403,1.0
1404,1.0
1405,1.0
1406,1.0
1407,1.0
1408,1.0
1409,1.0
1410,1.0
1411,1.0
1412,1.0
1413,1.0
1414,1.0
1415,1.0
1416,1.0
1417,1.0
1418,1.0
1419,1.0
1420,1.0
1421,1.0
1422,1.0
1423,1.0
1424,1.0
1425,1.0
1426,1.0
1427,1.0
1428,1.0
1429,1.0
1430,1.0
1431,1.0
1432,1.0
1433,1.0
1434,1.0
1435,1.0
1436,1.0
1437,1.0
1438,1.0
1439,1.0
1441,1.0
1442,1.0
1443,1.0
1444,1.0
1445,1.0
1446,1.0
1447,1.0
1448,1.0
1449,1.0
1450,1.0
1451,1.0
1452,1.0
1453,1.0
1454,1.0
1455,1.0
1456,1.0
1457,1.0
1458,1.0
1459,1.0
1460,1.0
1461,1.0
1462,1.0
1463,1.0
1464,1.0
1465,1.0
1466,1.0
1467,1.0
1468,1.0
1469,1.0
1470,1.0
1471,1.0
1472,1.0
1473,1.0
1474,1.0
1475,1.0
1476,1.0
1477,1.0
1478,1.0
1479,1.0
1480,1.0
1481,1.0
1482,1.0
1483,1.0
1484,1.0
1485,1.0
1486,1.0
1487,1.0
1488,1.0
1489,1.0
1490,1.0
1491,1.0
1492,1.0
1493,1.0
1494,1.0
1495,1.0
1496,1.0
1497,1.0
1498,1.0
1499,1.0
1500,1.0
1502,1.0
1503,1.0
1504,1.0
1505,1.0
1506,1.0
1507,1.0
1508,1.0
1509,1.0
1510,1.0
1512,1.0
1513,1.0
1514,1.0
1515,1.0
1516,1.0
1517,1.0
1518,1.0
1519,1.0
1520,1.0
1521,1.0
1522,1.0
1523,1.0
1524,1.0
1525,1.0
1526,1.0
1527,1.0
1528,1.0
1529,1.0
1530,1.0
1531,1.0
1532,1.0
1533,1.0
1534,1.0
1535,1.0
1536,1.0
1539,1.0
1542,1.0
1543,1.0
1544,1.0
1545,1.0
1546,1.0
1547,1.0
1548,1.0
1549,1.0
1550,1.0
1551,1.0
1552,1.0
1553,1.0
1554,1.0
1557,1.0
1560,1.0
1561,1.0
1562,1.0
1563,1.0
1564,1.0
1565,1.0
1567,1.0
1568,1.0
1569,1.0
1570,1.0
1571,1.0
1572,1.0
1574,1.0
1575,1.0
1576,1.0
1577,1.0
1578,1.0
1579,1.0
1580,1.0
1581,1.0
1582,1.0
1583,1.0
1584,1.0
1585,1.0
1586,1.0
1587,1.0
1588,1.0
1589,1.0
1590,1.0
1592,1.0
1593,1.0
1594,1.0
1595,1.0
1596,1.0
1597,1.0
1598,1.0
1599,1.0
1600,1.0
1601,1.0
1602,1.0
1603,1.0
1604,1.0
1606,1.0
1607,1.0
1608,1.0
1609,1.0
1610,1.0
1611,1.0
1612,1.0
1613,1.0
1615,1.0
1616,1.0
1617,1.0
1618,1.0
1619,1.0
1620,1.0
1621,1.0
1622,1.0
1623,1.0
1624,1.0
1625,1.0
1627,1.0
1628,1.0
1629,1.0
1630,1.0
1631,1.0
1632,1.0
1633,1.0
1634,1.0
1635,1.0
1636,1.0
1637,1.0
1638,1.0
1639,1.0
1640,1.0
1641,1.0
1642,1.0
1643,1.0
1644,1.0
1645,1.0
1646,1.0
1648,1.0
1651,1.0
1652,1.0
1653,1.0
1656,1.0
1658,1.0
1659,1.0
1660,1.0
1662,1.0
1669,1.0
1671,1.0
1672,1.0
1673,1.0
1674,1.0
1676,1.0
1677,1.0
1678,1.0
1679,1.0
1680,1.0
1681,1.0
1682,1.0
1683,1.0
1684,1.0
1685,1.0
1686,1.0
1687,1.0
1688,1.0
1689,1.0
1690,1.0
1691,1.0
1692,1.0
1693,1.0
1694,1.0
1695,1.0
1696,1.0
1697,1.0
1698,1.0
1699,1.0
1700,1.0
1701,1.0
1702,1.0
1703,1.0
1704,1.0
1705,1.0
1706,1.0
1707,1.0
1709,1.0
1710,1.0
1711,1.0
1712,1.0
1713,1.0
1714,1.0
1717,1.0
1718,1.0
1719,1.0
1721,1.0
1722,1.0
1724,1.0
1725,1.0
1726,1.0
1727,1.0
1728,1.0
1729,1.0
1730,1.0
1731,1.0
1732,1.0
1733,1.0
1734,1.0
1735,1.0
1736,1.0
1737,1.0
1738,1.0
1739,1.0
1740,1.0
1742,1.0
1743,1.0
1744,1.0
1745,1.0
1746,1.0
1747,1.0
1749,1.0
1750,1.0
1751,1.0
1755,1.0
1756,1.0
1759,1.0
1763,1.0
1764,1.0
1766,1.0
1771,1.0
1772,1.0
1774,1.0
1775,1.0
1776,1.0
1777,1.0
1778,1.0
1779,1.0
1780,1.0
1782,1.0
1783,1.0
1784,1.0
1785,1.0
1786,1.0
1787,1.0
1788,1.0
1789,1.0
1790,1.0
1791,1.0
1792,1.0
1793,1.0
1794,1.0
1795,1.0
1796,1.0
1797,1.0
1798,1.0
1799,1.0
1800,1.0
1801,1.0
1802,1.0
1803,1.0
1804,1.0
1807,1.0
1810,1.0
1811,1.0
1812,1.0
1813,1.0
1814,1.0
1815,1.0
1816,1.0
1817,1.0
1818,1.0
1819,1.0
1820,1.0
1821,1.0
1822,1.0
1823,1.0
1825,1.0
1826,1.0
1827,1.0
1828,1.0
1829,1.0
1830,1.0
1831,1.0
1832,1.0
1833,1.0
1834,1.0
1835,1.0
1836,1.0
1838,1.0
1840,1.0
1842,1.0
1843,1.0
1844,1.0
1845,1.0
1846,1.0
1847,1.0
1848,1.0
1849,1.0
1850,1.0
1851,1.0
1852,1.0
1853,1.0
1854,1.0
1855,1.0
1856,1.0
1857,1.0
1858,1.0
1859,1.0
1860,1.0
1861,1.0
1862,1.0
1864,1.0
1866,1.0
1867,1.0
1868,1.0
1869,1.0
1871,1.0
1874,1.0
1875,1.0
1876,1.0
1878,1.0
1879,1.0
1880,1.0
1881,1.0
1882,1.0
1883,1.0
1884,1.0
1885,1.0
1886,1.0
1887,1.0
1888,1.0
1889,1.0
1890,1.0
1891,1.0
1892,1.0
1893,1.0
1894,1.0
1895,1.0
1896,1.0
1897,1.0
1899,1.0
1900,1.0
1901,1.0
1902,1.0
1903,1.0
1904,1.0
1905,1.0
1906,1.0
1907,1.0
1908,1.0
1909,1.0
1910,1.0
1911,1.0
1912,1.0
1913,1.0
1914,1.0
1915,1.0
1916,1.0
1917,1.0
1918,1.0
1919,1.0
1920,1.0
1921,1.0
1922,1.0
1923,1.0
1924,1.0
1925,1.0
1926,1.0
1927,1.0
1928,1.0
1929,1.0
1930,1.0
1931,1.0
1932,1.0
1933,1.0
1934,1.0
1935,1.0
1936,1.0
1937,1.0
1938,1.0
1939,1.0
1940,1.0
1941,1.0
1942,1.0
1943,1.0
1944,1.0
1945,1.0
1946,1.0
1947,1.0
1948,1.0
1949,1.0
1950,1.0
1951,1.0
1952,1.0
1953,1.0
1954,1.0
1955,1.0
1956,1.0
1957,1.0
1958,1.0
1959,1.0
1960,1.0
1961,1.0
1962,1.0
1963,1.0
1964,1.0
1965,1.0
1966,1.0
1967,1.0
1968,1.0
1969,1.0
1970,1.0
1971,1.0
1972,1.0
1973,1.0
1974,1.0
1975,1.0
1976,1.0
1977,1.0
1978,1.0
1979,1.0
1980,1.0
1981,1.0
1982,1.0
1983,1.0
1984,1.0
1985,1.0
1986,1.0
1987,1.0
1988,1.0
1989,1.0
1990,1.0
1991,1.0
1992,1.0
1993,1.0
1994,1.0
1995,1.0
1996,1.0
1997,1.0
1998,1.0
1999,1.0
2000,1.0
2001,1.0
2002,1.0
2003,1.0
2004,1.0
2005,1.0
2006,1.0
2007,1.0
2008,1.0
2009,1.0
2010,1.0
2011,1.0
2012,1.0
2013,1.0
2014,1.0
2015,1.0
2016,1.0
2017,1.0
2018,1.0
2019,1.0
2020,1.0
2021,1.0
2022,1.0
2023,1.0
2024,1.0
2025,1.0
2026,1.0
2027,1.0
2028,1.0
2029,1.0
2030,1.0
2031,1.0
2032,1.0
2033,1.0
2034,1.0
2035,1.0
2037,1.0
2038,1.0
2039,1.0
2040,1.0
2041,1.0
2042,1.0
2043,1.0
2044,1.0
2045,1.0
2046,1.0
2047,1.0
2048,1.0
2049,1.0
2050,1.0
2051,1.0
2052,1.0
2053,1.0
2054,1.0
2055,1.0
2056,1.0
2057,1.0
2058,1.0
2059,1.0
2060,1.0
2061,1.0
2062,1.0
2063,1.0
2064,1.0
2065,1.0
2066,1.0
2067,1.0
2068,1.0
2069,1.0
2070,1.0
2071,1.0
2072,1.0
2073,1.0
2074,1.0
2075,1.0
2076,1.0
2077,1.0
2078,1.0
2079,1.0
2080,1.0
2081,1.0
2082,1.0
2083,1.0
2084,1.0
2085,1.0
2086,1.0
2087,1.0
2088,1.0
2089,1.0
2090,1.0
2091,1.0
2092,1.0
2093,1.0
2094,1.0
2095,1.0
2096,1.0
2097,1.0
2098,1.0
2099,1.0
2100,1.0
2101,1.0
2102,1.0
2103,1.0
2104,1.0
2105,1.0
2106,1.0
2107,1.0
2108,1.0
2109,1.0
2110,1.0
2111,1.0
2112,1.0
2113,1.0
2114,1.0
2115,1.0
2116,1.0
2117,1.0
2118,1.0
2119,1.0
2120,1.0
2121,1.0
2122,1.0
2123,1.0
2124,1.0
2125,1.0
2126,1.0
2127,1.0
2128,1.0
2129,1.0
2130,1.0
2131,1.0
2132,1.0
2133,1.0
2134,1.0
2135,1.0
2136,1.0
2137,1.0
2138,1.0
2139,1.0
2140,1.0
2141,1.0
2142,1.0
2143,1.0
2144,1.0
2145,1.0
2146,1.0
2147,1.0
2148,1.0
2149,1.0
2150,1.0
2151,1.0
2152,1.0
2153,1.0
2154,1.0
2155,1.0
2156,1.0
2157,1.0
2158,1.0
2159,1.0
2160,1.0
2161,1.0
2162,1.0
2163,1.0
2164,1.0
2165,1.0
2166,1.0
2167,1.0
2168,1.0
2169,1.0
2170,1.0
2171,1.0
2172,1.0
2173,1.0
2174,1.0
2175,1.0
2176,1.0
2177,1.0
2178,1.0
2179,1.0
2180,1.0
2181,1.0
2182,1.0
2183,1.0
2184,1.0
2185,1.0
2186,1.0
2187,1.0
2188,1.0
2189,1.0
2190,1.0
2191,1.0
2192,1.0
2193,1.0
2194,1.0
2195,1.0
2196,1.0
2197,1.0
2198,1.0
2199,1.0
2200,1.0
2201,1.0
2202,1.0
2203,1.0
2204,1.0
2205,1.0
2206,1.0
2207,1.0
2208,1.0
2209,1.0
2210,1.0
2211,1.0
2212,1.0
2213,1.0
2214,1.0
2215,1.0
2216,1.0
2217,1.0
2218,1.0
2219,1.0
98,1.00985319227
