0,1
1,23
1,582
1,583
1,584
1,585
1,586
1,587
1,588
1,589
1,590
1,591
1,592
1,593
1,594
1,595
1,596
1,597
1,598
1,599
1,600
1,601
1,602
1,603
1,604
1,605
1,606
1,607
1,608
1,609
1,610
1,611
1,612
1,613
1,614
1,615
1,616
1,617
1,618
1,619
1,620
3,4
3,5
3,6
6,141
7,8
9,10
9,11
12,13
12,14
12,15
12,16
12,17
12,19
12,20
12,21
12,22
12,23
12,24
12,25
12,26
12,27
12,28
12,29
17,20
17,22
17,42
17,50
17,52
17,72
17,73
17,74
17,75
17,76
18,12
18,29
19,18
19,22
19,25
19,26
19,27
19,28
30,31
32,13
32,14
32,22
32,24
32,33
32,34
32,35
32,36
32,37
32,38
32,39
32,40
32,41
32,42
32,43
32,44
32,45
32,46
32,47
32,48
32,49
32,50
32,51
32,52
32,53
32,54
32,55
32,56
32,57
32,58
32,59
32,60
44,39
49,1019
49,1109
49,1828
49,1829
49,1830
61,62
61,63
61,64
61,65
61,66
61,67
61,68
62,69
62,70
62,71
63,77
74,73
78,22
78,79
78,80
78,81
78,82
84,40
84,85
86,84
86,85
86,87
86,88
86,89
86,90
86,91
86,92
88,92
88,107
88,108
89,109
89,110
91,87
91,89
91,108
91,109
91,110
91,111
93,71
93,94
93,95
96,55
97,98
97,99
97,100
99,98
99,101
99,102
103,76
103,104
103,105
103,106
104,105
104,106
112,113
112,114
112,115
112,116
112,117
116,139
116,140
118,119
118,120
119,121
119,122
121,123
121,124
121,125
121,126
121,127
122,128
122,129
122,130
122,131
125,123
125,124
125,127
128,545
128,546
128,547
128,548
128,549
128,550
128,551
128,552
128,553
128,554
128,555
128,556
128,557
128,558
128,559
128,560
128,561
128,562
130,129
130,131
130,621
130,622
130,623
130,624
130,625
130,626
130,627
130,628
130,629
130,630
130,631
130,632
130,633
130,634
130,635
130,636
130,637
130,638
130,639
130,640
132,22
132,133
132,134
132,135
132,136
132,137
132,138
140,139
141,113
142,72
142,139
142,140
142,143
142,144
142,145
142,146
142,147
142,148
142,149
142,150
142,151
142,152
146,114
148,134
148,157
148,158
148,159
150,161
151,70
153,11
153,15
153,16
153,35
153,154
153,155
153,156
158,56
158,200
159,8
159,204
159,205
160,144
161,162
161,163
161,164
161,165
161,166
161,167
163,95
163,155
163,162
163,164
163,166
163,167
163,168
163,169
165,168
169,2
169,94
169,95
169,642
169,643
169,644
169,645
169,646
169,647
169,648
169,649
169,650
170,171
172,133
172,138
172,157
172,171
172,173
172,174
172,176
175,136
175,157
175,170
175,172
175,173
175,174
175,1331
175,1332
175,1333
175,1334
175,1335
175,1336
175,1337
177,178
179,69
179,102
179,115
179,149
179,180
179,181
182,178
182,183
182,184
182,185
183,186
183,187
183,188
183,189
183,190
184,31
184,191
184,192
184,193
184,194
184,195
184,196
187,22
187,186
187,189
187,190
191,4
191,101
191,193
191,197
191,198
191,199
194,111
194,201
195,196
195,207
195,208
198,197
200,641
202,22
202,203
205,206
209,210
210,211
210,212
211,209
211,213
211,214
211,215
212,216
213,214
213,215
213,217
214,218
217,125
217,218
217,355
217,356
217,357
217,358
217,359
217,360
217,361
217,362
217,363
217,364
217,365
217,366
217,367
217,368
217,369
217,370
217,371
217,372
217,373
217,374
217,375
217,376
217,377
217,378
217,379
217,380
217,381
217,382
217,383
217,384
217,385
217,386
217,387
217,388
217,389
217,390
217,391
219,200
219,220
219,221
219,222
220,223
220,224
220,225
220,226
220,227
220,228
222,286
222,287
222,288
222,289
222,290
222,291
222,292
229,230
229,231
229,232
229,233
229,234
229,235
229,236
229,237
229,238
229,239
229,240
229,241
229,242
229,243
229,244
229,245
229,246
237,22
237,83
237,203
237,247
237,248
237,249
237,250
237,251
237,252
237,253
237,254
237,255
237,256
237,257
237,258
237,259
237,260
237,261
237,262
237,263
237,264
237,265
237,266
237,267
237,268
237,269
237,270
237,271
237,272
237,273
238,274
238,275
238,276
238,277
238,278
238,279
238,280
238,281
238,282
238,283
238,284
238,285
293,294
293,295
293,296
293,297
293,298
293,299
293,300
293,301
293,302
293,303
293,304
293,305
293,306
293,307
293,308
293,309
293,310
293,311
293,312
293,313
293,314
293,315
293,316
293,317
293,318
293,319
293,320
293,321
293,322
293,323
293,324
293,325
293,326
293,327
293,328
293,329
293,330
293,331
293,332
293,333
293,334
293,335
293,336
293,337
293,338
293,339
293,340
293,341
293,342
293,343
293,344
293,345
293,346
293,347
293,348
293,349
293,350
293,351
293,352
293,353
293,354
392,393
392,394
392,395
392,396
392,397
392,398
392,399
392,400
392,401
392,402
392,403
395,10
395,80
395,208
395,277
395,394
395,398
395,400
395,401
395,404
395,405
395,406
395,407
395,408
395,409
395,410
395,411
395,412
395,413
395,414
395,415
395,416
395,417
395,418
395,419
395,420
395,421
395,422
395,423
395,424
395,425
395,426
395,427
395,428
395,429
395,430
395,431
395,432
395,433
395,434
395,435
395,436
395,437
395,438
395,439
395,440
395,441
395,442
395,443
395,444
395,445
395,446
395,447
395,448
395,449
395,450
395,451
395,452
395,453
395,454
395,455
395,456
395,457
395,458
395,459
395,460
395,461
395,462
395,463
395,464
395,465
395,466
395,467
395,468
395,469
395,470
395,471
395,472
395,473
395,474
395,475
395,476
395,477
395,478
395,479
395,480
395,481
395,482
395,483
395,484
395,485
395,486
395,487
395,488
395,489
395,490
395,491
395,492
395,493
395,494
395,495
395,496
395,497
395,498
395,499
395,500
395,501
395,502
395,503
395,504
395,505
395,506
395,507
395,508
395,509
395,510
395,511
395,512
395,513
395,514
395,515
395,516
395,517
395,518
395,519
395,520
395,521
395,522
395,523
395,524
395,525
395,526
395,527
395,528
395,529
395,530
395,531
395,532
395,533
395,534
395,535
395,536
395,537
395,538
395,539
395,540
395,541
395,542
395,543
395,544
550,563
555,564
555,565
555,566
555,567
555,568
555,569
555,570
555,571
555,572
555,573
555,574
555,575
555,576
555,577
555,578
555,579
555,580
555,581
651,154
651,652
651,653
651,654
651,655
651,656
651,657
651,658
651,659
651,660
651,661
651,662
651,663
651,664
651,665
651,666
651,667
651,668
651,669
651,670
651,671
651,672
651,673
651,674
651,675
651,676
651,677
651,678
651,679
651,680
651,681
651,682
651,683
651,684
651,685
651,686
651,687
651,688
651,689
651,690
651,691
651,692
651,693
651,694
651,695
696,45
696,207
696,697
696,698
696,699
696,700
696,701
696,702
696,703
696,704
696,705
696,706
696,707
696,708
696,709
696,710
696,711
696,712
696,713
696,714
696,715
696,716
696,717
696,718
696,719
696,720
696,721
696,722
696,723
696,724
696,725
705,206
705,726
705,727
705,728
705,729
705,730
705,731
705,732
705,733
705,734
705,735
705,736
705,737
705,738
705,739
705,740
705,741
705,742
705,743
705,744
705,745
720,798
720,799
720,800
720,801
720,802
720,803
720,804
720,805
720,806
720,807
720,808
720,809
720,810
720,811
720,812
720,813
720,814
720,815
720,816
720,817
720,818
720,819
720,820
720,821
720,822
720,823
720,824
720,825
720,826
720,827
720,828
720,829
720,830
720,831
720,832
720,833
720,834
720,835
720,836
720,837
720,838
720,839
720,840
720,841
720,842
720,843
720,844
720,845
720,846
720,847
720,848
720,849
720,850
720,851
720,852
720,853
720,854
720,855
720,856
720,857
720,858
720,859
720,860
720,861
740,741
740,758
740,759
740,760
740,761
740,762
740,763
740,764
740,765
740,766
740,767
740,768
740,769
740,770
740,771
740,772
740,773
740,774
740,775
740,776
740,777
740,778
740,779
740,780
740,781
740,782
740,783
740,784
740,785
740,786
740,787
740,788
740,789
740,790
740,791
740,792
740,793
740,794
740,795
740,796
740,797
742,21
742,22
742,862
742,863
742,864
742,865
742,866
742,867
742,868
742,869
742,870
742,871
742,872
742,873
742,874
742,875
742,876
742,877
742,878
746,107
746,747
746,748
746,749
746,750
746,751
746,752
746,753
746,754
746,755
746,756
746,757
879,34
879,880
879,881
879,882
879,883
879,884
879,885
879,886
879,887
879,888
879,889
879,890
879,891
879,892
879,893
879,894
879,895
879,896
879,897
879,898
879,899
879,900
879,901
879,902
879,903
879,904
879,905
879,906
879,907
879,908
879,909
879,910
879,911
879,912
879,913
879,914
879,915
879,916
895,917
895,918
895,919
895,920
895,921
895,922
895,923
895,924
895,925
895,926
895,927
895,928
895,929
895,930
895,931
895,932
895,933
895,934
895,935
895,936
895,937
895,938
911,939
911,940
911,941
911,942
911,943
911,944
911,945
911,946
911,947
911,948
911,949
911,950
911,951
911,952
911,953
911,954
911,955
911,956
911,957
911,958
911,959
911,960
911,961
911,962
911,963
911,964
911,965
911,966
911,967
911,968
911,969
911,970
911,971
913,972
915,22
915,32
915,33
915,36
915,49
915,53
915,58
915,59
915,82
915,973
915,974
915,975
915,976
915,977
915,978
915,979
915,980
915,981
915,982
915,983
915,984
915,985
915,986
915,987
915,988
915,989
915,990
915,991
915,992
915,993
915,994
915,995
915,996
915,997
915,998
915,999
915,1000
915,1001
915,1002
915,1003
915,1004
915,1005
915,1006
915,1007
915,1008
915,1009
915,1010
915,1011
915,1012
915,1013
915,1014
915,1015
915,1016
915,1017
915,1018
915,1019
915,1020
915,1021
915,1022
915,1023
915,1024
915,1025
915,1026
915,1027
915,1028
915,1029
915,1030
915,1031
915,1032
915,1033
993,41
993,48
993,978
993,1108
993,1556
993,1605
993,1626
993,1649
993,1655
993,1663
993,1744
993,1745
993,1746
993,1747
993,1748
993,1749
993,1750
993,1751
993,1752
993,1753
993,1754
993,1755
993,1756
993,1757
993,1758
993,1759
993,1760
993,1761
993,1762
993,1763
993,1764
993,1765
993,1766
993,1767
993,1768
993,1769
993,1770
993,1771
993,1772
993,1773
993,1774
993,1775
993,1776
993,1777
993,1778
993,1779
993,1780
993,1781
993,1782
993,1783
993,1784
993,1785
993,1786
993,1787
993,1788
993,1789
993,1790
993,1791
993,1792
993,1793
993,1794
993,1795
993,1796
993,1797
993,1798
993,1799
993,1800
993,1801
1034,1035
1034,1036
1034,1037
1034,1038
1034,1039
1034,1040
1034,1041
1034,1042
1034,1043
1039,1044
1039,1045
1039,1046
1039,1047
1039,1048
1040,1049
1040,1050
1040,1051
1040,1052
1040,1053
1045,1054
1045,1056
1045,1057
1045,1058
1045,1059
1045,1060
1045,1061
1045,1062
1045,1063
1055,1045
1055,1064
1055,1065
1055,1066
1055,1067
1055,1068
1055,1069
1055,1070
1055,1071
1055,1072
1055,1073
1055,1074
1055,1075
1055,1076
1055,1077
1055,1078
1055,1079
1055,1080
1055,1081
1055,1082
1055,1083
1055,1084
1055,1085
1055,1086
1055,1087
1055,1088
1055,1089
1055,1090
1055,1091
1055,1092
1055,1093
1055,1094
1055,1095
1055,1096
1055,1097
1055,1098
1061,1189
1061,1190
1061,1191
1061,1192
1061,1193
1061,1194
1061,1195
1061,1196
1061,1197
1061,1198
1061,1199
1061,1200
1061,1201
1061,1202
1061,1203
1061,1204
1061,1205
1061,1206
1061,1207
1061,1208
1061,1209
1061,1210
1061,1211
1065,478
1065,929
1065,1038
1065,1045
1065,1061
1065,1069
1065,1099
1065,1100
1065,1101
1065,1102
1065,1103
1065,1104
1065,1105
1065,1106
1065,1107
1065,1108
1065,1109
1065,1110
1065,1111
1065,1112
1065,1113
1065,1114
1065,1115
1065,1116
1065,1117
1065,1118
1065,1119
1065,1120
1065,1121
1065,1122
1065,1123
1065,1124
1065,1125
1065,1126
1065,1127
1065,1128
1065,1129
1065,1130
1065,1131
1065,1132
1065,1133
1065,1134
1065,1135
1065,1136
1065,1137
1065,1138
1065,1139
1065,1140
1065,1141
1065,1142
1065,1143
1065,1144
1065,1145
1065,1146
1065,1147
1065,1148
1065,1149
1065,1150
1065,1151
1065,1152
1065,1153
1065,1154
1065,1155
1065,1156
1065,1157
1065,1158
1065,1159
1065,1160
1065,1161
1065,1162
1065,1163
1065,1164
1065,1165
1065,1166
1065,1167
1065,1168
1065,1169
1065,1170
1065,1171
1065,1172
1065,1173
1065,1174
1065,1175
1065,1176
1065,1177
1065,1178
1065,1179
1065,1180
1065,1181
1065,1182
1065,1183
1065,1184
1065,1185
1065,1186
1065,1187
1065,1188
1212,1213
1212,1214
1212,1215
1212,1216
1212,1217
1212,1218
1212,1219
1219,46
1219,75
1219,143
1219,174
1219,573
1219,1213
1219,1214
1219,1215
1219,1220
1219,1221
1219,1222
1219,1223
1219,1224
1219,1225
1219,1226
1219,1227
1219,1228
1219,1229
1219,1230
1219,1231
1219,1232
1219,1233
1219,1234
1219,1235
1219,1236
1219,1237
1219,1238
1219,1239
1219,1240
1219,1241
1219,1242
1219,1243
1219,1244
1219,1245
1219,1246
1219,1247
1219,1248
1219,1249
1219,1250
1219,1251
1219,1252
1219,1253
1219,1254
1219,1255
1219,1256
1219,1257
1219,1258
1219,1259
1219,1260
1219,1261
1219,1262
1219,1263
1219,1264
1219,1265
1219,1266
1219,1267
1219,1268
1219,1269
1219,1270
1219,1271
1219,1272
1219,1273
1219,1274
1219,1275
1219,1276
1219,1277
1219,1278
1219,1279
1219,1280
1219,1281
1219,1282
1219,1283
1219,1284
1219,1285
1219,1286
1219,1287
1233,1268
1233,1288
1233,1289
1236,1290
1236,1291
1242,37
1242,1292
1242,1293
1242,1294
1242,1295
1242,1296
1242,1297
1242,1298
1242,1299
1242,1300
1242,1301
1242,1302
1242,1303
1242,1304
1242,1305
1243,47
1243,1250
1243,1253
1243,1275
1243,1280
1243,1306
1243,1307
1243,1308
1243,1309
1243,1310
1243,1311
1243,1312
1243,1313
1243,1314
1243,1315
1243,1316
1243,1317
1243,1318
1243,1319
1243,1320
1243,1321
1243,1322
1243,1323
1243,1324
1243,1325
1243,1326
1243,1327
1243,1328
1243,1329
1243,1330
1267,1452
1324,76
1324,1453
1324,1454
1324,1455
1324,1456
1324,1457
1324,1458
1324,1459
1324,1460
1324,1461
1324,1462
1324,1463
1324,1464
1324,1465
1324,1466
1324,1467
1324,1468
1324,1469
1324,1470
1324,1471
1324,1472
1324,1473
1324,1474
1324,1475
1336,137
1336,157
1336,176
1336,181
1336,748
1336,1476
1336,1477
1336,1478
1336,1479
1336,1480
1336,1481
1336,1482
1336,1483
1336,1484
1336,1485
1336,1486
1336,1487
1336,1488
1336,1489
1336,1490
1336,1491
1336,1492
1336,1493
1336,1494
1336,1495
1336,1496
1336,1497
1336,1498
1336,1499
1336,1500
1338,143
1338,1339
1338,1340
1338,1341
1338,1342
1338,1343
1338,1344
1338,1345
1338,1346
1338,1347
1338,1348
1338,1349
1338,1350
1338,1351
1338,1352
1338,1353
1338,1354
1338,1355
1338,1356
1338,1357
1338,1358
1338,1359
1338,1360
1338,1361
1338,1362
1338,1363
1338,1364
1338,1365
1338,1366
1338,1367
1338,1368
1338,1369
1338,1370
1338,1371
1338,1372
1338,1373
1338,1374
1338,1375
1338,1376
1338,1377
1338,1378
1338,1379
1338,1380
1338,1381
1338,1382
1338,1383
1338,1384
1338,1385
1338,1386
1338,1387
1338,1388
1338,1389
1338,1390
1338,1391
1338,1392
1338,1393
1338,1394
1338,1395
1338,1396
1338,1397
1338,1398
1338,1399
1338,1400
1338,1401
1338,1402
1338,1403
1338,1404
1338,1405
1338,1406
1338,1407
1338,1408
1338,1409
1338,1410
1338,1411
1338,1412
1338,1413
1338,1414
1338,1415
1338,1416
1338,1417
1338,1418
1338,1419
1338,1420
1338,1421
1338,1422
1338,1423
1338,1424
1338,1425
1338,1426
1338,1427
1338,1428
1338,1429
1338,1430
1338,1431
1338,1432
1338,1433
1338,1434
1338,1435
1338,1436
1338,1437
1338,1438
1338,1439
1440,43
1440,1441
1440,1442
1440,1443
1440,1444
1440,1445
1440,1446
1440,1447
1440,1448
1440,1449
1440,1450
1440,1451
1501,22
1501,1502
1501,1503
1501,1504
1501,1505
1501,1506
1501,1507
1501,1508
1501,1509
1501,1510
1501,1511
1501,1512
1501,1513
1501,1514
1501,1515
1501,1516
1501,1517
1501,1518
1501,1519
1501,1520
1501,1521
1501,1522
1501,1523
1511,1524
1511,1525
1511,1526
1511,1527
1511,1528
1511,1529
1511,1530
1511,1531
1511,1532
1511,1533
1511,1534
1511,1535
1511,1536
1537,36
1537,145
1537,1538
1537,1539
1537,1540
1537,1541
1537,1542
1537,1543
1537,1544
1537,1545
1537,1546
1537,1547
1537,1548
1537,1549
1537,1550
1537,1551
1537,1552
1537,1553
1537,1554
1537,1555
1537,1556
1537,1557
1537,1558
1537,1559
1537,1560
1537,1561
1537,1562
1537,1563
1537,1564
1537,1565
1537,1566
1537,1567
1537,1568
1537,1569
1537,1570
1537,1571
1537,1572
1555,79
1555,699
1555,974
1555,1538
1555,1541
1555,1556
1555,1558
1555,1647
1555,1648
1555,1649
1555,1650
1555,1651
1555,1652
1555,1653
1555,1654
1555,1655
1555,1656
1555,1657
1555,1658
1555,1659
1555,1660
1555,1661
1555,1662
1555,1663
1555,1664
1555,1665
1555,1666
1555,1667
1555,1668
1555,1669
1555,1670
1555,1671
1555,1672
1555,1673
1555,1674
1555,1675
1555,1676
1555,1677
1555,1678
1555,1679
1555,1680
1555,1681
1555,1682
1555,1683
1555,1684
1555,1685
1555,1686
1555,1687
1555,1688
1555,1689
1555,1690
1555,1691
1555,1692
1555,1693
1555,1694
1555,1695
1555,1696
1555,1697
1558,1862
1558,1863
1559,993
1559,1108
1559,1131
1559,1538
1559,1541
1559,1555
1559,1558
1559,1626
1559,1647
1559,1661
1559,1664
1559,1665
1559,1668
1559,1708
1559,1720
1559,1723
1559,1748
1559,1752
1559,1754
1559,1758
1559,1767
1559,1769
1559,1773
1559,1781
1559,1805
1559,1808
1559,1863
1559,1872
1559,1877
1559,1898
1559,1900
1559,1901
1559,1902
1559,1903
1559,1904
1559,1905
1559,1906
1559,1907
1559,1908
1559,1909
1559,1910
1559,1911
1559,1912
1559,1913
1559,1914
1559,1915
1559,1916
1559,1917
1559,1918
1559,1919
1559,1920
1559,1921
1559,1922
1559,1923
1559,1924
1559,1925
1559,1926
1559,1927
1559,1928
1559,1929
1559,1930
1559,1931
1559,1932
1559,1933
1559,1934
1559,1935
1559,1936
1559,1937
1559,1938
1559,1939
1559,1940
1559,1941
1559,1942
1559,1943
1559,1944
1559,1945
1559,1946
1559,1947
1559,1948
1559,1949
1573,1540
1573,1574
1573,1575
1573,1576
1573,1577
1573,1578
1573,1579
1573,1580
1573,1581
1573,1582
1573,1583
1573,1584
1573,1585
1573,1586
1573,1587
1573,1588
1573,1589
1573,1590
1591,22
1591,38
1591,51
1591,54
1591,57
1591,766
1591,978
1591,992
1591,1036
1591,1592
1591,1593
1591,1594
1591,1595
1591,1596
1591,1597
1591,1598
1591,1599
1591,1600
1591,1601
1591,1602
1591,1603
1591,1604
1591,1605
1591,1606
1591,1607
1591,1608
1591,1609
1591,1610
1591,1611
1591,1612
1591,1613
1591,1614
1591,1615
1591,1616
1591,1617
1591,1618
1591,1619
1591,1620
1591,1621
1591,1622
1591,1623
1591,1624
1591,1625
1591,1626
1591,1627
1591,1628
1591,1629
1591,1630
1591,1631
1591,1632
1591,1633
1591,1634
1591,1635
1591,1636
1591,1637
1591,1638
1591,1639
1591,1640
1591,1641
1591,1642
1591,1643
1591,1644
1591,1645
1591,1646
1654,1698
1655,1664
1655,1699
1655,1700
1655,1701
1655,1702
1655,1703
1655,1704
1655,1705
1655,1706
1655,1707
1657,1131
1657,1559
1657,1566
1657,1650
1657,1661
1657,1666
1657,1670
1657,1708
1657,1709
1657,1710
1657,1711
1657,1712
1657,1713
1657,1714
1657,1715
1657,1716
1657,1717
1657,1718
1657,1719
1657,1721
1657,1722
1657,1723
1657,1724
1657,1725
1657,1726
1661,1667
1661,1727
1661,1728
1661,1729
1661,1730
1661,1731
1661,1732
1661,1733
1661,1734
1661,1735
1661,1736
1661,1737
1661,1738
1661,1739
1661,1740
1661,1741
1661,1742
1661,1743
1663,1664
1663,1769
1663,1805
1663,1806
1663,1807
1663,1808
1663,1809
1663,1810
1663,1811
1663,1812
1663,1813
1663,1814
1663,1815
1663,1816
1663,1817
1663,1818
1663,1819
1663,1820
1663,1821
1663,1822
1663,1823
1663,1824
1663,1825
1663,1826
1663,1827
1664,1846
1664,1847
1666,1664
1666,1675
1666,1708
1666,1966
1666,1967
1666,1968
1666,1969
1666,1970
1666,1971
1666,1972
1666,1973
1666,1974
1666,1975
1666,1976
1666,1977
1666,1978
1666,1979
1666,1980
1666,1981
1666,1982
1666,1983
1666,1984
1666,1985
1666,1986
1666,1987
1666,1988
1666,1989
1666,1990
1666,1991
1666,1992
1666,1993
1666,1994
1666,1995
1666,1996
1666,1997
1666,1998
1666,1999
1666,2000
1666,2001
1666,2002
1666,2003
1666,2004
1666,2005
1666,2006
1666,2007
1666,2008
1666,2009
1666,2010
1666,2011
1666,2012
1666,2013
1666,2014
1666,2015
1666,2016
1666,2017
1666,2018
1666,2019
1666,2020
1666,2021
1666,2022
1666,2023
1666,2024
1666,2025
1666,2026
1715,1950
1715,1951
1715,1952
1715,1953
1715,1954
1715,1955
1715,1956
1715,1957
1715,1958
1715,1959
1715,1960
1715,1961
1716,1962
1720,60
1720,221
1720,912
1720,974
1720,1558
1720,1614
1720,1626
1720,1657
1720,1661
1720,2029
1720,2030
1720,2031
1720,2032
1720,2033
1720,2034
1720,2035
1720,2036
1720,2037
1720,2038
1720,2039
1720,2040
1720,2041
1720,2042
1720,2043
1720,2044
1720,2045
1720,2046
1720,2047
1720,2048
1720,2049
1720,2050
1720,2051
1720,2052
1720,2053
1720,2054
1720,2055
1720,2056
1720,2057
1720,2058
1720,2059
1720,2060
1720,2061
1720,2062
1720,2063
1720,2064
1720,2065
1720,2066
1720,2067
1720,2068
1720,2069
1720,2070
1720,2071
1720,2072
1720,2073
1720,2074
1720,2075
1720,2076
1720,2077
1720,2078
1720,2079
1720,2080
1720,2081
1720,2082
1720,2083
1720,2084
1720,2085
1720,2086
1720,2087
1720,2088
1720,2089
1720,2090
1720,2091
1720,2092
1720,2093
1720,2094
1720,2095
1720,2096
1720,2097
1720,2098
1720,2099
1720,2100
1720,2101
1720,2102
1720,2103
1720,2104
1720,2105
1720,2106
1720,2107
1720,2108
1720,2109
1720,2110
1720,2111
1720,2112
1720,2113
1720,2114
1720,2115
1720,2116
1720,2117
1720,2118
1720,2119
1720,2120
1720,2121
1720,2122
1720,2123
1720,2124
1720,2125
1720,2126
1720,2127
1720,2128
1720,2129
1720,2130
1720,2131
1720,2132
1720,2133
1720,2134
1720,2135
1720,2136
1720,2137
1720,2138
1720,2139
1720,2140
1720,2141
1720,2142
1720,2143
1720,2144
1720,2145
1720,2146
1720,2147
1720,2148
1720,2149
1720,2150
1720,2151
1720,2152
1720,2153
1720,2154
1720,2155
1720,2156
1720,2157
1720,2158
1720,2159
1720,2160
1720,2161
1720,2162
1720,2163
1720,2164
1720,2165
1720,2166
1720,2167
1720,2168
1720,2169
1720,2170
1720,2171
1720,2172
1720,2173
1720,2174
1720,2175
1720,2176
1720,2177
1720,2178
1720,2179
1720,2180
1720,2181
1720,2182
1720,2183
1720,2184
1720,2185
1741,2036
1741,2187
1741,2188
1741,2189
1741,2190
1741,2191
1741,2192
1741,2193
1741,2194
1741,2195
1741,2196
1741,2197
1741,2198
1741,2199
1741,2200
1741,2201
1741,2202
1741,2203
1741,2204
1741,2205
1741,2206
1741,2207
1741,2208
1741,2209
1741,2210
1741,2211
1741,2212
1741,2213
1741,2214
1741,2215
1741,2216
1741,2217
1741,2218
1741,2219
1748,1802
1748,1803
1748,1804
1752,1831
1752,1832
1752,1833
1752,1834
1752,1835
1752,1836
1752,1837
1752,1838
1752,1839
1752,1840
1753,1841
1753,1842
1753,1843
1753,1844
1754,1845
1757,1760
1757,1858
1757,1859
1757,1860
1757,1861
1761,1864
1762,1865
1762,1866
1762,1867
1762,1868
1762,1869
1765,1872
1768,1664
1769,1963
1770,2027
1805,1770
1805,1870
1805,1891
1805,1892
1805,1893
1805,1894
1805,1895
1805,1896
1806,1897
1806,1898
1806,1899
1809,305
1809,1964
1809,1965
1824,77
1824,2186
1837,1849
1837,1850
1837,1851
1837,1852
1837,1853
1837,1854
1837,1855
1837,1856
1837,1857
1839,2028
1841,1848
1865,1870
1865,1871
1873,1650
1873,1664
1873,1665
1873,1708
1873,1757
1873,1769
1873,1805
1873,1806
1873,1874
1873,1875
1873,1876
1873,1877
1873,1878
1873,1879
1873,1880
1873,1881
1873,1882
1873,1883
1873,1884
1873,1885
1873,1886
1873,1887
1873,1888
1873,1889
1873,1890
