718,0.000514648909323
35,0.00106287217189
49,0.00119055065061
6,0.00125904656877
635,0.00160776188137
4,0.00212131180027
2,0.00248405741899
232,0.00262684240928
20,0.00306729241236
54,0.00309129197848
343,0.00338123986597
57,0.00342219805621
50,0.00344661846764
269,0.00357794808845
946,0.00400552399303
730,0.00411872232204
7,0.00418440107663
572,0.00483542401079
52,0.00546610843312
1286,0.0055346784291
38,0.00556296971904
962,0.00571573374529
671,0.0058909771483
5,0.0062233716181
1184,0.00622951326774
0,0.00628433103391
64,0.00759853173805
867,0.00763449890278
183,0.00767571601944
144,0.0078535493736
640,0.00793101761903
154,0.00797490472935
411,0.00807428910594
573,0.00816720559387
1452,0.00817062490856
104,0.00820858295835
339,0.00834818712447
87,0.00853426344759
137,0.00869876880919
696,0.00877664121508
475,0.00896066916753
457,0.00968863637716
267,0.00982174520602
1304,0.0103484870464
900,0.0103757723201
141,0.0104331893568
15,0.0104692224251
444,0.0114633191214
28,0.0116978216606
598,0.0117807610172
336,0.0118794322285
953,0.0119194701534
1213,0.0119356499274
810,0.0119709193233
331,0.0120584508778
582,0.0121053805166
253,0.0121536488032
70,0.0123487852526
667,0.0123671647828
135,0.0123749710047
334,0.012375683419
950,0.0124071470693
103,0.0124269471141
784,0.01243198871
91,0.012447623682
18,0.0124552515013
266,0.0124811982556
735,0.012551380464
376,0.0125535623375
83,0.0125582275662
446,0.0125625022934
902,0.0125698743209
346,0.012573711322
601,0.0125915333233
122,0.0126492522401
235,0.0126520492372
313,0.0126531426599
795,0.0126820304911
97,0.0127019621007
65,0.0127207179785
632,0.0127287466452
380,0.0127435167636
479,0.0127859976766
533,0.0128317346754
299,0.0128995908433
71,0.0129121424614
320,0.0129348921896
74,0.0129425787568
23,0.0129758657201
61,0.0129762213524
877,0.0130401375518
8,0.0130413033946
17,0.0130445381838
132,0.0130537091303
107,0.013057348208
342,0.0130715025605
785,0.0130761187774
634,0.0131150571928
60,0.0131168846294
544,0.0131247214141
773,0.0131278575373
1372,0.0132168420901
155,0.0132191686949
586,0.0132453347648
37,0.0132458702204
321,0.0132703459597
925,0.0132718687846
638,0.0132774552346
47,0.013282751347
206,0.0132914485574
75,0.0133779393652
351,0.0133789190361
888,0.0133977700496
145,0.0133979295664
595,0.0134001879906
279,0.0134660270172
455,0.0134709244689
518,0.0135089921114
385,0.0135673702197
611,0.0136461918824
650,0.0136595221044
161,0.013679456421
935,0.0136824922925
657,0.0137086799625
311,0.0137833039307
419,0.0137898498158
760,0.0138099037115
886,0.0138425304073
210,0.0139020512983
402,0.0139170506346
88,0.0139177574573
809,0.0139554841325
248,0.0139830150167
249,0.0139880874912
365,0.0140011893095
820,0.0140564527108
651,0.0140636974133
780,0.0140764593729
604,0.0141172106331
139,0.0142048419466
1379,0.014294948808
992,0.0142972860981
11,0.0143223434919
920,0.0144517325988
960,0.0144568458896
302,0.0145042522935
574,0.0145472143273
443,0.0146276089804
73,0.0146463037841
489,0.0146495736638
502,0.0146883302885
1197,0.0147323626255
1203,0.0147490682044
1144,0.0147592472635
59,0.0148536979588
222,0.0148966607857
1481,0.0148980022691
66,0.0149110555858
158,0.0149502367446
1428,0.0150383153919
281,0.0150386768668
944,0.0152506558945
1107,0.0152591140043
846,0.0152830467077
839,0.015578441355
887,0.0157207480835
171,0.0158900745395
1211,0.0159746207347
741,0.0160508214899
130,0.0161192747611
940,0.0163470107461
626,0.0164743088432
1214,0.0166027701867
451,0.0166953621053
1389,0.0167374101205
1092,0.0167668807474
3,0.0168398383565
1367,0.0169428253831
1070,0.0169602747023
93,0.0171251635157
1051,0.0171425237838
723,0.0171460923939
501,0.0172169652533
1752,0.0175219234899
766,0.0176380965919
1307,0.0185762420751
283,0.018696577219
603,0.0190137614346
1101,0.0190709731237
528,0.019167882898
259,0.0193114199336
593,0.0199285695524
234,0.0204199259147
1090,0.0204263154784
835,0.0205291270133
271,0.0211213449078
1111,0.0214829103928
1847,0.0216139777922
270,0.0225673591623
733,0.0225921263077
1,0.0235871347085
904,0.0244584644387
1308,0.024496427827
1008,0.0246164025523
76,0.024694602126
747,0.0246982111587
724,0.0247137156233
236,0.0247641616929
1646,0.0247718209453
450,0.0247731727912
124,0.024805791711
1156,0.0249014586838
195,0.0249320310269
193,0.0249459784428
89,0.0249617838841
204,0.0249647180535
1403,0.0249815937388
864,0.0249823560786
1069,0.0249852178623
201,0.0250123647419
462,0.0250311211813
456,0.0250508095183
698,0.0250528338034
793,0.0250616365088
335,0.0250694641594
759,0.0250742224564
466,0.0250774828494
315,0.0250814638957
1001,0.0251034099325
199,0.0251138156094
1065,0.0251200116535
215,0.0251312796774
82,0.025139176041
391,0.0251416439148
324,0.0251436744735
86,0.0251505577047
712,0.0251522067913
917,0.0251552784758
273,0.0251585434225
243,0.0251999764533
460,0.0252040986966
337,0.0252073370108
58,0.0252074721176
262,0.0252121205362
39,0.025270631957
459,0.0252899088517
731,0.0252947709772
1253,0.0253098332377
625,0.0253412451987
224,0.0253445114782
231,0.025361218004
44,0.0253712802908
1231,0.0253960308748
482,0.0254060409126
978,0.0254079918332
470,0.0254465855616
630,0.025452773661
142,0.0254607463445
547,0.0254663615603
214,0.0254730040692
515,0.0254771101367
535,0.0254778759614
813,0.0254788701246
1376,0.0254891967819
265,0.025492431649
961,0.025508509691
227,0.0255137355731
106,0.0255194334814
42,0.0255528170744
196,0.0255530479007
957,0.025565170238
245,0.0255666443576
1510,0.0255784430947
645,0.025612734085
211,0.0256140628552
43,0.0256376994085
786,0.0256464447149
62,0.0256817940794
94,0.0256843674478
325,0.0256866546107
520,0.0256870817062
585,0.0256929611062
113,0.0256961692333
556,0.0257007462018
690,0.0257086484962
472,0.0257162730512
716,0.0257200789899
1208,0.0257249486366
241,0.0257508834489
329,0.0257552748513
289,0.0257562131116
527,0.025767544176
1279,0.0257784798373
366,0.0257914277431
467,0.0258086838497
636,0.0258140320624
628,0.0258193941819
607,0.0258195158569
1207,0.0258222532582
1329,0.0259043449822
208,0.0259209114596
575,0.0259308551955
79,0.0259323211073
354,0.025935769433
534,0.0259435789493
1155,0.0259513950914
353,0.0259636401105
102,0.0259718575315
225,0.0259720331903
306,0.0259741180354
330,0.0259752071358
417,0.0259881258779
318,0.0259883158275
799,0.025995098819
913,0.0259954632945
246,0.0259963702081
333,0.0259991144025
174,0.0260025966676
943,0.0260164844259
67,0.0260175398368
177,0.0260270479095
1578,0.0260318311532
129,0.0260347632068
796,0.0260441448561
631,0.0260447554553
600,0.0260482095222
1164,0.0260765950573
492,0.0260943238379
761,0.0260956739722
205,0.0261068727036
203,0.0261098775259
308,0.0261155636781
1027,0.0261337272628
387,0.0261339180771
133,0.0261371944626
304,0.0261394416369
226,0.0261415176905
772,0.0261572261198
1892,0.0261706611892
448,0.02617444017
519,0.0261764274274
99,0.0261864897554
120,0.0261957996553
115,0.0261983496562
1332,0.0262000277715
717,0.0262004542237
498,0.0262158652358
1153,0.0262381211531
326,0.0262559894409
1020,0.0262580367107
363,0.0262675135562
889,0.0262840028605
197,0.0263018485077
873,0.0263043640921
959,0.0263072123992
473,0.0263115037886
714,0.0263155841812
370,0.0263225408995
358,0.0263227503916
783,0.0263296499156
494,0.0263533096124
292,0.0263546629594
907,0.0263811760959
926,0.026402380889
240,0.0264058811555
101,0.0264132153232
347,0.0264229891027
1030,0.0264393922463
461,0.0264529336287
608,0.0264547382389
149,0.0264681563865
977,0.0264796008245
971,0.0264832763089
463,0.0264896350432
1066,0.0264899386892
972,0.0264901610365
294,0.0264925799911
316,0.0264983115994
1169,0.0264984352075
1009,0.0265022759397
81,0.026506810276
919,0.0265189610573
349,0.0265207034988
629,0.0265218034786
384,0.0265229132891
1182,0.0265294794938
770,0.0265371984378
602,0.0265932121201
1014,0.026595517789
1109,0.0265958038158
1006,0.0266052728533
1110,0.0266112394313
865,0.0266136897455
694,0.0266197979162
92,0.0266322240286
1067,0.0266355138668
778,0.0266456839082
906,0.0266488431075
1004,0.0266553717553
1368,0.026660579958
1443,0.026672182223
452,0.0266798757521
217,0.026688568615
812,0.0267002495956
762,0.0267194954125
725,0.0267293627324
1078,0.0267313136748
546,0.0267341104628
361,0.0267351520612
1112,0.0267383249421
340,0.0267409234979
693,0.0267463725872
69,0.0267579548349
643,0.0267647552229
840,0.0267737092666
1360,0.0267765309424
382,0.0267781638972
1289,0.0267813928237
1003,0.0267879109782
769,0.0267955247991
465,0.0267962832688
674,0.0268015575304
46,0.0268264335314
868,0.0268415368426
532,0.026842249805
207,0.0268427010518
627,0.0268476389236
644,0.0268624192462
756,0.026876597827
68,0.0268880940684
893,0.0268883916837
801,0.0268900771244
202,0.0268993475475
814,0.0269051433118
317,0.0269127856121
587,0.0269176734523
237,0.0269223745554
274,0.0269569771607
609,0.0269689997633
508,0.026989490197
949,0.0270033768611
286,0.0270092081336
27,0.0270144274159
958,0.0270170056463
1252,0.0270212123199
1407,0.027044494965
10,0.0270517200827
40,0.0270629628032
908,0.0270655265087
923,0.0270691734277
212,0.0270701281448
1117,0.0270725094424
394,0.0270782004575
485,0.0271092892522
114,0.0271128476712
1461,0.0271531901346
309,0.0271642382288
118,0.0271778238622
110,0.0271870446257
350,0.0271955100924
53,0.0272099687363
1397,0.0272209383039
806,0.0272326353782
298,0.0272348065323
166,0.0272512852062
364,0.0272678352532
589,0.0272950387107
1035,0.0273070682502
41,0.0273197440289
51,0.0273266974953
1115,0.0273268242804
345,0.0273275911136
1263,0.0273404884226
707,0.0273554782432
885,0.0273585870631
910,0.0273722924488
579,0.0273803770787
445,0.0273835073865
999,0.0273936074691
277,0.0274001379181
420,0.0274060919554
136,0.0274162184122
956,0.0274293655917
447,0.0274454778761
668,0.0274500455445
658,0.0274520887938
1364,0.0274796047855
637,0.0274823622433
1310,0.0275029891224
1042,0.0275080769154
483,0.0275110049232
307,0.0275228476033
453,0.0275258611203
652,0.0275398615518
1104,0.0275402057825
1276,0.0275494687068
540,0.0275603574967
894,0.0275613287736
48,0.0275636248445
143,0.0275639301726
802,0.0275815147975
849,0.0275960990257
1637,0.027600178591
942,0.0276099760209
105,0.0276256016691
301,0.0276265421061
673,0.0276303620392
538,0.0276437646329
1185,0.0276489985032
1245,0.0276507580273
1399,0.0276536941971
338,0.0276541157072
1529,0.0276557600372
160,0.0276587225007
284,0.0276739634253
794,0.0276786782781
348,0.0276879748533
941,0.0276896635879
1365,0.027698913217
965,0.0277029465961
666,0.02770473443
1088,0.0277253077887
580,0.0277289980453
551,0.0277305729918
1011,0.0277347625682
1533,0.0277484073994
36,0.0277664574047
491,0.0277734475126
817,0.0277736330148
1471,0.0277771548631
314,0.027789022628
700,0.027790146782
150,0.0277950315881
771,0.0277999733627
1025,0.0278178517628
497,0.027835196288
90,0.0278533770441
368,0.0278554354457
612,0.027858834274
966,0.0278644291867
162,0.0278657947599
616,0.0278669204589
406,0.0278706458232
581,0.0278742238961
119,0.0278744163626
963,0.0278924339442
1545,0.0278955880996
988,0.0279031516196
1007,0.0279244303616
1176,0.0279278395526
779,0.0279321424217
1033,0.0279331191884
464,0.0279435153992
389,0.0279631867396
620,0.0279697248355
1165,0.0279764264772
1278,0.0279875516985
1028,0.0279939466268
305,0.0279951563766
244,0.0279952527382
1246,0.0279971610295
407,0.028000955056
128,0.0280038164946
355,0.0280043496216
774,0.028008232001
441,0.0280512073426
1441,0.0280818754159
230,0.0280879089252
111,0.0280882510277
1670,0.0280945755108
787,0.0280961876326
1036,0.0281027587654
805,0.0281040224515
647,0.0281262641854
1037,0.0281300953422
715,0.0281563455189
1584,0.028166113031
131,0.0281846021922
860,0.0281855098654
1334,0.0281877242026
356,0.0282268998512
1089,0.0282319681306
1306,0.0282377299426
639,0.0282377699799
818,0.0282428383004
80,0.028245737935
1381,0.0282701822696
1805,0.0282739062981
665,0.0282860334176
1288,0.0283055216056
1508,0.0283395153441
1384,0.0283596473774
1118,0.0283732692039
414,0.0283836871045
369,0.028387111815
1593,0.0284140380203
1366,0.0284166209785
25,0.0284176409991
798,0.0284196052304
442,0.0284353189252
672,0.0284390279869
777,0.0284395737595
984,0.0284494241673
875,0.0284578976772
200,0.0284808122825
1526,0.0284860649436
328,0.0285172287975
1093,0.02852111432
660,0.0285213844833
890,0.028548012859
14,0.028571533466
591,0.0285740722663
594,0.0285778959342
1439,0.028601976338
753,0.0286030135174
1455,0.0286263258296
449,0.0286323507363
1181,0.0286390787545
905,0.0286392605681
126,0.0286457123564
800,0.0286616060807
121,0.0286626111121
290,0.028664918257
223,0.0286728225673
484,0.0286754745747
1016,0.0286816486818
116,0.028702233193
967,0.0287029564226
1539,0.0287032736665
510,0.0287117053309
480,0.0287156266459
56,0.028720188236
360,0.0287222109678
633,0.028723385772
1041,0.0287259264079
1316,0.0287270267299
856,0.0287538279384
851,0.028771596393
112,0.0287724192194
577,0.0287824301045
552,0.0287872822794
710,0.0287877719147
84,0.0288012248569
499,0.028852085782
393,0.0288530639999
655,0.0288547722811
1444,0.0288559566969
979,0.028857794185
458,0.0288669142534
30,0.0288810522907
481,0.0288992853398
163,0.0289009412956
323,0.0289042195343
1010,0.0289167445676
797,0.028938709932
362,0.0289423906496
147,0.028942776101
218,0.0289459175839
824,0.028955125691
1478,0.0289599600776
808,0.0289632828075
592,0.0290094273113
436,0.0290110574102
357,0.0290207737653
477,0.0290309931923
1256,0.0290358873489
1087,0.0290416541245
1503,0.0290489849522
275,0.029090747383
332,0.0291108700636
557,0.0291195185695
430,0.029132511157
1299,0.0291402503858
1291,0.0291407896379
542,0.0291734828499
409,0.0291960704442
186,0.0292076500952
45,0.0292155509394
1396,0.0292200888566
1590,0.0292401786396
1038,0.0292601294326
1023,0.0292626569605
1294,0.0293142239183
656,0.0293203391972
883,0.0293439375605
1541,0.0293631216816
970,0.0293779424331
989,0.0293903628741
539,0.0293986348702
1620,0.0294144334498
24,0.0294308826611
386,0.0294330279007
123,0.0294418483719
930,0.0294612947078
1234,0.0294792296047
641,0.0295007518765
272,0.0295082245047
648,0.0295169474745
1534,0.0295638983766
500,0.0295660606893
522,0.0295827826008
1353,0.0296098746756
1159,0.0296358729411
1472,0.0296365201817
344,0.0296483060686
148,0.0296650035053
1120,0.0296701292418
1518,0.02968575426
247,0.0296991251789
242,0.0297045302881
649,0.0297091720955
1204,0.0297148761539
891,0.0297149505225
152,0.0297261108755
855,0.0297294830869
1149,0.0297645732454
1240,0.0297698642753
703,0.0297823713973
12,0.0298333797812
72,0.0299325846125
765,0.0299654400196
1123,0.0299703043085
1469,0.0299737707217
1438,0.0299745689656
1193,0.0299762732102
1173,0.0300091209581
1244,0.0300176411492
496,0.0300266009964
1272,0.030055649153
1191,0.0300619061821
31,0.0300747551039
100,0.0300886008936
276,0.0301023647615
1281,0.0301059410446
127,0.0301392525096
213,0.0301419802846
1507,0.030145522417
832,0.0301455741037
153,0.0301627308635
1102,0.0302150396318
514,0.0302209709644
646,0.0302225921833
1313,0.0302293820811
721,0.0302331841748
1402,0.0302489914552
876,0.0302527729242
1362,0.030258928312
327,0.0302752121657
239,0.0302845713176
403,0.0302934358671
729,0.0302957037532
1323,0.0303258603626
1277,0.0303301300223
736,0.0303527518625
134,0.0303538162135
915,0.0303776427136
392,0.0303957970472
884,0.030397996233
1652,0.0304152733277
1280,0.030438339827
1373,0.0304732262085
1614,0.0304780982562
216,0.0304880351596
1157,0.030489393048
1150,0.0305002250677
1348,0.0305147784962
525,0.0305224250155
322,0.0305228052577
680,0.0305423300167
1170,0.0305477632007
788,0.0305489763485
692,0.0305509540719
55,0.0305540600339
428,0.0305697137248
381,0.0305927517113
599,0.0306016686382
26,0.0306112448802
980,0.0306245108262
516,0.0306291747141
755,0.0306428390507
1271,0.0306626090068
221,0.0306772465542
495,0.0307391839361
1064,0.0307600280533
831,0.0307759374486
909,0.0307805012611
916,0.0308047796779
732,0.030805790057
754,0.0308137629195
291,0.0308159962834
848,0.0308184820658
429,0.0308448597609
209,0.0308743601532
168,0.0308914137704
379,0.0309120770289
1085,0.0309126516798
176,0.0309232455712
1116,0.0309496781103
691,0.0309554808663
395,0.0310263067525
823,0.0310286102709
1178,0.0310667664145
478,0.0310681157725
505,0.0310683885128
468,0.0310906494878
1292,0.0311096394821
623,0.031111327442
173,0.0311275670653
341,0.031132271011
921,0.0311357405488
1371,0.0311364035612
167,0.0311846558441
975,0.0311970629932
490,0.0311999410893
511,0.0312024185945
1152,0.0312707180797
622,0.0312985700459
695,0.0313014939723
1160,0.0313207054444
983,0.0313239966561
776,0.0313400357641
159,0.0313467198506
964,0.031352083893
1303,0.031364697833
1691,0.0313973286866
1201,0.0314279072441
1076,0.0314317329121
19,0.0314524052292
1045,0.0314533148053
1644,0.0314589230954
822,0.0314644716504
837,0.0315296602933
1293,0.0315333197295
1247,0.0315366260588
713,0.031541990585
738,0.0315435795282
1147,0.0315572279515
1398,0.0315573987252
590,0.0316081651711
662,0.0317026340647
927,0.0317465125977
746,0.0317558961792
1521,0.0317699812372
1049,0.031773422922
1516,0.0317850344889
486,0.0317936244715
1513,0.0318108853813
471,0.0318139557944
169,0.0318159086295
588,0.031854306017
1327,0.0318817509073
1596,0.0319238222552
1172,0.0319575583728
952,0.0319748831548
931,0.0319760137193
782,0.0319862953094
1474,0.0320185708538
1754,0.0320235270436
1363,0.0320428478915
238,0.0320587996512
986,0.0320675528889
1086,0.0321163400873
1430,0.0321702710038
584,0.0321845295449
614,0.0321961846991
493,0.0322339372307
268,0.0322362797591
1060,0.0323111990231
987,0.032319813861
85,0.0323200925914
1000,0.0323391245583
109,0.032376287298
1387,0.032425361636
1417,0.0324568795974
287,0.0324693853893
1369,0.0325130229662
312,0.0325468927153
804,0.0325910943744
352,0.0325919838505
1458,0.0325985701319
404,0.03260616235
418,0.0326129757726
1266,0.0326252205727
77,0.0326764830449
78,0.0326930811775
1216,0.0326997341062
437,0.0327097418244
1485,0.0327516911746
562,0.0327535272333
1177,0.0327714238301
1515,0.032778947962
1154,0.032781660252
1424,0.0328074288295
734,0.0328163095152
1317,0.0328597264629
1748,0.0328722599315
1667,0.0328790836727
1161,0.0329035675827
474,0.0329059747655
1740,0.0329209462833
506,0.0329256673009
892,0.032947431047
180,0.0329798256273
1352,0.0329804675019
1200,0.0329975086838
1460,0.0330391249723
1226,0.033041317981
220,0.0330776153296
1205,0.0331142254234
1297,0.0331297206856
1259,0.0331729006387
1015,0.0332034766113
125,0.0332807605139
194,0.0332858314064
140,0.0332883539769
899,0.0332896218447
1340,0.0333412625397
1343,0.0333548825602
185,0.0333599062598
425,0.0333623486121
1517,0.0333814098641
882,0.0334087042965
1106,0.033411580255
828,0.0334190608859
743,0.0334244740144
1021,0.0334266703984
933,0.0334312944977
687,0.0334608983567
469,0.0334615128544
819,0.0334734235298
1532,0.0334954720466
1741,0.0334957810552
1105,0.0335001975588
1395,0.0335020382193
669,0.033605305832
1053,0.0336333993645
911,0.0336634341976
1273,0.0336658004583
1322,0.0336985913082
1586,0.0337136856419
871,0.0337244044379
1189,0.0337319820164
1423,0.0337597826412
624,0.033820323378
1509,0.0338643828782
719,0.0338990344653
1594,0.0339190082475
937,0.0339328703183
401,0.0339923149074
412,0.033995497067
255,0.0339972565319
653,0.0340317493869
781,0.0340516398099
1196,0.034058376486
1411,0.0341237194823
1629,0.0341581505015
22,0.0341684483642
1390,0.0341700276414
896,0.0342063483086
1040,0.0342078158313
1719,0.0342255907637
1312,0.0342281179592
1018,0.0342297099978
1427,0.0342376248674
108,0.0342537735746
790,0.0342679552982
895,0.0343148961101
1077,0.0343457700605
1230,0.0343460846467
1052,0.0343546592535
296,0.0343579814051
874,0.0343652034647
1068,0.0343922993641
1560,0.0344743497786
708,0.0345287693681
1209,0.0345373284193
1034,0.0345514123414
763,0.0345784872075
1346,0.0345913389183
1708,0.0346142067718
1229,0.0346383806804
1690,0.0347110242276
297,0.0347387322042
1767,0.0347631501453
1480,0.0347751851081
1287,0.0347858374468
1019,0.0347881077608
1559,0.0348716766483
191,0.034924157272
415,0.0349672100837
1727,0.0349742502551
117,0.0349742957456
948,0.0349832232141
1431,0.0350376522419
661,0.0351144288971
863,0.0351216940565
1658,0.0351237349308
726,0.0351266704727
1269,0.0351384962189
1081,0.0351561971756
1551,0.0351802732168
807,0.035188708513
9,0.0351930436388
1415,0.0352005269678
175,0.0352142333249
1124,0.0352230732607
976,0.0352232040611
1648,0.0352455574338
399,0.0352688620897
934,0.0353269663845
1408,0.0353320270095
1678,0.035352053092
95,0.0353574261535
198,0.0353621204026
372,0.0353638033142
164,0.0354017913365
1552,0.0354063033735
728,0.0354235054439
1072,0.0354465992761
29,0.0354914359624
504,0.0354975622456
550,0.0355222814165
576,0.035564258502
1548,0.0355763006755
1113,0.0356185472297
1029,0.0356196610437
897,0.0356234456003
219,0.0356356921378
705,0.0356571587952
1264,0.0356604643946
410,0.0357189909912
252,0.0357460781448
288,0.0357460781448
901,0.0357510507025
1222,0.0358061694466
439,0.0358116268669
1043,0.0358128506404
63,0.0358147845788
157,0.035823601094
1641,0.0358334323414
1808,0.0358396895399
1468,0.0358681481895
521,0.0358726871384
172,0.0360120500298
1414,0.0360203614068
605,0.0360571512969
1581,0.0360631376523
1607,0.0360983428069
745,0.0360990990571
1091,0.0361103185665
1744,0.0361123003799
1702,0.0361241205113
1146,0.036126384159
378,0.0361496481191
1544,0.0361993580186
1232,0.0362135291835
554,0.036233710948
1610,0.0362487241892
1631,0.0362544916869
1374,0.0362573980753
1540,0.0362628291581
423,0.0362670003729
854,0.0362778106106
596,0.036303703693
371,0.036325263795
295,0.036346762002
1703,0.0363494840879
319,0.0363876732862
1074,0.0363879276031
541,0.0363923697053
903,0.0364477923823
377,0.0364743341735
138,0.0365558104096
1171,0.0365684387769
454,0.0366131313989
758,0.0366156445011
744,0.0366300011313
918,0.0366564696093
982,0.03666244607
1022,0.0366662719253
367,0.036687532718
293,0.0367076492186
1100,0.0367219907407
1595,0.0367358055701
1410,0.0367630014294
1762,0.0367881800217
565,0.0368501165292
303,0.0369180471741
559,0.0369829008125
1661,0.0369939035535
702,0.0369951273128
487,0.0370385243901
1233,0.0370473577699
513,0.037206114383
1084,0.0372076626251
405,0.0372144780746
861,0.0372253303068
375,0.0372324879638
507,0.0372620481297
1599,0.0373207667007
184,0.0373316956933
1071,0.0373892684882
563,0.0373989991677
985,0.0374001631912
537,0.0374234162397
1347,0.0374311065882
720,0.0374603577124
748,0.0374644545045
768,0.037487225505
531,0.0375065385618
833,0.0375325079744
1446,0.0375660544699
1535,0.037580448808
1017,0.0376098884476
872,0.0376213328578
1780,0.0376238639601
994,0.0376532062175
1522,0.0376564986451
677,0.0376963179596
757,0.0377118677257
1345,0.0377177080448
440,0.0377478023408
1801,0.0377823476492
254,0.0377958562828
1311,0.0378416443819
1473,0.0378422041761
503,0.0378586331861
1283,0.0378941201019
969,0.0379605153357
530,0.0380135117709
775,0.0380450178838
96,0.0380569768972
709,0.0380663657306
1167,0.0380792247055
664,0.0381045029734
912,0.0381189241879
1463,0.0381551196843
1611,0.0382031925474
825,0.0382087997808
408,0.0382284074289
1083,0.0382795263089
1694,0.0382815836826
1803,0.0383282823274
1122,0.0383351801031
951,0.0383616896008
1268,0.0383936166833
1059,0.0385002893297
523,0.0385085496104
1450,0.0385752916366
388,0.0385870651717
836,0.0386439047176
615,0.0386449988301
1321,0.0386696455619
545,0.0387405463662
1592,0.0387846376342
618,0.0388290185179
1457,0.0388338199181
359,0.0389405605228
1257,0.0389478576032
1255,0.0389592913953
1114,0.0389706574113
1547,0.0389763533817
663,0.0389775836725
1377,0.0390141496192
1063,0.0390148442203
1825,0.0390367327938
374,0.0390425150379
1186,0.039052754822
1814,0.0391061710277
1047,0.039207087913
476,0.0392250885155
1180,0.0392336053601
390,0.0393430438875
1451,0.0394084508016
400,0.0394986865616
1587,0.0395302368129
1361,0.0395343146791
1098,0.0395733253434
1163,0.039621172888
1097,0.0397225474743
1486,0.0397240818437
1005,0.0397241882308
1333,0.0398001357833
1235,0.0398494132559
280,0.0399149903815
1301,0.039932070035
1598,0.0399763054176
1716,0.0399856040321
1436,0.0400039867397
1082,0.0400627013907
1166,0.0401474927979
1194,0.0402001771949
947,0.0402407758042
1650,0.0402408897893
1575,0.0402625851087
1602,0.0402662904913
1512,0.0402849894865
1733,0.0404928462384
739,0.040519160696
560,0.0405239418444
1701,0.0405576729003
1640,0.0406746250196
751,0.0406956229375
1298,0.040702822062
1418,0.0407157842122
1315,0.0407174333703
1002,0.0407718362044
509,0.0408017188921
1579,0.0408419939346
1549,0.0408709321211
857,0.0409010234802
954,0.0409473729266
737,0.0409773189782
165,0.041041383204
1127,0.0410450132807
642,0.0410525837982
866,0.0411172653109
1672,0.0411241710263
1383,0.0411993994255
654,0.0412459972487
1187,0.0413234149434
1295,0.0414047486668
1318,0.0414733687792
396,0.0415048344416
1722,0.041507873405
1412,0.0415095712087
1241,0.0415133347074
1476,0.0415173673269
1520,0.0415178323204
1834,0.0415183732326
1416,0.0415253726585
688,0.0415346847159
1258,0.0415499258017
416,0.0415612772444
1609,0.0415658984769
1337,0.0415789213088
1867,0.0415804280563
1103,0.041587995871
1267,0.0415945870781
1391,0.0416363381824
571,0.041656970573
1815,0.0416901313176
567,0.0416938948591
233,0.0416952930224
1615,0.0417042494127
278,0.0417822554786
228,0.0417881351207
1048,0.0417941075234
1689,0.0417976149972
383,0.0418006441721
426,0.0418015014373
1270,0.041829759051
1370,0.0418473072606
1050,0.0418743941085
543,0.0418809404678
1158,0.0418858248242
1709,0.0419162595456
1237,0.0419593812737
1183,0.041977678187
1831,0.0419834522584
841,0.0419953652739
1274,0.0419968788455
1580,0.0420209290174
1605,0.0420526318947
898,0.04205267012
597,0.0421001663356
1073,0.0421090054872
1724,0.0421855180518
676,0.0421863100808
1735,0.0421978795281
1475,0.0422368038469
1054,0.0422424600506
701,0.0422719364697
1302,0.0423389718759
991,0.0424056976298
156,0.0424399681704
821,0.0424425641952
1380,0.0424479326556
1420,0.0424565792693
1435,0.0424943680628
1314,0.0424984135465
1731,0.0425071927967
1344,0.0425121165811
424,0.0425245087089
1479,0.0425990615356
981,0.0426298019229
558,0.0427033124776
1254,0.0427686181044
517,0.0427736184313
1583,0.0427805934699
1342,0.0428059044306
1394,0.0428641919837
679,0.0429303201955
682,0.0429303201955
1339,0.0429484096262
1536,0.0429526423872
711,0.0429693381711
1636,0.0429704014291
1840,0.0429722764414
1710,0.042986464403
1725,0.0430131527675
1671,0.0430794073966
1525,0.0430983993163
1871,0.0430988883779
1677,0.0431015819287
1618,0.0431167963361
1464,0.0431221966503
993,0.0431379237168
1836,0.043152494394
791,0.043174463859
1746,0.0432048567707
1737,0.0432561158648
434,0.0432609113229
257,0.043267130684
435,0.0432955131248
1632,0.0433483111692
852,0.0434123123703
1574,0.0434153228357
704,0.0434246174733
1351,0.0436573200702
1151,0.0436624744741
1854,0.0437224780633
170,0.0437266143256
1651,0.0437524508396
1031,0.0437806398436
1168,0.0438332289351
529,0.0438440287895
1454,0.0438771582893
1715,0.044051583664
1375,0.044085080606
526,0.0440982985384
1095,0.0441510159407
1096,0.0441510159407
260,0.0441937950675
548,0.0442463009012
181,0.0442821720714
1378,0.0442888466868
1591,0.0443104945771
1787,0.0443432809457
1282,0.0443564647484
858,0.0443592302901
1453,0.0444954209893
689,0.0445335237462
536,0.0446749349216
258,0.0447751438287
1131,0.0447856892539
699,0.0448104137389
1024,0.0448189474516
1782,0.0449085668392
1012,0.0449300288096
1404,0.0449853631618
427,0.0450572346567
749,0.045104300267
1239,0.0452400044955
1843,0.0452457850605
924,0.0452839615973
1320,0.0452882587267
922,0.0454426661946
179,0.0454913895931
1483,0.0455283969687
1125,0.0455383275696
263,0.0455583730535
1386,0.0455633470002
1265,0.0455866503903
1080,0.0457999886415
1673,0.0458270997744
1487,0.0458379210464
1601,0.0458449772411
1713,0.0458731597323
767,0.0459356427098
1061,0.0460077037729
1026,0.0460787855057
1810,0.0460888764692
300,0.0461084787774
1662,0.0461098728856
1527,0.0461466204012
1882,0.0462214874182
1858,0.0462369093582
1788,0.0462610191999
1711,0.0462829847425
1243,0.046294723806
878,0.0462967311684
251,0.0463127276905
1134,0.0463185287548
1771,0.046325337607
1039,0.0463375449278
1786,0.0463399042755
1128,0.0464575246465
1341,0.0464613909048
1588,0.0465506019956
1326,0.046575710134
1135,0.0465863263192
1613,0.0467252554083
229,0.0467868387805
1094,0.0468479947897
610,0.0469677279319
1849,0.0470560921233
1138,0.0470585217715
1406,0.0470600173994
1530,0.0470773150537
1688,0.0471023922034
816,0.0472195938697
413,0.0474183636529
1558,0.0474750168595
583,0.0475042064529
1079,0.0476134121761
1577,0.0477311288568
1723,0.0477509650256
1195,0.0479421764406
1126,0.0481449906041
1685,0.0481489060528
1440,0.0481544263471
1604,0.0481544465093
1561,0.0483040332299
1388,0.0483058972096
1687,0.0483681583765
1143,0.0483849594949
1296,0.0483962079296
834,0.0484543487309
870,0.0485081203688
1290,0.0485967069999
1538,0.0486209653581
815,0.0486504291968
1813,0.0486714818142
1442,0.0488106793735
1717,0.0488612898201
1664,0.0488704276176
1401,0.0489067134685
1129,0.0489104888058
1663,0.0489538125336
1133,0.049002780301
1851,0.0491222726506
752,0.0491662635549
722,0.0492093019829
869,0.0492784827164
1775,0.0492856371588
990,0.0495233175291
569,0.0495469342839
1624,0.0496507061151
1350,0.0496618617335
1800,0.0497270811554
1642,0.0497346115441
764,0.0498088399599
1885,0.0501195357448
431,0.050167561432
659,0.0502141053083
1853,0.0503186367263
568,0.0504344830004
1657,0.0506287455723
803,0.0507095184269
1732,0.0507288392585
1148,0.0507624036015
1309,0.05078667528
845,0.0508082319964
750,0.0510860431867
250,0.051105096274
1514,0.0511716866825
1354,0.0513753017067
1616,0.0515094950311
151,0.0516071713349
1848,0.0518564468271
681,0.0518657606937
1190,0.051990827879
1880,0.0524063230957
1824,0.0525215430983
1850,0.05258881449
1335,0.0527248583055
1319,0.0529174008543
742,0.0533964537352
1490,0.0534746595516
1437,0.0536804787526
1675,0.0537640809107
1013,0.0539573638246
1046,0.054032598963
936,0.0540747704497
1142,0.0542227718113
675,0.0544312915458
1714,0.0544377145068
1497,0.0545247507261
1467,0.0546034759772
1704,0.0547716716268
1562,0.055349421402
1619,0.0554400737929
811,0.0555051080529
1470,0.0555852964648
1465,0.0556453861246
973,0.0557790181415
1275,0.0559560152951
1175,0.0562286644418
1682,0.0564460940207
398,0.0565576391965
1210,0.0567497346766
1484,0.0567660328694
1248,0.0569989377009
1145,0.0571285666636
621,0.0571934469971
189,0.0573878796848
432,0.0576315843167
1330,0.0578761826518
1838,0.0579402388662
524,0.0580392480414
1055,0.0583935970128
146,0.0585512889971
1057,0.0585840622863
1796,0.059002727111
13,0.0591797878312
16,0.0591797878312
21,0.0591797878312
32,0.0591797878312
33,0.0591797878312
34,0.0591797878312
98,0.0591797878312
178,0.0591797878312
182,0.0591797878312
187,0.0591797878312
188,0.0591797878312
190,0.0591797878312
192,0.0591797878312
256,0.0591797878312
261,0.0591797878312
264,0.0591797878312
282,0.0591797878312
285,0.0591797878312
310,0.0591797878312
373,0.0591797878312
397,0.0591797878312
421,0.0591797878312
422,0.0591797878312
433,0.0591797878312
438,0.0591797878312
488,0.0591797878312
512,0.0591797878312
549,0.0591797878312
553,0.0591797878312
555,0.0591797878312
561,0.0591797878312
564,0.0591797878312
566,0.0591797878312
570,0.0591797878312
578,0.0591797878312
606,0.0591797878312
613,0.0591797878312
617,0.0591797878312
619,0.0591797878312
670,0.0591797878312
678,0.0591797878312
683,0.0591797878312
684,0.0591797878312
685,0.0591797878312
686,0.0591797878312
697,0.0591797878312
706,0.0591797878312
727,0.0591797878312
740,0.0591797878312
789,0.0591797878312
792,0.0591797878312
826,0.0591797878312
827,0.0591797878312
829,0.0591797878312
830,0.0591797878312
838,0.0591797878312
842,0.0591797878312
843,0.0591797878312
844,0.0591797878312
847,0.0591797878312
850,0.0591797878312
853,0.0591797878312
859,0.0591797878312
862,0.0591797878312
879,0.0591797878312
880,0.0591797878312
881,0.0591797878312
914,0.0591797878312
928,0.0591797878312
929,0.0591797878312
932,0.0591797878312
938,0.0591797878312
939,0.0591797878312
945,0.0591797878312
955,0.0591797878312
968,0.0591797878312
974,0.0591797878312
995,0.0591797878312
996,0.0591797878312
997,0.0591797878312
998,0.0591797878312
1032,0.0591797878312
1044,0.0591797878312
1056,0.0591797878312
1058,0.0591797878312
1062,0.0591797878312
1075,0.0591797878312
1099,0.0591797878312
1108,0.0591797878312
1119,0.0591797878312
1121,0.0591797878312
1130,0.0591797878312
1132,0.0591797878312
1136,0.0591797878312
1137,0.0591797878312
1139,0.0591797878312
1140,0.0591797878312
1141,0.0591797878312
1162,0.0591797878312
1174,0.0591797878312
1179,0.0591797878312
1188,0.0591797878312
1192,0.0591797878312
1198,0.0591797878312
1199,0.0591797878312
1202,0.0591797878312
1206,0.0591797878312
1212,0.0591797878312
1215,0.0591797878312
1217,0.0591797878312
1218,0.0591797878312
1219,0.0591797878312
1220,0.0591797878312
1221,0.0591797878312
1223,0.0591797878312
1224,0.0591797878312
1225,0.0591797878312
1227,0.0591797878312
1228,0.0591797878312
1236,0.0591797878312
1238,0.0591797878312
1242,0.0591797878312
1249,0.0591797878312
1250,0.0591797878312
1251,0.0591797878312
1260,0.0591797878312
1261,0.0591797878312
1262,0.0591797878312
1284,0.0591797878312
1285,0.0591797878312
1300,0.0591797878312
1305,0.0591797878312
1324,0.0591797878312
1325,0.0591797878312
1328,0.0591797878312
1331,0.0591797878312
1336,0.0591797878312
1338,0.0591797878312
1349,0.0591797878312
1355,0.0591797878312
1356,0.0591797878312
1357,0.0591797878312
1358,0.0591797878312
1359,0.0591797878312
1382,0.0591797878312
1385,0.0591797878312
1392,0.0591797878312
1393,0.0591797878312
1400,0.0591797878312
1405,0.0591797878312
1409,0.0591797878312
1413,0.0591797878312
1419,0.0591797878312
1421,0.0591797878312
1422,0.0591797878312
1425,0.0591797878312
1426,0.0591797878312
1429,0.0591797878312
1432,0.0591797878312
1433,0.0591797878312
1434,0.0591797878312
1445,0.0591797878312
1447,0.0591797878312
1448,0.0591797878312
1449,0.0591797878312
1456,0.0591797878312
1459,0.0591797878312
1462,0.0591797878312
1466,0.0591797878312
1477,0.0591797878312
1482,0.0591797878312
1488,0.0591797878312
1489,0.0591797878312
1491,0.0591797878312
1492,0.0591797878312
1493,0.0591797878312
1494,0.0591797878312
1495,0.0591797878312
1496,0.0591797878312
1498,0.0591797878312
1499,0.0591797878312
1500,0.0591797878312
1501,0.0591797878312
1502,0.0591797878312
1504,0.0591797878312
1505,0.0591797878312
1506,0.0591797878312
1511,0.0591797878312
1519,0.0591797878312
1523,0.0591797878312
1524,0.0591797878312
1528,0.0591797878312
1531,0.0591797878312
1537,0.0591797878312
1542,0.0591797878312
1543,0.0591797878312
1546,0.0591797878312
1550,0.0591797878312
1553,0.0591797878312
1554,0.0591797878312
1555,0.0591797878312
1556,0.0591797878312
1557,0.0591797878312
1563,0.0591797878312
1564,0.0591797878312
1565,0.0591797878312
1566,0.0591797878312
1567,0.0591797878312
1568,0.0591797878312
1569,0.0591797878312
1570,0.0591797878312
1571,0.0591797878312
1572,0.0591797878312
1573,0.0591797878312
1576,0.0591797878312
1582,0.0591797878312
1585,0.0591797878312
1589,0.0591797878312
1597,0.0591797878312
1600,0.0591797878312
1603,0.0591797878312
1606,0.0591797878312
1608,0.0591797878312
1612,0.0591797878312
1617,0.0591797878312
1621,0.0591797878312
1622,0.0591797878312
1623,0.0591797878312
1625,0.0591797878312
1626,0.0591797878312
1627,0.0591797878312
1628,0.0591797878312
1630,0.0591797878312
1633,0.0591797878312
1634,0.0591797878312
1635,0.0591797878312
1638,0.0591797878312
1639,0.0591797878312
1643,0.0591797878312
1645,0.0591797878312
1647,0.0591797878312
1649,0.0591797878312
1653,0.0591797878312
1654,0.0591797878312
1655,0.0591797878312
1656,0.0591797878312
1659,0.0591797878312
1660,0.0591797878312
1665,0.0591797878312
1666,0.0591797878312
1668,0.0591797878312
1669,0.0591797878312
1674,0.0591797878312
1676,0.0591797878312
1679,0.0591797878312
1680,0.0591797878312
1681,0.0591797878312
1683,0.0591797878312
1684,0.0591797878312
1686,0.0591797878312
1692,0.0591797878312
1693,0.0591797878312
1695,0.0591797878312
1696,0.0591797878312
1697,0.0591797878312
1698,0.0591797878312
1699,0.0591797878312
1700,0.0591797878312
1705,0.0591797878312
1706,0.0591797878312
1707,0.0591797878312
1712,0.0591797878312
1718,0.0591797878312
1720,0.0591797878312
1721,0.0591797878312
1726,0.0591797878312
1728,0.0591797878312
1729,0.0591797878312
1730,0.0591797878312
1734,0.0591797878312
1736,0.0591797878312
1738,0.0591797878312
1739,0.0591797878312
1742,0.0591797878312
1743,0.0591797878312
1745,0.0591797878312
1747,0.0591797878312
1749,0.0591797878312
1750,0.0591797878312
1751,0.0591797878312
1753,0.0591797878312
1755,0.0591797878312
1756,0.0591797878312
1757,0.0591797878312
1758,0.0591797878312
1759,0.0591797878312
1760,0.0591797878312
1761,0.0591797878312
1763,0.0591797878312
1764,0.0591797878312
1765,0.0591797878312
1766,0.0591797878312
1768,0.0591797878312
1769,0.0591797878312
1770,0.0591797878312
1772,0.0591797878312
1773,0.0591797878312
1774,0.0591797878312
1776,0.0591797878312
1777,0.0591797878312
1778,0.0591797878312
1779,0.0591797878312
1781,0.0591797878312
1783,0.0591797878312
1784,0.0591797878312
1785,0.0591797878312
1789,0.0591797878312
1790,0.0591797878312
1791,0.0591797878312
1792,0.0591797878312
1793,0.0591797878312
1794,0.0591797878312
1795,0.0591797878312
1797,0.0591797878312
1798,0.0591797878312
1799,0.0591797878312
1802,0.0591797878312
1804,0.0591797878312
1806,0.0591797878312
1807,0.0591797878312
1809,0.0591797878312
1811,0.0591797878312
1812,0.0591797878312
1816,0.0591797878312
1817,0.0591797878312
1818,0.0591797878312
1819,0.0591797878312
1820,0.0591797878312
1821,0.0591797878312
1822,0.0591797878312
1823,0.0591797878312
1826,0.0591797878312
1827,0.0591797878312
1828,0.0591797878312
1829,0.0591797878312
1830,0.0591797878312
1832,0.0591797878312
1833,0.0591797878312
1835,0.0591797878312
1837,0.0591797878312
1839,0.0591797878312
1841,0.0591797878312
1842,0.0591797878312
1844,0.0591797878312
1845,0.0591797878312
1846,0.0591797878312
1852,0.0591797878312
1855,0.0591797878312
1856,0.0591797878312
1857,0.0591797878312
1859,0.0591797878312
1860,0.0591797878312
1861,0.0591797878312
1862,0.0591797878312
1863,0.0591797878312
1864,0.0591797878312
1865,0.0591797878312
1866,0.0591797878312
1868,0.0591797878312
1869,0.0591797878312
1870,0.0591797878312
1872,0.0591797878312
1873,0.0591797878312
1874,0.0591797878312
1875,0.0591797878312
1876,0.0591797878312
1877,0.0591797878312
1878,0.0591797878312
1879,0.0591797878312
1881,0.0591797878312
1883,0.0591797878312
1884,0.0591797878312
1886,0.0591797878312
1887,0.0591797878312
1888,0.0591797878312
1889,0.0591797878312
1890,0.0591797878312
1891,0.0591797878312
