444,0.0112251336934
718,0.0145611049969
904,0.01761992226
598,0.020206605707
49,0.0216736903341
1008,0.0220885093174
64,0.0223044536638
35,0.0226906030581
336,0.0229983377816
867,0.0233220826777
343,0.0234102659095
1286,0.0241246900663
953,0.024131141948
76,0.0243010316459
747,0.024403143013
183,0.0244882500443
57,0.0245691073989
1213,0.0245889208006
724,0.0248418151502
38,0.0249251434157
236,0.0262690998563
450,0.0265240533703
124,0.0274469495561
4,0.0279050455108
331,0.0280633623087
2,0.0281327395195
6,0.0282116737803
269,0.0289757864601
582,0.0293911556563
144,0.0295197386864
1156,0.0301536818769
253,0.0307568237386
195,0.031018673698
193,0.0314132918216
640,0.0317115693405
20,0.031731495455
89,0.0318604795776
204,0.031943496849
232,0.0321725950363
54,0.0324105218667
1403,0.0324209653155
864,0.032442534409
1069,0.0325235036532
154,0.0329532795819
201,0.0332915778802
462,0.0338222590488
671,0.0342055490102
456,0.0343793066523
698,0.0344365803158
793,0.0346856377109
335,0.0349071076115
759,0.0350417354342
466,0.0351339826417
315,0.035246619494
411,0.0357651894418
1001,0.0358675448272
199,0.0361619555451
70,0.0362778736763
1065,0.0363372619476
215,0.036656071288
82,0.0368794853038
391,0.0369493095437
324,0.0370067607067
135,0.0370187544588
334,0.0370389109939
86,0.0372015098861
712,0.0372481679528
917,0.0373350759774
273,0.0374274520244
950,0.0379291208182
573,0.0383941015259
103,0.0384893290035
243,0.0385997283096
784,0.03863197228
460,0.038716360087
337,0.0388079826153
58,0.0388118052275
262,0.0389433242318
91,0.0390743369
18,0.0392901529188
104,0.0395648028286
572,0.0404685378592
39,0.0405988041637
946,0.0410733106712
459,0.0411442107173
731,0.0412817761891
1253,0.0417079369208
735,0.042009956446
376,0.0420716888012
83,0.0422036834172
446,0.0423246294636
50,0.0424638732353
902,0.0425332082924
625,0.042596684286
346,0.0426417696346
224,0.0426890980434
601,0.0431460124816
231,0.0431617804323
44,0.0434464755159
339,0.0435146624009
5,0.0436100783648
1184,0.0437838457695
1231,0.0441467506871
730,0.0442760625364
482,0.0444299674763
978,0.0444851654166
122,0.0447790698784
235,0.0448582060978
313,0.0448891426105
635,0.0454888549078
470,0.0455771085288
795,0.0457064740665
630,0.0457521901485
142,0.0459777635051
547,0.0461366363693
7,0.0462614965003
97,0.0462704046506
214,0.046324574724
515,0.0464407488377
535,0.0464624165289
813,0.0464905446648
65,0.0468010699282
265,0.0468742446534
632,0.0470282272318
961,0.0473291451761
380,0.0474461223096
227,0.0474770025144
106,0.0476382150203
42,0.0485827463206
196,0.0485892771518
479,0.0486480466164
87,0.0487793716608
957,0.0489322578203
245,0.0489739654965
1510,0.0493077904537
533,0.0499420962692
645,0.0502779949966
211,0.0503155902634
43,0.0509843458518
786,0.0512317792434
299,0.0518619697343
71,0.0522170961641
62,0.0522319286629
94,0.0523047376923
325,0.0523694490277
520,0.0523815329611
585,0.0525478804631
113,0.0526386488958
556,0.0527681463427
320,0.0528607605625
690,0.0529917281607
74,0.0530782387499
472,0.0532074518177
716,0.0533151343034
137,0.0534337676955
1208,0.0534529125735
23,0.0540200360765
61,0.0540300980804
241,0.0541866934461
329,0.0543109406161
289,0.0543374870771
527,0.0546580800397
1279,0.0549674857514
366,0.0553338244579
696,0.0556370333741
467,0.0558220562908
877,0.0558384969215
8,0.0558714824358
17,0.0559630052297
636,0.0559733747622
628,0.0561250867036
607,0.0561285292883
1207,0.0562059793466
132,0.0562224813723
107,0.0563254428118
342,0.0567259158525
785,0.0568565237629
60,0.0580099233738
544,0.0582316517072
52,0.0583126679588
773,0.0583203829145
1329,0.0585286233675
208,0.0589973433296
575,0.0592786842203
79,0.0593201596718
354,0.0594177241121
534,0.0596386809316
1155,0.0598598252174
353,0.060206276955
102,0.0604387747385
225,0.0604437447018
306,0.0605027318052
330,0.0605335460256
1372,0.0608380476617
475,0.0608437875118
417,0.0608990595954
155,0.0609038749406
318,0.0609044338912
799,0.0610963469616
913,0.0611066591687
246,0.061132318728
333,0.061209960985
174,0.0613084856806
586,0.0616441988475
37,0.0616593486398
943,0.0617014158949
67,0.0617312769309
177,0.0620002914806
1578,0.062135625128
129,0.0622185825361
321,0.0623518475529
925,0.062394933263
796,0.0624840201541
631,0.0625012960078
638,0.0625529922474
600,0.0625990228869
47,0.0628935866204
206,0.0629489092304
1164,0.0634021427389
492,0.0639037480693
761,0.0639419477948
205,0.064258796623
203,0.064343812897
308,0.0645046927866
1027,0.0650186001499
387,0.0650239989131
133,0.0651166985999
304,0.0651802785288
226,0.0652390168912
962,0.0653753864734
75,0.0653960177543
351,0.0654237358559
772,0.0656834598597
888,0.0659570928355
145,0.0659616060879
595,0.066025504312
1892,0.0660635820212
448,0.0661705017769
519,0.0662267278052
99,0.0665114240551
120,0.0667748316475
115,0.0668469795336
1332,0.0668944589171
717,0.066906524648
498,0.0673425527068
279,0.0678883062392
1153,0.067972245576
455,0.0680268712041
326,0.0684777980237
1020,0.068535721998
363,0.0688038530294
518,0.0691039296222
889,0.0692703895084
197,0.0697753013787
873,0.069846475509
959,0.0699270634555
473,0.0700484809312
714,0.0701639286171
370,0.0703607569849
358,0.0703666842032
783,0.0705618943594
385,0.0707556377049
494,0.0712313047525
292,0.0712695953773
907,0.0720197389363
926,0.0726196920559
240,0.0727187260719
101,0.0729262337206
611,0.0729857609734
347,0.0732027659893
650,0.0733629166585
1030,0.0736668646996
161,0.0739269238313
935,0.0740128185914
461,0.0740499948063
608,0.0741010531453
149,0.0744806965345
657,0.074753753635
977,0.0748044972065
971,0.0749084887126
463,0.075088398153
1066,0.0750969892954
972,0.0751032802281
294,0.0751717203837
316,0.0753338863767
1169,0.0753373836539
1009,0.0754460505613
81,0.0755743418008
919,0.0759181272404
349,0.0759674266235
629,0.0759985486583
384,0.0760299488377
1182,0.0762157282966
770,0.0764341225313
311,0.0768651103597
419,0.0770503149123
760,0.0776177053708
602,0.0780189332507
1014,0.0780841681848
1109,0.0780922608203
1006,0.078360170936
1110,0.0785289849907
886,0.0785408215676
865,0.0785983124131
694,0.0787711325884
92,0.0791227080494
1067,0.0792157883571
778,0.0795035321742
906,0.0795929162796
1004,0.0797776331316
1368,0.0799249902621
210,0.0802248627198
1443,0.0802532563765
452,0.0804709315413
402,0.080649243122
88,0.080669241454
217,0.0807168811327
812,0.081047374371
457,0.0814403666196
762,0.0815919016323
809,0.0817366527876
725,0.0818710804623
1078,0.0819262790212
546,0.0820054093229
361,0.0820348795569
1112,0.0821246507598
340,0.0821981724228
693,0.082352345024
248,0.0825155917666
249,0.0826591086998
69,0.0826800447874
643,0.0828724500595
840,0.0831257893111
1360,0.0832056237733
382,0.0832518254158
1289,0.0833431823341
1003,0.0835276022949
769,0.0837430222517
465,0.0837644818474
674,0.0839137079985
820,0.0845933849073
46,0.0846175316283
651,0.0847983612954
868,0.0850448538192
532,0.0850650258648
207,0.0850777931154
780,0.0851594389737
267,0.085206451805
627,0.0852175016977
644,0.0856356854826
756,0.086036844021
604,0.0863124257349
68,0.0863621103831
893,0.0863705308956
801,0.0864182175373
202,0.086680508202
814,0.086844489376
317,0.0870607151096
587,0.0871990081323
237,0.0873320177544
274,0.0883110389085
609,0.0886511977539
139,0.0887918029061
508,0.0892309393031
949,0.0896238385598
286,0.0897888243769
27,0.0899364949849
958,0.0900094415782
1252,0.0901284621653
1407,0.090787204532
10,0.0909916267982
40,0.091309720223
1379,0.0913412214436
908,0.0913822558562
992,0.0914073510419
923,0.0914854391529
212,0.0915124512281
1117,0.0915798259452
394,0.0917408434233
11,0.0921163068665
485,0.0926204473531
114,0.0927211266939
1461,0.093862547253
309,0.0941751340608
118,0.0945595161723
110,0.0948204018013
350,0.0950599176116
53,0.0954690000503
920,0.0957771489228
1397,0.0957793650827
960,0.0959218206856
806,0.0961103136669
298,0.0961717427336
166,0.0966379784478
364,0.0971062335392
302,0.0972631032805
589,0.0978759085409
1035,0.0982162636552
574,0.0984786400736
41,0.0985749029935
51,0.0987716393546
1115,0.0987752265209
345,0.0987969227476
1263,0.0991618299041
707,0.0995859410758
885,0.0996738997836
910,0.100061670081
1304,0.100109705469
579,0.100290410766
445,0.100378977438
999,0.100664741888
443,0.100753268395
277,0.100849509701
900,0.100881695323
420,0.101017968938
73,0.101282205685
136,0.101304479601
489,0.101374721302
956,0.101676456416
447,0.102132325767
668,0.102261560083
658,0.102319370304
502,0.102471273285
141,0.102506211539
1364,0.103097887923
637,0.103175905447
15,0.103525705182
1197,0.103717092464
1310,0.103759507484
1042,0.103903457829
483,0.10398630077
1203,0.104189748065
307,0.104321369017
453,0.104406631293
1144,0.104477747018
652,0.104802749403
1104,0.104812488819
1276,0.105074567318
540,0.105382646883
894,0.105410127493
48,0.105475090866
143,0.105483729599
0,0.105548233262
802,0.105981256291
849,0.106393891924
942,0.106786517615
59,0.10715006686
105,0.107228618435
301,0.107255226481
673,0.10736330491
538,0.107742508229
1185,0.107890591579
1245,0.107940374286
1399,0.108023448155
338,0.108035374058
1529,0.108081897547
160,0.108165715351
222,0.108365626093
1481,0.108403581056
284,0.108596931077
794,0.108730329721
66,0.108772902182
348,0.108993360315
941,0.109041140153
1365,0.109302842486
965,0.109416960004
666,0.109467543688
158,0.109881465627
1088,0.110049631458
580,0.110154040917
551,0.110198601318
1011,0.110317138169
1533,0.11070319518
36,0.111213889011
491,0.111411662081
817,0.111416910546
1471,0.11151655518
314,0.11185233316
700,0.111884139162
150,0.112022346344
771,0.112162165348
1428,0.112373499339
281,0.112383726647
1025,0.112668003905
497,0.113158737388
90,0.113673130588
368,0.113731369518
612,0.113827533515
966,0.113985831939
162,0.114024468481
616,0.114056318195
406,0.114161720965
581,0.114262956381
119,0.114268401888
963,0.114778178345
1545,0.114867419743
988,0.115081416522
1007,0.115683461898
1176,0.115779919088
779,0.115901661363
1033,0.115929297297
464,0.116223440184
389,0.116780006901
620,0.11696499107
1165,0.117154602485
1278,0.117469371472
1028,0.117650304959
305,0.117684532747
244,0.117687259133
1246,0.117741250952
407,0.1178485964
128,0.117929555879
355,0.117944639792
774,0.118054485032
944,0.118381308346
1107,0.118620616002
441,0.119270398347
846,0.119297750649
1441,0.120138098691
230,0.120308806451
111,0.120318485652
1670,0.120497426016
787,0.120543038227
1036,0.120728957117
805,0.12076471094
647,0.121394002516
1037,0.121502398503
715,0.122245102065
1584,0.122521457007
131,0.123044575997
860,0.123070257047
1334,0.123132907908
356,0.12424131545
1089,0.124384713691
1306,0.124547734243
639,0.12454886703
818,0.124692266433
80,0.124774306603
1381,0.125465916975
665,0.12591439792
1288,0.126465782656
1508,0.127427576971
839,0.127655433717
1384,0.127997178197
1118,0.128382584332
414,0.128677340897
369,0.128774237184
1593,0.129536067813
1366,0.129609148169
25,0.129638007898
798,0.129693582439
442,0.130138174386
672,0.130243115902
777,0.130258557597
984,0.130537257931
875,0.130777001308
200,0.131425330621
1526,0.131573945625
887,0.131681757638
328,0.132455673227
1093,0.132565607398
660,0.132573251202
890,0.133326655258
14,0.133992130345
591,0.13406396133
594,0.134172145431
1439,0.134853459004
753,0.134882804211
1455,0.135542385956
449,0.135712850321
1181,0.135903208014
905,0.135908352115
126,0.136090894361
171,0.136472558242
800,0.136540579931
121,0.136569015565
290,0.136634292259
223,0.136857931111
484,0.136932965097
1016,0.137107650828
116,0.137690054139
967,0.137710516676
510,0.137958051976
480,0.138068998834
56,0.138198061174
360,0.13825529089
28,0.138286805698
633,0.138288529952
1041,0.138360412871
1316,0.138391544589
1211,0.138864647299
856,0.139149838647
851,0.139652566486
112,0.139675846943
577,0.139959087702
552,0.140096371641
710,0.140110225029
84,0.140490852869
741,0.141020616499
499,0.141929875197
393,0.141957552187
655,0.142005885064
1444,0.14203939607
979,0.142091384633
458,0.142349421269
30,0.142749432699
130,0.142957383977
481,0.143265305436
163,0.143312157857
323,0.143404909978
1010,0.143759284235
797,0.144380756411
362,0.144484895979
147,0.144495801661
218,0.144584684514
824,0.144845212052
1478,0.144981992699
808,0.145076003622
810,0.146140800627
592,0.146381582928
436,0.14642770377
357,0.146702611312
477,0.146991752408
1256,0.147130224145
1087,0.147293385132
1503,0.147500798284
275,0.148682394377
332,0.149251730984
557,0.149496425572
430,0.149864028472
1299,0.150082996628
1291,0.150098253839
542,0.151023251995
186,0.151989955387
45,0.152213496172
1396,0.152341888729
1590,0.152910294556
626,0.15300246219
1038,0.153474767904
1023,0.153546279953
1294,0.155005278261
656,0.15517829955
883,0.155845974619
1214,0.156637054779
970,0.156808083954
989,0.157159498951
539,0.157393540842
1620,0.157840534459
24,0.158305936577
386,0.158366632439
123,0.158616192489
930,0.159166393087
451,0.15925678373
1234,0.159673830124
641,0.160282765757
1389,0.160446459941
266,0.160451097987
272,0.160494190908
648,0.160740992325
1092,0.161280280601
1534,0.162069387281
500,0.162130566195
522,0.162603683896
3,0.163344490564
1353,0.163370207518
1159,0.164105783688
1472,0.164124096247
344,0.164457557629
148,0.16492998286
1120,0.165075006749
1518,0.165517089743
247,0.165895396878
242,0.166048325139
649,0.16617965709
1367,0.166258331205
1204,0.166341043601
891,0.166343147735
152,0.166658910712
1070,0.166752029656
855,0.166754321628
1149,0.167747137259
1240,0.167896837842
703,0.168250705331
12,0.169693899749
93,0.171417274799
1051,0.171908453702
723,0.172009421382
72,0.172500729685
765,0.173430316873
1123,0.173567943556
1469,0.17366601975
1438,0.173688604686
1193,0.173736823354
501,0.174014646942
1173,0.174666193837
1244,0.17490725798
496,0.175160761431
1272,0.175982629022
1452,0.176121503799
1191,0.176159660888
31,0.176523199014
100,0.1769149418
276,0.177304366749
1281,0.177405551525
127,0.178348042084
634,0.178385045518
213,0.178425219784
1507,0.178525438323
832,0.178526900708
153,0.179012321694
1102,0.180492308252
514,0.180660125099
646,0.180705994695
1313,0.180898103166
721,0.181005676862
1402,0.181452916653
876,0.181559906807
1362,0.181734062911
327,0.182194786519
239,0.182459587613
1752,0.182642915306
403,0.182710394782
729,0.182774560714
1323,0.183627790068
1277,0.18374859274
736,0.184388638768
134,0.184418752746
915,0.185092882553
392,0.185606528174
884,0.185668750351
766,0.185929833252
1652,0.186157576004
1280,0.186810202896
1373,0.187797253008
1614,0.187935099212
216,0.188216246788
1157,0.188254665903
1150,0.188561139257
1348,0.188972903464
525,0.189189248566
322,0.189200006864
680,0.18975242631
1170,0.1899061489
788,0.189940472829
692,0.189996429106
55,0.190084306955
428,0.190527201193
381,0.191179021366
599,0.191431310464
26,0.191702253745
980,0.192077590853
516,0.192209547534
755,0.192596156416
1271,0.193155513292
221,0.1935696575
495,0.195322069104
1064,0.195911817522
831,0.196361946475
909,0.196491071695
916,0.197177987704
732,0.197206574643
754,0.197432153063
291,0.197495342251
848,0.197565673185
429,0.198311984662
209,0.19914664748
168,0.199629150225
379,0.200213781555
1085,0.200230040313
176,0.200529776235
1116,0.201277639429
691,0.201441818422
395,0.203445714956
365,0.203456628414
823,0.203510889044
1178,0.204590451447
478,0.204628629209
505,0.204636345926
468,0.205266181895
1292,0.205803471095
623,0.205851229013
173,0.206310701202
341,0.206443791246
921,0.206541955848
1371,0.206560714641
167,0.207925929928
975,0.208276968855
490,0.20835839963
511,0.208428496375
1152,0.210360912741
622,0.211148936179
695,0.211231663644
1160,0.211775219177
983,0.211868338348
776,0.2123221373
1307,0.212473044819
159,0.212511252021
964,0.212663018368
1303,0.213019908088
1691,0.213943141921
1201,0.214808309569
1076,0.214916550258
19,0.215501437886
1045,0.215527172776
1644,0.215685849693
822,0.215842836505
283,0.215877720577
837,0.217687236942
1293,0.21779077439
1247,0.217884321286
713,0.218036101322
738,0.218081057735
1147,0.218467216377
1398,0.218472048127
590,0.219908397325
662,0.222581232055
927,0.223822699616
746,0.224088191903
1521,0.224486704373
1049,0.22458408092
603,0.224851901969
1516,0.224912610217
486,0.225155648989
1513,0.225644016721
471,0.225730888774
169,0.225786140881
1101,0.226470608232
588,0.226872528866
1327,0.227649034793
1596,0.228839371164
528,0.229212503479
1172,0.229793876538
952,0.230284051423
931,0.2303160388
782,0.230606938693
1474,0.231520119664
1754,0.231660346524
1363,0.232206996656
238,0.232658324239
986,0.232905982033
259,0.233273636824
1086,0.234286331832
1430,0.235812214278
584,0.236215635156
614,0.236545397681
493,0.237613540578
268,0.237679818385
1060,0.239799529999
987,0.240043272008
85,0.240051158205
1000,0.240589634948
109,0.241641090696
1387,0.243029564616
1417,0.243921311082
287,0.244275140936
1369,0.245509791057
312,0.246468077306
804,0.247718687166
352,0.24774385336
1458,0.247930200854
404,0.248145009597
418,0.248337783661
1266,0.248684229202
77,0.250134612612
78,0.250604228203
593,0.250734822955
1216,0.250792461368
437,0.251075612529
562,0.252314445304
1177,0.252820798703
1515,0.253033681063
1154,0.253110420641
1424,0.253839498185
734,0.2540907619
1317,0.255319169697
1748,0.255673782617
1667,0.255866848628
1161,0.256559578717
474,0.25662768581
1740,0.257051279136
506,0.257184852201
892,0.257800619936
180,0.258717168821
1352,0.25873532956
1200,0.259217480468
1460,0.260394941714
1226,0.260456989121
220,0.261483960118
1205,0.262519779703
1297,0.262958191475
1259,0.26417989392
234,0.264636905429
1090,0.264817687135
1015,0.265044988432
125,0.267231603423
194,0.267375075597
140,0.267446447388
899,0.267482319525
835,0.267726562541
1340,0.268943404098
1343,0.269328759133
185,0.269470896066
425,0.269539998219
940,0.269827607976
1517,0.270079303534
882,0.270851552515
1106,0.270932922812
828,0.271144574384
743,0.271297729539
1021,0.271359872443
933,0.271490703373
687,0.272328293603
469,0.27234567976
819,0.272682671816
1532,0.273306496647
1741,0.273315239512
1105,0.273440196879
1395,0.2734922752
669,0.276414054543
1053,0.277208912685
667,0.277651543484
911,0.278058696588
1273,0.278125645859
1322,0.279053406515
1586,0.279480474703
871,0.279783744586
1189,0.279998139125
1423,0.28078470995
624,0.282497605884
1509,0.283744193601
271,0.284482348449
719,0.284724600609
1594,0.285289724396
937,0.285681927828
401,0.287363810152
412,0.287453843879
255,0.287503624911
653,0.288479540868
781,0.289042306149
1196,0.289232908802
1411,0.291081676405
1629,0.292055842824
22,0.292347203124
1390,0.292391886053
896,0.293419516811
1040,0.29346103784
1719,0.293963948955
1312,0.294035451601
1018,0.294080495594
1427,0.294304433205
1111,0.294712221467
108,0.294761333076
790,0.295162580535
895,0.296490690004
1077,0.297364215287
1230,0.297373115962
1052,0.297615719701
296,0.297709714263
874,0.297914050008
1847,0.29842054792
1068,0.298680681838
1560,0.301002157079
708,0.302541865689
1209,0.30278402931
1034,0.303182509643
763,0.303948546372
1346,0.304312163409
1708,0.304959169959
1229,0.305643129091
1690,0.307698453213
297,0.308482402715
1767,0.309173266328
1480,0.309513774883
1287,0.309815164472
1019,0.309879399099
1559,0.312243836918
191,0.313728685827
415,0.314946791025
1727,0.315145980557
117,0.315147267632
948,0.315399854987
1431,0.316939830637
661,0.319112093935
863,0.319317649115
1658,0.319375392139
726,0.319458448244
1269,0.319793037376
1081,0.320293855478
1551,0.320975045621
807,0.321213707805
9,0.321336362727
1415,0.321548090642
175,0.32193588842
1124,0.322185999189
976,0.322189699959
1648,0.322822150163
399,0.323481515286
934,0.325125476289
1408,0.325268657962
270,0.325394832679
1678,0.325835261495
95,0.325987283021
733,0.326095576425
198,0.326120098719
372,0.326167713805
164,0.327242519505
1552,0.327370179826
728,0.327856882797
1072,0.328510283027
29,0.329778859885
504,0.329952192524
550,0.330651578915
576,0.331839248291
1548,0.332179960861
1113,0.333375254392
1029,0.33340676784
897,0.333513845356
219,0.333860340052
705,0.334467702173
1264,0.334561228417
410,0.336217137723
252,0.336983522109
288,0.336983522109
901,0.337124212069
1222,0.338683702053
439,0.338838110366
1043,0.338872734933
63,0.338927452389
157,0.339176900511
1641,0.339455058733
1808,0.339632095395
1468,0.340437283896
521,0.340565705642
172,0.344508738762
1414,0.344743894869
605,0.345784801481
1581,0.3459541751
1607,0.34695024435
745,0.346971641148
1091,0.347289077854
1744,0.347345149853
1702,0.347679580123
1146,0.347743626139
378,0.348401839845
1544,0.349808295883
1232,0.3502092446
554,0.350780252885
1610,0.351205026704
1631,0.351368208121
1374,0.35145043938
1540,0.351604102518
423,0.35172211986
854,0.352027976929
596,0.352760577123
371,0.353370583096
295,0.353978837859
1703,0.354055854592
1,0.354247626366
319,0.355136352223
1074,0.355143547682
541,0.355269229317
903,0.356837318561
377,0.357588272855
138,0.359893502705
1171,0.36025080062
454,0.361515301429
758,0.36158640533
744,0.361992601468
918,0.362741481492
982,0.36291057516
1022,0.363018821148
367,0.363620358682
293,0.364189520437
1100,0.36459528912
1595,0.364986155936
1410,0.365755615962
1762,0.366468000891
565,0.368220387756
303,0.37014236842
559,0.371977290482
1661,0.372288594099
702,0.372323218263
487,0.373551063863
1233,0.373800989138
513,0.378292734231
1084,0.378336539075
405,0.378529370488
861,0.378836415716
375,0.3790389293
507,0.379875283311
184,0.381845841234
1071,0.383474764364
563,0.383750077191
985,0.383783011231
537,0.384440916212
1347,0.384658501384
720,0.385486111592
748,0.385602023273
768,0.386246289535
531,0.386792719234
833,0.387527479061
1646,0.387766284172
1446,0.388476619406
1535,0.388883882424
1017,0.389716826349
872,0.390040626237
1780,0.390112239421
994,0.390942428084
1522,0.391035581657
677,0.392162200618
757,0.392602154481
1345,0.392767396258
440,0.393618862561
1801,0.394596262595
254,0.394978466131
1311,0.396273961577
1473,0.396289799991
503,0.396754630549
1283,0.397758671746
969,0.399637210596
530,0.401136653506
775,0.402028064737
96,0.402366424436
709,0.402632065315
1167,0.402995887875
664,0.403711092952
912,0.404119116393
1463,0.405143205658
1611,0.406503344569
825,0.406661991586
408,0.407216756236
1376,0.408063198613
1083,0.408663076954
1694,0.4087212868
1803,0.410042544571
1122,0.410237705261
951,0.410987745865
1268,0.411891067706
1059,0.414909186615
523,0.41514289704
1450,0.417031247784
388,0.417364359693
836,0.418972536804
615,0.419003492832
1321,0.419700829684
545,0.421706845897
1592,0.422954332427
618,0.424210013137
1457,0.424345860491
359,0.427365902162
1257,0.427572360491
1255,0.427895859956
1114,0.428217441815
1547,0.428378599492
663,0.428413408452
1377,0.429447978973
1063,0.429467631515
1825,0.430086931022
374,0.430250529668
1186,0.430540246731
1814,0.432051566324
1047,0.43490683588
476,0.435416131943
1180,0.435657101401
390,0.43875347615
1451,0.440604052196
400,0.443157117698
1587,0.444049777749
1361,0.444165153954
1098,0.445268893548
1163,0.446622657462
1097,0.44949087688
1486,0.44953428922
1005,0.449537299261
1333,0.451686104525
1235,0.453080325789
280,0.454935717676
1301,0.455418957073
1598,0.456670521077
1716,0.456933609368
1436,0.457453716436
1082,0.459114946418
1166,0.461513973329
1194,0.463004587654
947,0.464153255419
1650,0.464156480431
1575,0.46477031215
1602,0.464875149572
1512,0.465404205454
1637,0.467789795158
1733,0.471285154452
739,0.472029676734
560,0.472164951099
1701,0.473119313261
1640,0.476428272163
751,0.477022372105
1298,0.477226058939
1418,0.477592800668
1315,0.477639460758
1002,0.479178695301
509,0.480024174511
1579,0.481163687512
1549,0.481982443686
857,0.482833826892
954,0.484145204696
737,0.484992476677
165,0.48680506367
1805,0.486851760905
1127,0.486907770442
642,0.487121965201
866,0.488952017265
1672,0.489147402593
1383,0.491275860654
654,0.49259426585
1187,0.494784666258
1295,0.497085863958
1539,0.498999971501
1318,0.499027351919
396,0.499917618673
1722,0.500003600913
1412,0.500051637345
1476,0.500272215089
1520,0.500285371282
1834,0.500300675459
1416,0.500498712169
1308,0.500528502917
688,0.500762180803
1258,0.501193401091
416,0.501514570621
1609,0.501645320441
1337,0.502013779052
1867,0.502056409878
1103,0.502270528169
1267,0.502457015029
1391,0.503638290655
571,0.504222048631
1815,0.505160274819
567,0.505266757746
233,0.505306316371
1615,0.505559722018
278,0.507766769375
228,0.507933123729
1048,0.508102102583
1689,0.508201340516
383,0.508287045805
426,0.50831130065
1270,0.509110801187
1370,0.50960729757
1050,0.510373673305
543,0.510558891274
1158,0.510697085732
1709,0.511558183785
1237,0.512778238854
409,0.512942808049
1183,0.51329591852
1831,0.513459285929
841,0.513796344197
1274,0.513839168101
1580,0.514519626315
1605,0.515416604657
898,0.515417686175
597,0.516761509837
1073,0.517011598417
1541,0.517669235257
1724,0.519176389727
676,0.519198798826
1735,0.51952613642
1475,0.520627433018
1054,0.520787465566
701,0.521621450105
1302,0.523518101532
991,0.525405991881
156,0.526375617835
821,0.526449067887
1380,0.526600959233
1420,0.526845600285
1435,0.52791476915
1314,0.528029229147
1731,0.52827762292
1344,0.528416932922
424,0.528767546848
1479,0.530876890748
981,0.531746637092
558,0.533826491698
1254,0.535674201994
517,0.535815677637
1583,0.536013024348
1342,0.536729154411
1394,0.538378300393
679,0.540249284316
682,0.540249284316
1339,0.540761093621
1536,0.540880852307
711,0.541353230771
1636,0.541383313828
1840,0.541436364072
1710,0.541837788024
1725,0.542592889357
1671,0.54446745004
1525,0.545004793715
1871,0.545018630872
1677,0.545094840255
1618,0.545525305723
1464,0.545678098318
993,0.546123068593
1836,0.546535320822
791,0.547156909017
1746,0.548016824138
1737,0.549467111971
434,0.549602791202
257,0.549778757319
435,0.550581789624
1632,0.552075619408
852,0.553886423224
1574,0.553971599159
704,0.554234574931
1351,0.560818494347
1151,0.560964329333
1854,0.562662027603
170,0.562779056025
1651,0.563510055715
1031,0.56430761506
1168,0.56579553288
529,0.56610109617
1454,0.567038438339
1715,0.571973504067
1375,0.572921242381
526,0.573295221025
1095,0.57478676918
1096,0.57478676918
260,0.575997130935
548,0.577482693117
181,0.578497606132
1378,0.578686452885
1591,0.579298942678
1787,0.580226576538
1282,0.580599589543
858,0.580677835785
1453,0.584531117186
689,0.585609169105
536,0.589610154894
258,0.592445393425
1131,0.592743758079
699,0.593443294823
1024,0.593684741534
1782,0.596220367839
1012,0.596827597348
1404,0.598393187595
427,0.600426667825
749,0.601758308252
1239,0.605597825804
924,0.606841516334
1320,0.606963096213
922,0.611331789726
179,0.612710334416
1485,0.613542976138
1483,0.613757394407
1125,0.614038363666
263,0.614605516126
1386,0.614746245387
1265,0.615405574697
1080,0.621441613283
1673,0.622208676122
1487,0.622514845386
1601,0.622714488267
1713,0.623511863344
767,0.625279711639
1061,0.627318555375
1026,0.629329690648
1810,0.62961519709
300,0.63016981066
1662,0.63020925455
1527,0.63124896225
1788,0.634485679337
1243,0.635439293151
1771,0.636305457953
1786,0.636717596762
1128,0.640045462693
1341,0.640154851818
1588,0.642678926069
1326,0.643389317624
1135,0.643689684309
1613,0.64762044374
229,0.64936283925
1094,0.651093143258
610,0.654480786414
1849,0.656980899104
1138,0.657049641817
1406,0.657091958035
1530,0.657581365387
1688,0.658290880173
816,0.661606899574
413,0.667230748437
1558,0.668833653399
583,0.669659522698
1079,0.672749310653
1577,0.676079901501
1723,0.676641131753
1195,0.682051129599
1126,0.68778940724
1685,0.68790018812
1440,0.688056375347
1604,0.688056945801
1561,0.692289244567
1388,0.692341982666
1687,0.694103555209
1143,0.694578913933
1296,0.694897169032
834,0.696542162923
870,0.698063538858
1290,0.700569945097
1538,0.701256293585
815,0.702089922183
1813,0.702685569752
1442,0.706623925085
1717,0.708055860553
1664,0.708314398803
1401,0.709341044493
1129,0.709447861165
1663,0.710673631466
1133,0.712059090155
1851,0.715439920499
752,0.716684567412
722,0.717902265648
869,0.719859615416
1775,0.720062038051
990,0.726786794997
569,0.72745499042
1624,0.730391035756
1350,0.730706664777
1800,0.732551936053
1642,0.732764995438
764,0.73486516069
1599,0.742817103159
1885,0.743655763106
431,0.745014567258
659,0.746331446119
1853,0.749288982656
568,0.752566653569
1657,0.758062978647
803,0.760348307528
1732,0.7608949572
1148,0.761844602511
1309,0.762531327873
845,0.763141238056
750,0.771001427475
250,0.771540501782
1514,0.773424562766
1354,0.779185499383
1616,0.782982268503
151,0.785745851382
1848,0.792798672344
681,0.793062192166
1190,0.796600752889
1880,0.808356474832
1824,0.811616426473
1850,0.813519754702
1335,0.817368880282
1319,0.822816540266
742,0.836370516913
1490,0.838583215868
1437,0.844406515872
1675,0.846771895028
1013,0.852240502369
1046,0.854369151102
936,0.855562320728
1142,0.859749764491
1241,0.861438598019
675,0.865649471442
1714,0.865831198069
1497,0.868293738073
1467,0.870521133539
1704,0.87527993992
1562,0.891626375298
1619,0.894191228653
811,0.896031261093
1470,0.898300054177
1465,0.900000187665
973,0.903781075554
1275,0.908788905342
1175,0.916503043622
1682,0.922654839283
398,0.925810818026
1210,0.931245828971
1484,0.931706958281
1248,0.938296599576
1145,0.941964227939
621,0.943799905294
189,0.949301043504
432,0.956196246562
1330,0.963116735413
1838,0.964929095736
1843,0.967041855896
524,0.967730389919
1055,0.977756084105
146,0.982217707357
1057,0.983144971162
1882,0.994647674579
1796,0.994990371707
1858,0.995084011823
1711,0.996387635512
878,0.996967316959
251,0.997229161027
1134,0.997393292156
1039,0.997931322036
13,1.0
16,1.0
21,1.0
32,1.0
33,1.0
34,1.0
98,1.0
178,1.0
182,1.0
187,1.0
188,1.0
190,1.0
192,1.0
256,1.0
261,1.0
264,1.0
282,1.0
285,1.0
310,1.0
373,1.0
397,1.0
421,1.0
422,1.0
433,1.0
438,1.0
488,1.0
512,1.0
549,1.0
553,1.0
555,1.0
561,1.0
564,1.0
566,1.0
570,1.0
578,1.0
606,1.0
613,1.0
617,1.0
619,1.0
670,1.0
678,1.0
683,1.0
684,1.0
685,1.0
686,1.0
697,1.0
706,1.0
727,1.0
740,1.0
789,1.0
792,1.0
826,1.0
827,1.0
829,1.0
830,1.0
838,1.0
842,1.0
843,1.0
844,1.0
847,1.0
850,1.0
853,1.0
859,1.0
862,1.0
879,1.0
880,1.0
881,1.0
914,1.0
928,1.0
929,1.0
932,1.0
938,1.0
939,1.0
945,1.0
955,1.0
968,1.0
974,1.0
995,1.0
996,1.0
997,1.0
998,1.0
1032,1.0
1044,1.0
1056,1.0
1058,1.0
1062,1.0
1075,1.0
1099,1.0
1108,1.0
1119,1.0
1121,1.0
1130,1.0
1132,1.0
1136,1.0
1137,1.0
1139,1.0
1140,1.0
1141,1.0
1162,1.0
1174,1.0
1179,1.0
1188,1.0
1192,1.0
1198,1.0
1199,1.0
1202,1.0
1206,1.0
1212,1.0
1215,1.0
1217,1.0
1218,1.0
1219,1.0
1220,1.0
1221,1.0
1223,1.0
1224,1.0
1225,1.0
1227,1.0
1228,1.0
1236,1.0
1238,1.0
1242,1.0
1249,1.0
1250,1.0
1251,1.0
1260,1.0
1261,1.0
1262,1.0
1284,1.0
1285,1.0
1300,1.0
1305,1.0
1324,1.0
1325,1.0
1328,1.0
1331,1.0
1336,1.0
1338,1.0
1349,1.0
1355,1.0
1356,1.0
1357,1.0
1358,1.0
1359,1.0
1382,1.0
1385,1.0
1392,1.0
1393,1.0
1400,1.0
1405,1.0
1409,1.0
1413,1.0
1419,1.0
1421,1.0
1422,1.0
1425,1.0
1426,1.0
1429,1.0
1432,1.0
1433,1.0
1434,1.0
1445,1.0
1447,1.0
1448,1.0
1449,1.0
1456,1.0
1459,1.0
1462,1.0
1466,1.0
1477,1.0
1482,1.0
1488,1.0
1489,1.0
1491,1.0
1492,1.0
1493,1.0
1494,1.0
1495,1.0
1496,1.0
1498,1.0
1499,1.0
1500,1.0
1501,1.0
1502,1.0
1504,1.0
1505,1.0
1506,1.0
1511,1.0
1519,1.0
1523,1.0
1524,1.0
1528,1.0
1531,1.0
1537,1.0
1542,1.0
1543,1.0
1546,1.0
1550,1.0
1553,1.0
1554,1.0
1555,1.0
1556,1.0
1557,1.0
1563,1.0
1564,1.0
1565,1.0
1566,1.0
1567,1.0
1568,1.0
1569,1.0
1570,1.0
1571,1.0
1572,1.0
1573,1.0
1576,1.0
1582,1.0
1585,1.0
1589,1.0
1597,1.0
1600,1.0
1603,1.0
1606,1.0
1608,1.0
1612,1.0
1617,1.0
1621,1.0
1622,1.0
1623,1.0
1625,1.0
1626,1.0
1627,1.0
1628,1.0
1630,1.0
1633,1.0
1634,1.0
1635,1.0
1638,1.0
1639,1.0
1643,1.0
1645,1.0
1647,1.0
1649,1.0
1653,1.0
1654,1.0
1655,1.0
1656,1.0
1659,1.0
1660,1.0
1665,1.0
1666,1.0
1668,1.0
1669,1.0
1674,1.0
1676,1.0
1679,1.0
1680,1.0
1681,1.0
1683,1.0
1684,1.0
1686,1.0
1692,1.0
1693,1.0
1695,1.0
1696,1.0
1697,1.0
1698,1.0
1699,1.0
1700,1.0
1705,1.0
1706,1.0
1707,1.0
1712,1.0
1718,1.0
1720,1.0
1721,1.0
1726,1.0
1728,1.0
1729,1.0
1730,1.0
1734,1.0
1736,1.0
1738,1.0
1739,1.0
1742,1.0
1743,1.0
1745,1.0
1747,1.0
1749,1.0
1750,1.0
1751,1.0
1753,1.0
1755,1.0
1756,1.0
1757,1.0
1758,1.0
1759,1.0
1760,1.0
1761,1.0
1763,1.0
1764,1.0
1765,1.0
1766,1.0
1768,1.0
1769,1.0
1770,1.0
1772,1.0
1773,1.0
1774,1.0
1776,1.0
1777,1.0
1778,1.0
1779,1.0
1781,1.0
1783,1.0
1784,1.0
1785,1.0
1789,1.0
1790,1.0
1791,1.0
1792,1.0
1793,1.0
1794,1.0
1795,1.0
1797,1.0
1798,1.0
1799,1.0
1802,1.0
1804,1.0
1806,1.0
1807,1.0
1809,1.0
1811,1.0
1812,1.0
1816,1.0
1817,1.0
1818,1.0
1819,1.0
1820,1.0
1821,1.0
1822,1.0
1823,1.0
1826,1.0
1827,1.0
1828,1.0
1829,1.0
1830,1.0
1832,1.0
1833,1.0
1835,1.0
1837,1.0
1839,1.0
1841,1.0
1842,1.0
1844,1.0
1845,1.0
1846,1.0
1852,1.0
1855,1.0
1856,1.0
1857,1.0
1859,1.0
1860,1.0
1861,1.0
1862,1.0
1863,1.0
1864,1.0
1865,1.0
1866,1.0
1868,1.0
1869,1.0
1870,1.0
1872,1.0
1873,1.0
1874,1.0
1875,1.0
1876,1.0
1877,1.0
1878,1.0
1879,1.0
1881,1.0
1883,1.0
1884,1.0
1886,1.0
1887,1.0
1888,1.0
1889,1.0
1890,1.0
1891,1.0
