0,314.666666667
1,946.0
2,235.75
3,946.0
4,209.444444444
5,472.5
6,144.692307692
7,314.333333333
8,946.0
9,1893.0
10,1893.0
11,946.0
12,1893.0
13,1893.0
14,1893.0
15,630.333333333
16,1893.0
17,946.0
18,946.0
19,1893.0
20,269.571428571
21,1893.0
22,1893.0
23,946.0
24,1893.0
25,1893.0
26,1893.0
27,1893.0
28,630.333333333
29,1893.0
30,1893.0
31,1893.0
32,1893.0
33,1893.0
34,1893.0
35,144.615384615
36,1893.0
37,946.0
38,472.5
39,1893.0
40,1893.0
41,1893.0
42,1893.0
43,1893.0
44,1893.0
45,1893.0
46,1893.0
47,945.5
48,1893.0
49,156.75
50,269.571428571
51,1893.0
52,377.8
53,1893.0
54,269.571428571
55,1893.0
56,1893.0
57,314.666666667
58,1893.0
59,946.0
60,946.0
61,946.0
62,1893.0
63,1893.0
64,630.333333333
65,946.0
66,946.0
67,1893.0
68,1893.0
69,1893.0
70,946.0
71,946.0
72,1893.0
73,946.0
74,946.0
75,946.0
76,1893.0
77,1893.0
78,1893.0
79,1893.0
80,1893.0
81,1893.0
82,1893.0
83,946.0
84,1893.0
85,1893.0
86,1893.0
87,630.333333333
88,946.0
89,1893.0
90,1893.0
91,946.0
92,1893.0
93,946.0
94,1893.0
95,1893.0
96,1893.0
97,946.0
98,1893.0
99,1893.0
100,1893.0
101,1893.0
102,1893.0
103,946.0
104,630.333333333
105,1893.0
106,1893.0
107,946.0
108,1893.0
109,1893.0
110,1893.0
111,1893.0
112,1893.0
113,1893.0
114,1893.0
115,1893.0
116,1893.0
117,1893.0
118,1893.0
119,1893.0
120,1893.0
121,1893.0
122,946.0
123,1893.0
124,1893.0
125,1893.0
126,1893.0
127,1893.0
128,1893.0
129,1893.0
130,946.0
131,1893.0
132,946.0
133,1893.0
134,1893.0
135,946.0
136,1893.0
137,630.333333333
138,1893.0
139,946.0
140,1893.0
141,630.333333333
142,1893.0
143,1893.0
144,630.333333333
145,946.0
146,1893.0
147,1893.0
148,1893.0
149,1893.0
150,1893.0
151,1893.0
152,1893.0
153,1893.0
154,630.333333333
155,946.0
156,1893.0
157,1893.0
158,946.0
159,1893.0
160,1893.0
161,946.0
162,1893.0
163,1893.0
164,1893.0
165,1893.0
166,1893.0
167,1893.0
168,1893.0
169,1893.0
170,1893.0
171,946.0
172,1893.0
173,1893.0
174,1893.0
175,1893.0
176,1893.0
177,1893.0
178,1893.0
179,1893.0
180,1893.0
181,1893.0
182,1893.0
183,630.333333333
184,1893.0
185,1893.0
186,1893.0
187,1893.0
188,1893.0
189,1893.0
190,1893.0
191,1893.0
192,1893.0
193,1893.0
194,1893.0
195,1893.0
196,1893.0
197,1893.0
198,1893.0
199,1893.0
200,1893.0
201,1893.0
202,1893.0
203,1893.0
204,1893.0
205,1893.0
206,946.0
207,1893.0
208,1893.0
209,1893.0
210,946.0
211,1893.0
212,1893.0
213,1893.0
214,1893.0
215,1893.0
216,1893.0
217,1893.0
218,1893.0
219,1893.0
220,1893.0
221,1893.0
222,946.0
223,1893.0
224,1893.0
225,1893.0
226,1893.0
227,1893.0
228,1893.0
229,1893.0
230,1893.0
231,1893.0
232,235.75
233,1893.0
234,946.0
235,946.0
236,1893.0
237,1893.0
238,1893.0
239,1893.0
240,1893.0
241,1893.0
242,1893.0
243,1893.0
244,1893.0
245,1893.0
246,1893.0
247,1893.0
248,946.0
249,946.0
250,1893.0
251,946.0
252,1893.0
253,946.0
254,1893.0
255,1893.0
256,1893.0
257,1893.0
258,1893.0
259,946.0
260,1893.0
261,1893.0
262,1893.0
263,1893.0
264,1893.0
265,1893.0
266,630.333333333
267,630.333333333
268,1893.0
269,314.666666667
270,946.0
271,946.0
272,1893.0
273,1893.0
274,1893.0
275,1893.0
276,1893.0
277,1893.0
278,1893.0
279,946.0
280,1893.0
281,946.0
282,1893.0
283,946.0
284,1893.0
285,1893.0
286,1893.0
287,1893.0
288,1893.0
289,1893.0
290,1893.0
291,1893.0
292,1893.0
293,1893.0
294,1893.0
295,1893.0
296,1893.0
297,1893.0
298,1893.0
299,946.0
300,1893.0
301,1893.0
302,946.0
303,1893.0
304,1893.0
305,1893.0
306,1893.0
307,1893.0
308,1893.0
309,1893.0
310,1893.0
311,946.0
312,1893.0
313,946.0
314,1893.0
315,1893.0
316,1893.0
317,1893.0
318,1893.0
319,1893.0
320,946.0
321,946.0
322,1893.0
323,1893.0
324,1893.0
325,1893.0
326,1893.0
327,1893.0
328,1893.0
329,1893.0
330,1893.0
331,946.0
332,1893.0
333,1893.0
334,946.0
335,1893.0
336,946.0
337,1893.0
338,1893.0
339,630.333333333
340,1893.0
341,1893.0
342,946.0
343,314.666666667
344,1893.0
345,1893.0
346,946.0
347,1893.0
348,1893.0
349,1893.0
350,1893.0
351,946.0
352,1893.0
353,1893.0
354,1893.0
355,1893.0
356,1893.0
357,1893.0
358,1893.0
359,1893.0
360,1893.0
361,1893.0
362,1893.0
363,1893.0
364,1893.0
365,630.333333333
366,1893.0
367,1893.0
368,1893.0
369,1893.0
370,1893.0
371,1893.0
372,1893.0
373,1893.0
374,1893.0
375,1893.0
376,946.0
377,1893.0
378,1893.0
379,1893.0
380,946.0
381,1893.0
382,1893.0
383,1893.0
384,1893.0
385,946.0
386,1893.0
387,1893.0
388,1893.0
389,1893.0
390,1893.0
391,1893.0
392,1893.0
393,1893.0
394,1893.0
395,1893.0
396,1893.0
397,1893.0
398,1893.0
399,1893.0
400,1893.0
401,1893.0
402,946.0
403,1893.0
404,1893.0
405,1893.0
406,1893.0
407,1893.0
408,1893.0
409,946.0
410,1893.0
411,630.333333333
412,1893.0
413,1893.0
414,1893.0
415,1893.0
416,1893.0
417,1893.0
418,1893.0
419,946.0
420,1893.0
421,1893.0
422,1893.0
423,1893.0
424,1893.0
425,1893.0
426,1893.0
427,1893.0
428,1893.0
429,1893.0
430,1893.0
431,1893.0
432,1893.0
433,1893.0
434,1893.0
435,1893.0
436,1893.0
437,1893.0
438,1893.0
439,1893.0
440,1893.0
441,1893.0
442,1893.0
443,946.0
444,946.0
445,1893.0
446,946.0
447,1893.0
448,1893.0
449,1893.0
450,1893.0
451,946.0
452,1893.0
453,1893.0
454,1893.0
455,946.0
456,1893.0
457,630.333333333
458,1893.0
459,1893.0
460,1893.0
461,1893.0
462,1893.0
463,1893.0
464,1893.0
465,1893.0
466,1893.0
467,1893.0
468,1893.0
469,1893.0
470,1893.0
471,1893.0
472,1893.0
473,1893.0
474,1893.0
475,630.333333333
476,1893.0
477,1893.0
478,1893.0
479,946.0
480,1893.0
481,1893.0
482,1893.0
483,1893.0
484,1893.0
485,1893.0
486,1893.0
487,1893.0
488,1893.0
489,946.0
490,1893.0
491,1893.0
492,1893.0
493,1893.0
494,1893.0
495,1893.0
496,1893.0
497,1893.0
498,1893.0
499,1893.0
500,1893.0
501,946.0
502,946.0
503,1893.0
504,1893.0
505,1893.0
506,1893.0
507,1893.0
508,1893.0
509,1893.0
510,1893.0
511,1893.0
512,1893.0
513,1893.0
514,1893.0
515,1893.0
516,1893.0
517,1893.0
518,946.0
519,1893.0
520,1893.0
521,1893.0
522,1893.0
523,1893.0
524,1893.0
525,1893.0
526,1893.0
527,1893.0
528,946.0
529,1893.0
530,1893.0
531,1893.0
532,1893.0
533,946.0
534,1893.0
535,1893.0
536,1893.0
537,1893.0
538,1893.0
539,1893.0
540,1893.0
541,1893.0
542,1893.0
543,1893.0
544,946.0
545,1893.0
546,1893.0
547,1893.0
548,1893.0
549,1893.0
550,1893.0
551,1893.0
552,1893.0
553,1893.0
554,1893.0
555,1893.0
556,1893.0
557,1893.0
558,1893.0
559,1893.0
560,1893.0
561,1893.0
562,1893.0
563,1893.0
564,1893.0
565,1893.0
566,1893.0
567,1893.0
568,1893.0
569,1893.0
570,1893.0
571,1893.0
572,377.8
573,630.333333333
574,946.0
575,1893.0
576,1893.0
577,1893.0
578,1893.0
579,1893.0
580,1893.0
581,1893.0
582,946.0
583,1893.0
584,1893.0
585,1893.0
586,946.0
587,1893.0
588,1893.0
589,1893.0
590,1893.0
591,1893.0
592,1893.0
593,946.0
594,1893.0
595,946.0
596,1893.0
597,1893.0
598,946.0
599,1893.0
600,1893.0
601,946.0
602,1893.0
603,946.0
604,946.0
605,1893.0
606,1893.0
607,1893.0
608,1893.0
609,1893.0
610,1893.0
611,946.0
612,1893.0
613,1893.0
614,1893.0
615,1893.0
616,1893.0
617,1893.0
618,1893.0
619,1893.0
620,1893.0
621,1893.0
622,1893.0
623,1893.0
624,1893.0
625,1893.0
626,946.0
627,1893.0
628,1893.0
629,1893.0
630,1893.0
631,1893.0
632,946.0
633,1893.0
634,630.333333333
635,125.266666667
636,1893.0
637,1893.0
638,946.0
639,1893.0
640,630.333333333
641,1893.0
642,1893.0
643,1893.0
644,1893.0
645,1893.0
646,1893.0
647,1893.0
648,1893.0
649,1893.0
650,946.0
651,946.0
652,1893.0
653,1893.0
654,1893.0
655,1893.0
656,1893.0
657,946.0
658,1893.0
659,1893.0
660,1893.0
661,1893.0
662,1893.0
663,1893.0
664,1893.0
665,1893.0
666,1893.0
667,314.666666667
668,1893.0
669,1893.0
670,1893.0
671,472.5
672,1893.0
673,1893.0
674,1893.0
675,1893.0
676,1893.0
677,1893.0
678,1893.0
679,1893.0
680,1893.0
681,1893.0
682,1893.0
683,1893.0
684,1893.0
685,1893.0
686,1893.0
687,1893.0
688,1893.0
689,1893.0
690,1893.0
691,1893.0
692,1893.0
693,1893.0
694,1893.0
695,1893.0
696,630.333333333
697,1893.0
698,1893.0
699,1893.0
700,1893.0
701,1893.0
702,1893.0
703,1893.0
704,1893.0
705,1893.0
706,1893.0
707,1893.0
708,1893.0
709,1893.0
710,1893.0
711,1893.0
712,1893.0
713,1893.0
714,1893.0
715,1893.0
716,1893.0
717,1893.0
718,125.266666667
719,1893.0
720,1893.0
721,1893.0
722,1893.0
723,946.0
724,1893.0
725,1893.0
726,1893.0
727,1893.0
728,1893.0
729,1893.0
730,314.666666667
731,1893.0
732,1893.0
733,946.0
734,1893.0
735,946.0
736,1893.0
737,1893.0
738,1893.0
739,1893.0
740,1893.0
741,946.0
742,1893.0
743,1893.0
744,1893.0
745,1893.0
746,1893.0
747,1893.0
748,1893.0
749,1893.0
750,1893.0
751,1893.0
752,1893.0
753,1893.0
754,1893.0
755,1893.0
756,1893.0
757,1893.0
758,1893.0
759,1893.0
760,946.0
761,1893.0
762,1893.0
763,1893.0
764,1893.0
765,1893.0
766,946.0
767,1893.0
768,1893.0
769,1893.0
770,1893.0
771,1893.0
772,1893.0
773,946.0
774,1893.0
775,1893.0
776,1893.0
777,1893.0
778,1893.0
779,1893.0
780,946.0
781,1893.0
782,1893.0
783,1893.0
784,946.0
785,946.0
786,1893.0
787,1893.0
788,1893.0
789,1893.0
790,1893.0
791,1893.0
792,1893.0
793,1893.0
794,1893.0
795,946.0
796,1893.0
797,1893.0
798,1893.0
799,1893.0
800,1893.0
801,1893.0
802,1893.0
803,1893.0
804,1893.0
805,1893.0
806,1893.0
807,1893.0
808,1893.0
809,946.0
810,630.0
811,1893.0
812,1893.0
813,1893.0
814,1893.0
815,1893.0
816,1893.0
817,1893.0
818,1893.0
819,1893.0
820,946.0
821,1893.0
822,1893.0
823,1893.0
824,1893.0
825,1893.0
826,1893.0
827,1893.0
828,1893.0
829,1893.0
830,1893.0
831,1893.0
832,1893.0
833,1893.0
834,1893.0
835,946.0
836,1893.0
837,1893.0
838,1893.0
839,946.0
840,1893.0
841,1893.0
842,1893.0
843,1893.0
844,1893.0
845,1893.0
846,946.0
847,1893.0
848,1893.0
849,1893.0
850,1893.0
851,1893.0
852,1893.0
853,1893.0
854,1893.0
855,1893.0
856,1893.0
857,1893.0
858,1893.0
859,1893.0
860,1893.0
861,1893.0
862,1893.0
863,1893.0
864,1893.0
865,1893.0
866,1893.0
867,630.333333333
868,1893.0
869,1893.0
870,1893.0
871,1893.0
872,1893.0
873,1893.0
874,1893.0
875,1893.0
876,1893.0
877,946.0
878,945.5
879,1893.0
880,1893.0
881,1893.0
882,1893.0
883,1893.0
884,1893.0
885,1893.0
886,946.0
887,946.0
888,946.0
889,1893.0
890,1893.0
891,1893.0
892,1893.0
893,1893.0
894,1893.0
895,1893.0
896,1893.0
897,1893.0
898,1893.0
899,1893.0
900,630.333333333
901,1893.0
902,946.0
903,1893.0
904,1893.0
905,1893.0
906,1893.0
907,1893.0
908,1893.0
909,1893.0
910,1893.0
911,1893.0
912,1893.0
913,1893.0
914,1893.0
915,1893.0
916,1893.0
917,1893.0
918,1893.0
919,1893.0
920,946.0
921,1893.0
922,1893.0
923,1893.0
924,1893.0
925,946.0
926,1893.0
927,1893.0
928,1893.0
929,1893.0
930,1893.0
931,1893.0
932,1893.0
933,1893.0
934,1893.0
935,946.0
936,1893.0
937,1893.0
938,1893.0
939,1893.0
940,630.333333333
941,1893.0
942,1893.0
943,1893.0
944,946.0
945,1893.0
946,314.666666667
947,1893.0
948,1893.0
949,1893.0
950,946.0
951,1893.0
952,1893.0
953,946.0
954,1893.0
955,1893.0
956,1893.0
957,1893.0
958,1893.0
959,1893.0
960,946.0
961,1893.0
962,377.8
963,1893.0
964,1893.0
965,1893.0
966,1893.0
967,1893.0
968,1893.0
969,1893.0
970,1893.0
971,1893.0
972,1893.0
973,1893.0
974,1893.0
975,1893.0
976,1893.0
977,1893.0
978,1893.0
979,1893.0
980,1893.0
981,1893.0
982,1893.0
983,1893.0
984,1893.0
985,1893.0
986,1893.0
987,1893.0
988,1893.0
989,1893.0
990,1893.0
991,1893.0
992,946.0
993,1893.0
994,1893.0
995,1893.0
996,1893.0
997,1893.0
998,1893.0
999,1893.0
1000,1893.0
1001,1893.0
1002,1893.0
1003,1893.0
1004,1893.0
1005,1893.0
1006,1893.0
1007,1893.0
1008,1893.0
1009,1893.0
1010,1893.0
1011,1893.0
1012,1893.0
1013,1893.0
1014,1893.0
1015,1893.0
1016,1893.0
1017,1893.0
1018,1893.0
1019,1893.0
1020,1893.0
1021,1893.0
1022,1893.0
1023,1893.0
1024,1893.0
1025,1893.0
1026,1893.0
1027,1893.0
1028,1893.0
1029,1893.0
1030,1893.0
1031,1893.0
1032,1893.0
1033,1893.0
1034,1893.0
1035,1893.0
1036,1893.0
1037,1893.0
1038,1893.0
1039,946.0
1040,1893.0
1041,1893.0
1042,1893.0
1043,1893.0
1044,1893.0
1045,1893.0
1046,1893.0
1047,1893.0
1048,1893.0
1049,1893.0
1050,1893.0
1051,946.0
1052,1893.0
1053,1893.0
1054,1893.0
1055,1893.0
1056,1893.0
1057,1893.0
1058,1893.0
1059,1893.0
1060,1893.0
1061,1893.0
1062,1893.0
1063,1893.0
1064,1893.0
1065,1893.0
1066,1893.0
1067,1893.0
1068,1893.0
1069,1893.0
1070,946.0
1071,1893.0
1072,1893.0
1073,1893.0
1074,1893.0
1075,1893.0
1076,1893.0
1077,1893.0
1078,1893.0
1079,1893.0
1080,1893.0
1081,1893.0
1082,1893.0
1083,1893.0
1084,1893.0
1085,1893.0
1086,1893.0
1087,1893.0
1088,1893.0
1089,1893.0
1090,946.0
1091,1893.0
1092,946.0
1093,1893.0
1094,1893.0
1095,1893.0
1096,1893.0
1097,1893.0
1098,1893.0
1099,1893.0
1100,1893.0
1101,946.0
1102,1893.0
1103,1893.0
1104,1893.0
1105,1893.0
1106,1893.0
1107,946.0
1108,1893.0
1109,1893.0
1110,1893.0
1111,946.0
1112,1893.0
1113,1893.0
1114,1893.0
1115,1893.0
1116,1893.0
1117,1893.0
1118,1893.0
1119,1893.0
1120,1893.0
1121,1893.0
1122,1893.0
1123,1893.0
1124,1893.0
1125,1893.0
1126,1893.0
1127,1893.0
1128,1893.0
1129,1893.0
1130,1893.0
1131,1893.0
1132,1893.0
1133,1893.0
1134,946.0
1135,1893.0
1136,1893.0
1137,1893.0
1138,1893.0
1139,1893.0
1140,1893.0
1141,1893.0
1142,1893.0
1143,1893.0
1144,946.0
1145,1893.0
1146,1893.0
1147,1893.0
1148,1893.0
1149,1893.0
1150,1893.0
1151,1893.0
1152,1893.0
1153,1893.0
1154,1893.0
1155,1893.0
1156,1893.0
1157,1893.0
1158,1893.0
1159,1893.0
1160,1893.0
1161,1893.0
1162,1893.0
1163,1893.0
1164,1893.0
1165,1893.0
1166,1893.0
1167,1893.0
1168,1893.0
1169,1893.0
1170,1893.0
1171,1893.0
1172,1893.0
1173,1893.0
1174,1893.0
1175,1893.0
1176,1893.0
1177,1893.0
1178,1893.0
1179,1893.0
1180,1893.0
1181,1893.0
1182,1893.0
1183,1893.0
1184,472.5
1185,1893.0
1186,1893.0
1187,1893.0
1188,1893.0
1189,1893.0
1190,1893.0
1191,1893.0
1192,1893.0
1193,1893.0
1194,1893.0
1195,1893.0
1196,1893.0
1197,946.0
1198,1893.0
1199,1893.0
1200,1893.0
1201,1893.0
1202,1893.0
1203,946.0
1204,1893.0
1205,1893.0
1206,1893.0
1207,1893.0
1208,1893.0
1209,1893.0
1210,1893.0
1211,946.0
1212,1893.0
1213,946.0
1214,946.0
1215,1893.0
1216,1893.0
1217,1893.0
1218,1893.0
1219,1893.0
1220,1893.0
1221,1893.0
1222,1893.0
1223,1893.0
1224,1893.0
1225,1893.0
1226,1893.0
1227,1893.0
1228,1893.0
1229,1893.0
1230,1893.0
1231,1893.0
1232,1893.0
1233,1893.0
1234,1893.0
1235,1893.0
1236,1893.0
1237,1893.0
1238,1893.0
1239,1893.0
1240,1893.0
1241,946.0
1242,1893.0
1243,1893.0
1244,1893.0
1245,1893.0
1246,1893.0
1247,1893.0
1248,1893.0
1249,1893.0
1250,1893.0
1251,1893.0
1252,1893.0
1253,1893.0
1254,1893.0
1255,1893.0
1256,1893.0
1257,1893.0
1258,1893.0
1259,1893.0
1260,1893.0
1261,1893.0
1262,1893.0
1263,1893.0
1264,1893.0
1265,1893.0
1266,1893.0
1267,1893.0
1268,1893.0
1269,1893.0
1270,1893.0
1271,1893.0
1272,1893.0
1273,1893.0
1274,1893.0
1275,1893.0
1276,1893.0
1277,1893.0
1278,1893.0
1279,1893.0
1280,1893.0
1281,1893.0
1282,1893.0
1283,1893.0
1284,1893.0
1285,1893.0
1286,472.5
1287,1893.0
1288,1893.0
1289,1893.0
1290,1893.0
1291,1893.0
1292,1893.0
1293,1893.0
1294,1893.0
1295,1893.0
1296,1893.0
1297,1893.0
1298,1893.0
1299,1893.0
1300,1893.0
1301,1893.0
1302,1893.0
1303,1893.0
1304,630.333333333
1305,1893.0
1306,1893.0
1307,946.0
1308,630.0
1309,1893.0
1310,1893.0
1311,1893.0
1312,1893.0
1313,1893.0
1314,1893.0
1315,1893.0
1316,1893.0
1317,1893.0
1318,1893.0
1319,1893.0
1320,1893.0
1321,1893.0
1322,1893.0
1323,1893.0
1324,1893.0
1325,1893.0
1326,1893.0
1327,1893.0
1328,1893.0
1329,1893.0
1330,1893.0
1331,1893.0
1332,1893.0
1333,1893.0
1334,1893.0
1335,1893.0
1336,1893.0
1337,1893.0
1338,1893.0
1339,1893.0
1340,1893.0
1341,1893.0
1342,1893.0
1343,1893.0
1344,1893.0
1345,1893.0
1346,1893.0
1347,1893.0
1348,1893.0
1349,1893.0
1350,1893.0
1351,1893.0
1352,1893.0
1353,1893.0
1354,1893.0
1355,1893.0
1356,1893.0
1357,1893.0
1358,1893.0
1359,1893.0
1360,1893.0
1361,1893.0
1362,1893.0
1363,1893.0
1364,1893.0
1365,1893.0
1366,1893.0
1367,946.0
1368,1893.0
1369,1893.0
1370,1893.0
1371,1893.0
1372,946.0
1373,1893.0
1374,1893.0
1375,1893.0
1376,946.0
1377,1893.0
1378,1893.0
1379,946.0
1380,1893.0
1381,1893.0
1382,1893.0
1383,1893.0
1384,1893.0
1385,1893.0
1386,1893.0
1387,1893.0
1388,1893.0
1389,946.0
1390,1893.0
1391,1893.0
1392,1893.0
1393,1893.0
1394,1893.0
1395,1893.0
1396,1893.0
1397,1893.0
1398,1893.0
1399,1893.0
1400,1893.0
1401,1893.0
1402,1893.0
1403,1893.0
1404,1893.0
1405,1893.0
1406,1893.0
1407,1893.0
1408,1893.0
1409,1893.0
1410,1893.0
1411,1893.0
1412,1893.0
1413,1893.0
1414,1893.0
1415,1893.0
1416,1893.0
1417,1893.0
1418,1893.0
1419,1893.0
1420,1893.0
1421,1893.0
1422,1893.0
1423,1893.0
1424,1893.0
1425,1893.0
1426,1893.0
1427,1893.0
1428,946.0
1429,1893.0
1430,1893.0
1431,1893.0
1432,1893.0
1433,1893.0
1434,1893.0
1435,1893.0
1436,1893.0
1437,1893.0
1438,1893.0
1439,1893.0
1440,1893.0
1441,1893.0
1442,1893.0
1443,1893.0
1444,1893.0
1445,1893.0
1446,1893.0
1447,1893.0
1448,1893.0
1449,1893.0
1450,1893.0
1451,1893.0
1452,269.571428571
1453,1893.0
1454,1893.0
1455,1893.0
1456,1893.0
1457,1893.0
1458,1893.0
1459,1893.0
1460,1893.0
1461,1893.0
1462,1893.0
1463,1893.0
1464,1893.0
1465,1893.0
1466,1893.0
1467,1893.0
1468,1893.0
1469,1893.0
1470,1893.0
1471,1893.0
1472,1893.0
1473,1893.0
1474,1893.0
1475,1893.0
1476,1893.0
1477,1893.0
1478,1893.0
1479,1893.0
1480,1893.0
1481,946.0
1482,1893.0
1483,1893.0
1484,1893.0
1485,946.0
1486,1893.0
1487,1893.0
1488,1893.0
1489,1893.0
1490,1893.0
1491,1893.0
1492,1893.0
1493,1893.0
1494,1893.0
1495,1893.0
1496,1893.0
1497,1893.0
1498,1893.0
1499,1893.0
1500,1893.0
1501,1893.0
1502,1893.0
1503,1893.0
1504,1893.0
1505,1893.0
1506,1893.0
1507,1893.0
1508,1893.0
1509,1893.0
1510,1893.0
1511,1893.0
1512,1893.0
1513,1893.0
1514,1893.0
1515,1893.0
1516,1893.0
1517,1893.0
1518,1893.0
1519,1893.0
1520,1893.0
1521,1893.0
1522,1893.0
1523,1893.0
1524,1893.0
1525,1893.0
1526,1893.0
1527,1893.0
1528,1893.0
1529,1893.0
1530,1893.0
1531,1893.0
1532,1893.0
1533,1893.0
1534,1893.0
1535,1893.0
1536,1893.0
1537,1893.0
1538,1893.0
1539,946.0
1540,1893.0
1541,946.0
1542,1893.0
1543,1893.0
1544,1893.0
1545,1893.0
1546,1893.0
1547,1893.0
1548,1893.0
1549,1893.0
1550,1893.0
1551,1893.0
1552,1893.0
1553,1893.0
1554,1893.0
1555,1893.0
1556,1893.0
1557,1893.0
1558,1893.0
1559,1893.0
1560,1893.0
1561,1893.0
1562,1893.0
1563,1893.0
1564,1893.0
1565,1893.0
1566,1893.0
1567,1893.0
1568,1893.0
1569,1893.0
1570,1893.0
1571,1893.0
1572,1893.0
1573,1893.0
1574,1893.0
1575,1893.0
1576,1893.0
1577,1893.0
1578,1893.0
1579,1893.0
1580,1893.0
1581,1893.0
1582,1893.0
1583,1893.0
1584,1893.0
1585,1893.0
1586,1893.0
1587,1893.0
1588,1893.0
1589,1893.0
1590,1893.0
1591,1893.0
1592,1893.0
1593,1893.0
1594,1893.0
1595,1893.0
1596,1893.0
1597,1893.0
1598,1893.0
1599,946.0
1600,1893.0
1601,1893.0
1602,1893.0
1603,1893.0
1604,1893.0
1605,1893.0
1606,1893.0
1607,1893.0
1608,1893.0
1609,1893.0
1610,1893.0
1611,1893.0
1612,1893.0
1613,1893.0
1614,1893.0
1615,1893.0
1616,1893.0
1617,1893.0
1618,1893.0
1619,1893.0
1620,1893.0
1621,1893.0
1622,1893.0
1623,1893.0
1624,1893.0
1625,1893.0
1626,1893.0
1627,1893.0
1628,1893.0
1629,1893.0
1630,1893.0
1631,1893.0
1632,1893.0
1633,1893.0
1634,1893.0
1635,1893.0
1636,1893.0
1637,946.0
1638,1893.0
1639,1893.0
1640,1893.0
1641,1893.0
1642,1893.0
1643,1893.0
1644,1893.0
1645,1893.0
1646,946.0
1647,1893.0
1648,1893.0
1649,1893.0
1650,1893.0
1651,1893.0
1652,1893.0
1653,1893.0
1654,1893.0
1655,1893.0
1656,1893.0
1657,1893.0
1658,1893.0
1659,1893.0
1660,1893.0
1661,1893.0
1662,1893.0
1663,1893.0
1664,1893.0
1665,1893.0
1666,1893.0
1667,1893.0
1668,1893.0
1669,1893.0
1670,1893.0
1671,1893.0
1672,1893.0
1673,1893.0
1674,1893.0
1675,1893.0
1676,1893.0
1677,1893.0
1678,1893.0
1679,1893.0
1680,1893.0
1681,1893.0
1682,1893.0
1683,1893.0
1684,1893.0
1685,1893.0
1686,1893.0
1687,1893.0
1688,1893.0
1689,1893.0
1690,1893.0
1691,1893.0
1692,1893.0
1693,1893.0
1694,1893.0
1695,1893.0
1696,1893.0
1697,1893.0
1698,1893.0
1699,1893.0
1700,1893.0
1701,1893.0
1702,1893.0
1703,1893.0
1704,1893.0
1705,1893.0
1706,1893.0
1707,1893.0
1708,1893.0
1709,1893.0
1710,1893.0
1711,946.0
1712,1893.0
1713,1893.0
1714,1893.0
1715,1893.0
1716,1893.0
1717,1893.0
1718,1893.0
1719,1893.0
1720,1893.0
1721,1893.0
1722,1893.0
1723,1893.0
1724,1893.0
1725,1893.0
1726,1893.0
1727,1893.0
1728,1893.0
1729,1893.0
1730,1893.0
1731,1893.0
1732,1893.0
1733,1893.0
1734,1893.0
1735,1893.0
1736,1893.0
1737,1893.0
1738,1893.0
1739,1893.0
1740,1893.0
1741,1893.0
1742,1893.0
1743,1893.0
1744,1893.0
1745,1893.0
1746,1893.0
1747,1893.0
1748,1893.0
1749,1893.0
1750,1893.0
1751,1893.0
1752,946.0
1753,1893.0
1754,1893.0
1755,1893.0
1756,1893.0
1757,1893.0
1758,1893.0
1759,1893.0
1760,1893.0
1761,1893.0
1762,1893.0
1763,1893.0
1764,1893.0
1765,1893.0
1766,1893.0
1767,1893.0
1768,1893.0
1769,1893.0
1770,1893.0
1771,1893.0
1772,1893.0
1773,1893.0
1774,1893.0
1775,1893.0
1776,1893.0
1777,1893.0
1778,1893.0
1779,1893.0
1780,1893.0
1781,1893.0
1782,1893.0
1783,1893.0
1784,1893.0
1785,1893.0
1786,1893.0
1787,1893.0
1788,1893.0
1789,1893.0
1790,1893.0
1791,1893.0
1792,1893.0
1793,1893.0
1794,1893.0
1795,1893.0
1796,1893.0
1797,1893.0
1798,1893.0
1799,1893.0
1800,1893.0
1801,1893.0
1802,1893.0
1803,1893.0
1804,1893.0
1805,946.0
1806,1893.0
1807,1893.0
1808,1893.0
1809,1893.0
1810,1893.0
1811,1893.0
1812,1893.0
1813,1893.0
1814,1893.0
1815,1893.0
1816,1893.0
1817,1893.0
1818,1893.0
1819,1893.0
1820,1893.0
1821,1893.0
1822,1893.0
1823,1893.0
1824,1893.0
1825,1893.0
1826,1893.0
1827,1893.0
1828,1893.0
1829,1893.0
1830,1893.0
1831,1893.0
1832,1893.0
1833,1893.0
1834,1893.0
1835,1893.0
1836,1893.0
1837,1893.0
1838,1893.0
1839,1893.0
1840,1893.0
1841,1893.0
1842,1893.0
1843,946.0
1844,1893.0
1845,1893.0
1846,1893.0
1847,946.0
1848,1893.0
1849,1893.0
1850,1893.0
1851,1893.0
1852,1893.0
1853,1893.0
1854,1893.0
1855,1893.0
1856,1893.0
1857,1893.0
1858,946.0
1859,1893.0
1860,1893.0
1861,1893.0
1862,1893.0
1863,1893.0
1864,1893.0
1865,1893.0
1866,1893.0
1867,1893.0
1868,1893.0
1869,1893.0
1870,1893.0
1871,1893.0
1872,1893.0
1873,1893.0
1874,1893.0
1875,1893.0
1876,1893.0
1877,1893.0
1878,1893.0
1879,1893.0
1880,1893.0
1881,1893.0
1882,946.0
1883,1893.0
1884,1893.0
1885,1893.0
1886,1893.0
1887,1893.0
1888,1893.0
1889,1893.0
1890,1893.0
1891,1893.0
1892,1893.0
