0
1
2
3
4
5
6
7
8
11
15
17
18
20
23
28
35
37
38
47
49
50
52
54
57
59
60
61
64
65
66
70
71
73
74
75
83
87
88
91
93
97
103
104
107
122
130
132
135
137
139
141
144
145
154
155
158
161
171
183
206
210
222
232
234
235
248
249
251
253
259
266
267
269
270
271
279
281
283
299
302
311
313
320
321
331
334
336
339
342
343
346
351
365
376
380
385
402
409
411
419
443
444
446
451
455
457
475
479
489
501
502
518
528
533
544
572
573
574
582
586
593
595
598
601
603
604
611
626
632
634
635
638
640
650
651
657
667
671
696
718
723
730
733
735
741
760
766
773
780
784
785
795
809
810
820
835
839
846
867
877
878
886
887
888
900
902
920
925
935
940
944
946
950
953
960
962
992
1039
1051
1070
1090
1092
1101
1107
1111
1134
1144
1184
1197
1203
1211
1213
1214
1241
1286
1304
1307
1308
1367
1372
1376
1379
1389
1428
1452
1481
1485
1539
1541
1599
1637
1646
1711
1752
1805
1843
1847
1858
1882
