49,6551354.0
4,6431419.0
444,6006477.0
35,5709693.0
336,5631616.0
331,5477563.0
2,5403971.0
343,5288831.0
64,5103747.0
57,5043890.0
76,4807538.0
38,4683291.0
718,4664673.0
6,4586842.0
253,4551922.0
598,4509538.0
269,4293094.0
904,4059118.0
83,3947574.0
154,3941993.0
70,3940779.0
82,3865973.0
124,3800778.0
466,3770755.0
747,3747839.0
20,3603954.0
44,3585700.0
54,3506438.0
1286,3433573.0
104,3427662.0
450,3420536.0
273,3379425.0
144,3363252.0
315,3359780.0
724,3354961.0
324,3332308.0
50,3331253.0
335,3331192.0
391,3270273.0
640,3226563.0
204,3143726.0
573,3141491.0
243,3114453.0
376,3101524.0
236,3082334.0
231,3054276.0
337,3048563.0
446,3033250.0
334,3014504.0
86,3011917.0
183,2995434.0
5,2956991.0
625,2948980.0
201,2944318.0
784,2838417.0
103,2832596.0
265,2805803.0
7,2793692.0
411,2790859.0
635,2783178.0
950,2782329.0
122,2752324.0
227,2715383.0
601,2707797.0
339,2704027.0
346,2701651.0
632,2647891.0
71,2631645.0
107,2613670.0
235,2603826.0
23,2559351.0
142,2541947.0
106,2510992.0
459,2505295.0
87,2504178.0
65,2503623.0
8,2492329.0
1156,2490799.0
630,2477173.0
214,2469412.0
978,2441374.0
456,2437784.0
472,2434202.0
946,2426324.0
462,2413567.0
366,2402422.0
520,2397888.0
289,2387095.0
735,2376253.0
759,2363798.0
1403,2363205.0
380,2351778.0
482,2322299.0
97,2296465.0
671,2288996.0
18,2285031.0
342,2280565.0
1008,2278118.0
515,2271594.0
645,2252369.0
320,2249677.0
535,2245527.0
215,2237988.0
330,2234656.0
585,2227113.0
326,2217923.0
137,2208864.0
329,2205149.0
518,2204134.0
460,2202336.0
62,2197295.0
135,2193388.0
129,2185514.0
864,2181452.0
58,2178868.0
533,2171844.0
42,2166513.0
89,2165129.0
47,2134869.0
232,2134278.0
354,2130949.0
582,2128655.0
99,2112219.0
313,2073411.0
957,2071093.0
358,2056473.0
37,2054745.0
795,2050781.0
572,2047843.0
102,2031235.0
206,2027473.0
132,2027080.0
479,2026912.0
208,2020242.0
363,2012509.0
867,2012487.0
1069,2006427.0
455,1952983.0
306,1947767.0
91,1947567.0
224,1946505.0
177,1946415.0
67,1945334.0
75,1943421.0
43,1942105.0
311,1935143.0
696,1931566.0
133,1930753.0
547,1925619.0
299,1914098.0
318,1907832.0
340,1901964.0
304,1900733.0
556,1898375.0
145,1896153.0
155,1893830.0
262,1890843.0
470,1889032.0
793,1886644.0
321,1876919.0
92,1869282.0
628,1864995.0
203,1861074.0
636,1857484.0
527,1853479.0
17,1851558.0
161,1837515.0
195,1837389.0
473,1835338.0
292,1835185.0
638,1828130.0
783,1826192.0
1001,1821371.0
245,1814381.0
417,1802119.0
813,1798916.0
351,1787799.0
370,1766990.0
631,1748462.0
226,1741587.0
10,1740318.0
279,1728688.0
193,1727075.0
492,1725275.0
1253,1704036.0
467,1700337.0
385,1697316.0
961,1695037.0
27,1693028.0
225,1692890.0
69,1682805.0
174,1679540.0
149,1679327.0
925,1670327.0
465,1669072.0
349,1668617.0
308,1664975.0
519,1662317.0
94,1658989.0
197,1657444.0
40,1654118.0
773,1653964.0
657,1652174.0
761,1638517.0
770,1636789.0
698,1633021.0
79,1626205.0
799,1617082.0
74,1615465.0
196,1610672.0
333,1597689.0
325,1581429.0
650,1580652.0
448,1580145.0
211,1579981.0
267,1579101.0
199,1576315.0
953,1574227.0
772,1569252.0
607,1569174.0
52,1565906.0
461,1565492.0
796,1547851.0
889,1547245.0
316,1546571.0
11,1538899.0
809,1535252.0
575,1525059.0
353,1524503.0
274,1524119.0
81,1521651.0
780,1516773.0
387,1509672.0
240,1502005.0
212,1499173.0
286,1496799.0
917,1485542.0
294,1482164.0
118,1480734.0
644,1468535.0
902,1467586.0
886,1466315.0
651,1464918.0
382,1458703.0
39,1445443.0
756,1433558.0
60,1428612.0
629,1428549.0
241,1428259.0
786,1424589.0
113,1423854.0
53,1406467.0
457,1406068.0
627,1405108.0
534,1398173.0
959,1395761.0
873,1395433.0
532,1393308.0
61,1386640.0
364,1385229.0
1065,1383737.0
609,1375888.0
712,1362271.0
402,1361692.0
574,1355313.0
498,1352975.0
714,1351803.0
347,1337153.0
1213,1335190.0
693,1334384.0
88,1332003.0
419,1322531.0
345,1316303.0
611,1314766.0
166,1313936.0
1231,1311119.0
302,1310999.0
716,1309093.0
674,1301399.0
760,1292145.0
222,1274911.0
309,1273741.0
508,1269873.0
141,1266964.0
301,1265639.0
475,1262762.0
485,1252849.0
51,1246151.0
820,1242252.0
406,1241721.0
943,1241485.0
544,1241206.0
785,1240762.0
1164,1234447.0
608,1233965.0
977,1232677.0
277,1232655.0
972,1232252.0
298,1229516.0
637,1225167.0
136,1209512.0
281,1205647.0
668,1202690.0
1110,1200561.0
958,1188605.0
115,1184678.0
317,1182022.0
1009,1181470.0
41,1178021.0
595,1175120.0
217,1172324.0
420,1171240.0
407,1169212.0
1153,1164862.0
368,1164677.0
101,1159479.0
1030,1158984.0
356,1151743.0
913,1148759.0
0,1135904.0
1279,1132990.0
1112,1130950.0
1104,1130463.0
139,1127891.0
846,1124656.0
443,1124074.0
207,1123760.0
1155,1120395.0
962,1118192.0
580,1116843.0
389,1114747.0
338,1105457.0
105,1104845.0
494,1103933.0
652,1101317.0
643,1098747.0
350,1094522.0
665,1092876.0
817,1088460.0
731,1085369.0
538,1079547.0
452,1075903.0
551,1075306.0
694,1074192.0
589,1074118.0
384,1072946.0
284,1071340.0
15,1070882.0
56,1070642.0
725,1067865.0
171,1067100.0
801,1062511.0
483,1054665.0
779,1054432.0
690,1053858.0
1027,1050268.0
314,1048993.0
1115,1048760.0
1109,1048430.0
1088,1045416.0
249,1041602.0
992,1041119.0
489,1040024.0
36,1039367.0
445,1038968.0
778,1038435.0
290,1038059.0
798,1031816.0
369,1029154.0
546,1028763.0
162,1025513.0
30,1024690.0
769,1011988.0
935,1011316.0
616,1010699.0
1332,1010498.0
840,1009237.0
202,1008497.0
307,1007954.0
453,1005969.0
802,998527.0
436,996543.0
949,995898.0
447,995886.0
323,994141.0
510,990904.0
348,988863.0
1578,988814.0
110,986516.0
1510,983830.0
128,982859.0
1093,982789.0
46,981137.0
586,981094.0
464,977286.0
59,972903.0
361,971451.0
218,970176.0
360,970038.0
1184,963013.0
120,954942.0
666,953354.0
1067,951727.0
266,949256.0
730,948947.0
442,948477.0
449,940917.0
673,940670.0
160,938037.0
480,936443.0
158,936125.0
147,934133.0
923,932647.0
1035,931934.0
328,927180.0
1107,926915.0
658,923212.0
806,922425.0
1263,921276.0
332,921119.0
960,919413.0
393,919205.0
1329,915682.0
1144,914895.0
956,909177.0
1207,908934.0
794,904679.0
1117,904613.0
355,903749.0
808,900809.0
860,896602.0
633,895129.0
1310,894247.0
672,893404.0
428,888401.0
223,885680.0
68,882023.0
1252,881814.0
810,880385.0
920,878066.0
497,877834.0
868,877374.0
414,873805.0
477,870973.0
1014,870693.0
1087,867628.0
787,866440.0
357,864947.0
647,862575.0
797,860606.0
121,859930.0
491,859718.0
344,857377.0
988,856469.0
887,855470.0
984,854374.0
1041,854125.0
762,853814.0
888,844944.0
237,844816.0
717,841593.0
84,840339.0
441,833108.0
305,832673.0
814,831357.0
246,824780.0
1036,824004.0
386,821530.0
381,820951.0
394,820639.0
542,819959.0
620,819399.0
1042,819309.0
1381,819101.0
430,815130.0
741,814455.0
648,812821.0
1208,810965.0
971,809283.0
458,807389.0
966,807118.0
1365,806169.0
1003,804903.0
272,804284.0
906,803965.0
163,802242.0
114,801816.0
247,796570.0
1316,793445.0
463,792402.0
1006,791859.0
805,789925.0
639,789196.0
66,784962.0
812,784627.0
849,784558.0
500,782875.0
539,780917.0
1066,778922.0
907,778573.0
885,773360.0
777,773153.0
891,773114.0
275,770944.0
210,766490.0
48,765009.0
205,763563.0
1372,759953.0
771,759792.0
941,759315.0
1379,756529.0
1892,755395.0
362,752992.0
1089,752974.0
143,752657.0
322,752222.0
1020,752082.0
1360,748133.0
736,748044.0
484,746129.0
31,743145.0
581,741872.0
55,739505.0
587,738514.0
112,737175.0
1165,735778.0
818,734449.0
655,734442.0
1407,731422.0
1011,727942.0
283,725279.0
649,725150.0
505,724854.0
753,723440.0
1276,723314.0
327,722592.0
894,719525.0
579,718682.0
1025,714665.0
1092,711191.0
1368,709425.0
173,707881.0
1038,707084.0
626,701888.0
516,701712.0
90,701510.0
111,700720.0
291,697668.0
341,693934.0
244,691658.0
514,688719.0
1455,688040.0
604,687850.0
979,687073.0
25,685112.0
660,684685.0
28,683005.0
1120,682498.0
919,682109.0
213,680443.0
641,679566.0
788,679484.0
999,679381.0
832,679367.0
126,676687.0
525,675250.0
680,672665.0
754,672177.0
1064,671444.0
1245,669825.0
1078,666716.0
259,666600.0
73,666232.0
1149,664564.0
1086,663564.0
926,663503.0
395,661702.0
150,657819.0
942,657201.0
1102,655777.0
276,654706.0
1007,654346.0
980,654155.0
1004,652070.0
1010,649645.0
502,649408.0
738,648418.0
552,648058.0
691,647579.0
893,647388.0
600,644353.0
153,640380.0
1503,639192.0
1288,637271.0
1118,634546.0
511,631968.0
1366,630297.0
3,629166.0
800,628896.0
1085,626810.0
1289,626702.0
522,626462.0
242,626058.0
403,625784.0
169,618055.0
634,616439.0
875,616160.0
1169,615140.0
1037,615005.0
152,613059.0
451,611859.0
1185,611598.0
119,611217.0
19,609329.0
669,607330.0
116,606954.0
1150,606704.0
715,606284.0
379,605271.0
1101,605066.0
856,602869.0
700,600759.0
1644,598698.0
148,598377.0
989,598014.0
80,597091.0
1016,596770.0
1123,596318.0
1203,596157.0
646,594231.0
865,592694.0
365,592619.0
93,592048.0
268,590271.0
774,588364.0
1116,586269.0
72,585424.0
474,582515.0
481,582214.0
765,581233.0
975,578226.0
1428,578129.0
528,576623.0
429,575663.0
877,575405.0
743,575243.0
1197,572809.0
1478,570700.0
662,567583.0
392,567534.0
1090,566215.0
707,564903.0
209,563501.0
591,561238.0
45,559898.0
287,559618.0
186,558731.0
831,556457.0
418,555302.0
490,554095.0
352,553750.0
1313,552791.0
851,552556.0
590,549627.0
656,549624.0
216,549378.0
967,546219.0
109,545112.0
131,543637.0
734,542653.0
908,541612.0
602,541565.0
822,539874.0
952,538868.0
900,536550.0
130,535239.0
732,534596.0
540,530952.0
804,530067.0
501,526008.0
312,523565.0
100,521057.0
1461,520937.0
255,520836.0
1367,519051.0
848,517710.0
963,514559.0
1147,514018.0
824,513934.0
127,510741.0
478,510632.0
496,509711.0
1256,508922.0
1176,508860.0
425,506712.0
1593,505468.0
1353,503695.0
248,503404.0
729,502874.0
1152,502054.0
755,500931.0
14,497588.0
1469,496412.0
839,494309.0
1214,494138.0
108,494103.0
987,493701.0
1021,490712.0
12,489832.0
1077,488408.0
1364,488082.0
297,487020.0
703,485769.0
823,484293.0
622,484127.0
168,483143.0
1244,479008.0
1294,477829.0
890,475512.0
965,474731.0
550,474058.0
270,472727.0
180,472298.0
404,472215.0
1444,470942.0
191,470627.0
77,470219.0
944,468839.0
22,467291.0
766,466925.0
713,465178.0
252,464327.0
288,464327.0
1105,463732.0
454,463338.0
623,462337.0
1387,462115.0
78,461869.0
1443,458459.0
415,456872.0
1384,455266.0
1159,455187.0
167,454480.0
85,453871.0
1348,453818.0
486,453478.0
1081,451506.0
234,451234.0
562,449738.0
899,448157.0
746,447785.0
172,447583.0
1084,446316.0
897,446219.0
1518,445703.0
624,445419.0
134,444221.0
1191,444021.0
970,442585.0
940,442434.0
1230,441817.0
541,439638.0
123,439139.0
1508,438552.0
1323,437439.0
667,436942.0
895,436506.0
175,435603.0
776,435289.0
1106,435158.0
271,434319.0
412,432500.0
782,432052.0
1234,429909.0
1670,428815.0
1278,427549.0
1334,427088.0
744,425704.0
1373,425105.0
437,421103.0
1458,420948.0
513,420388.0
319,420378.0
1545,419787.0
507,419509.0
577,416707.0
855,415936.0
612,415500.0
763,415234.0
499,412476.0
1299,411577.0
1438,411241.0
790,410876.0
230,409762.0
176,409266.0
1398,407756.0
910,405158.0
1526,404439.0
439,403399.0
372,401889.0
896,400824.0
1362,399375.0
293,399361.0
423,397409.0
1474,397252.0
692,396778.0
721,395396.0
1045,393951.0
1507,393853.0
1083,392476.0
708,392336.0
401,390997.0
1529,390530.0
1211,390304.0
1396,390129.0
1399,390090.0
506,387590.0
1280,387310.0
440,387298.0
833,387005.0
63,385445.0
837,384398.0
410,383045.0
615,383002.0
781,382267.0
1111,380765.0
1146,380640.0
1306,380426.0
835,380358.0
695,379134.0
303,378963.0
1000,378445.0
653,376075.0
1226,374827.0
909,374802.0
905,374245.0
200,373915.0
1312,372215.0
371,371696.0
367,371336.0
702,370871.0
95,370334.0
1091,368840.0
416,368675.0
1246,367923.0
1304,366785.0
471,366667.0
1100,365834.0
1427,364953.0
1182,364682.0
563,364444.0
405,363176.0
557,362412.0
296,361838.0
495,361534.0
1471,361174.0
1,360377.0
254,359362.0
687,358915.0
375,358632.0
1113,357799.0
677,357067.0
1259,356942.0
1752,356217.0
1098,355575.0
758,352874.0
951,351140.0
745,350920.0
1124,350312.0
1229,350043.0
1273,348507.0
1402,348192.0
487,347600.0
117,344722.0
1291,344594.0
930,344210.0
399,343783.0
1023,343498.0
661,343323.0
915,343020.0
723,342365.0
1317,342283.0
1281,342075.0
374,341716.0
164,340924.0
854,340811.0
1441,340690.0
1181,340264.0
1369,339974.0
1481,339921.0
378,339278.0
159,339213.0
1533,338593.0
1028,337328.0
1516,337231.0
1397,335189.0
424,334796.0
295,332205.0
983,331517.0
720,331514.0
377,330196.0
986,329499.0
1040,326972.0
468,326381.0
1193,325807.0
819,325492.0
664,324957.0
1097,323648.0
618,323590.0
1082,321062.0
559,320038.0
280,319862.0
828,319810.0
1232,317893.0
1694,317149.0
593,316585.0
1322,315472.0
157,314598.0
140,314492.0
1377,314041.0
9,313882.0
642,313230.0
125,310703.0
981,310681.0
1271,310574.0
1346,309725.0
1363,309496.0
1596,308805.0
426,308597.0
1247,308190.0
396,308148.0
883,307978.0
976,307972.0
493,306357.0
1076,303961.0
469,303458.0
821,302904.0
1371,301874.0
408,301802.0
1052,301411.0
1178,300736.0
1277,300155.0
185,299891.0
1161,299366.0
409,298445.0
751,298041.0
1114,297569.0
1122,297275.0
138,297045.0
1209,296581.0
1352,295929.0
654,294152.0
871,293653.0
1620,293332.0
1460,293154.0
1590,292501.0
359,292262.0
388,292082.0
757,290857.0
1189,290760.0
434,290390.0
1303,289647.0
663,289039.0
676,288940.0
1051,288807.0
1154,288337.0
892,288185.0
1292,287697.0
435,287456.0
531,286331.0
1103,285634.0
257,285164.0
400,284314.0
1173,282783.0
390,280582.0
1095,280488.0
1096,280488.0
1233,280122.0
1049,280045.0
719,278343.0
1254,277963.0
679,276802.0
682,276802.0
221,276685.0
530,275960.0
710,274004.0
916,273949.0
737,273489.0
548,271952.0
807,271923.0
748,271803.0
768,270980.0
1080,270900.0
1019,270564.0
523,268821.0
29,268452.0
1486,267301.0
1311,267198.0
1390,265413.0
1177,264708.0
1127,263347.0
1070,262685.0
184,262565.0
24,259745.0
1151,258641.0
278,258492.0
1047,258375.0
876,258272.0
1594,258023.0
165,257856.0
901,257628.0
1131,257421.0
1160,255863.0
156,254550.0
1472,254026.0
1196,253733.0
383,253482.0
504,253217.0
1408,251773.0
1094,250992.0
1017,249719.0
937,248958.0
1269,248897.0
96,247785.0
1071,247783.0
1468,247674.0
1534,247428.0
260,247124.0
521,245438.0
870,245109.0
1079,244973.0
1321,244002.0
258,243627.0
982,242937.0
1125,241815.0
1327,241629.0
427,240569.0
584,239683.0
964,239078.0
594,239054.0
1584,238625.0
1658,237672.0
1167,237538.0
1204,237120.0
1667,236290.0
1201,235606.0
263,235592.0
1439,235471.0
239,234721.0
1410,234184.0
1430,233788.0
1258,233344.0
969,233260.0
775,232963.0
26,232420.0
605,232353.0
1295,231984.0
1138,230986.0
300,230682.0
1015,228406.0
1650,228163.0
1274,227446.0
1128,225310.0
791,225169.0
526,225026.0
599,224675.0
1552,223580.0
1301,223556.0
1135,223356.0
537,223284.0
1126,223117.0
1652,222242.0
1661,221787.0
1463,221287.0
1266,220864.0
413,220730.0
861,220491.0
825,219433.0
994,219350.0
921,218638.0
1257,218503.0
1314,217349.0
948,215904.0
991,215324.0
1157,214965.0
238,214179.0
1315,213504.0
1186,213166.0
689,213115.0
1343,212647.0
841,212455.0
1143,212333.0
985,211904.0
1129,211844.0
1540,211380.0
1133,211328.0
1423,210718.0
1282,210157.0
1326,210137.0
836,209924.0
1453,209634.0
431,209623.0
220,209316.0
1473,206785.0
857,206589.0
739,206552.0
1026,206274.0
1235,205898.0
1068,205493.0
1483,204869.0
1318,202730.0
614,202571.0
1148,202449.0
1485,202111.0
1618,201935.0
1487,201688.0
503,201362.0
1424,200086.0
1592,199995.0
1551,199469.0
1243,199398.0
476,199316.0
1205,199130.0
588,199011.0
1255,198006.0
1240,197122.0
1641,196712.0
1411,196060.0
1307,195016.0
1060,194822.0
1099,194483.0
592,193104.0
1033,192806.0
1142,191979.0
1361,191886.0
1629,191790.0
1296,191575.0
1163,191142.0
1452,190675.0
931,189880.0
1298,189547.0
1002,188918.0
659,188735.0
1237,188733.0
558,187688.0
181,187186.0
170,186415.0
733,186203.0
1053,186066.0
1345,185189.0
398,184526.0
1172,184317.0
1320,183799.0
1200,183409.0
704,183105.0
1515,183056.0
852,182516.0
874,182030.0
1293,182002.0
681,181238.0
1521,181112.0
1145,179857.0
194,179650.0
911,178494.0
749,178339.0
993,178256.0
432,178184.0
179,177215.0
1170,176996.0
767,176874.0
1134,174705.0
1108,174477.0
1119,174477.0
1121,174477.0
1130,174477.0
1132,174477.0
1136,174477.0
1137,174477.0
1139,174477.0
1140,174477.0
1141,174477.0
251,174434.0
256,174192.0
261,174192.0
264,174192.0
282,174192.0
285,174192.0
310,174192.0
373,174192.0
397,174192.0
421,174192.0
422,174192.0
433,174192.0
1335,173196.0
675,173143.0
1272,172606.0
711,172372.0
1636,172358.0
1287,171910.0
705,171450.0
1440,171040.0
1490,170707.0
1431,170648.0
872,170440.0
1614,168880.0
621,168355.0
858,168156.0
1497,167460.0
1517,166071.0
752,165922.0
565,165867.0
1513,165460.0
1339,163166.0
1210,163100.0
1333,162515.0
764,162398.0
927,162134.0
863,161783.0
882,161777.0
1484,161301.0
1395,161069.0
576,160623.0
617,160604.0
619,160604.0
670,160604.0
678,160604.0
683,160604.0
684,160604.0
685,160604.0
686,160604.0
1216,159695.0
954,159335.0
1559,159330.0
583,158929.0
1034,158320.0
816,157949.0
1482,155591.0
1488,155591.0
1489,155591.0
1491,155591.0
1492,155591.0
1493,155591.0
1494,155591.0
1495,155591.0
1496,155591.0
1498,155591.0
1499,155591.0
1500,155591.0
1501,155591.0
1502,155591.0
750,154986.0
726,154835.0
554,153571.0
1029,153370.0
1703,153088.0
1418,152600.0
834,152275.0
815,151457.0
1646,151313.0
151,150999.0
742,150047.0
1005,149784.0
545,149391.0
1319,149048.0
1719,148506.0
1420,147104.0
845,146889.0
1740,146372.0
1417,146006.0
1022,145323.0
1050,145002.0
1527,144668.0
1509,144071.0
1297,143803.0
1187,143037.0
803,142830.0
1351,142786.0
1662,142509.0
1415,142325.0
1048,142220.0
1616,142147.0
1309,141611.0
728,141552.0
1222,140933.0
1446,140813.0
1166,140478.0
1663,138935.0
1854,138502.0
990,136959.0
1767,136556.0
1560,135536.0
1602,135199.0
1664,134882.0
740,134544.0
789,134544.0
792,134544.0
933,134512.0
1324,134405.0
1325,134405.0
189,134169.0
1535,133573.0
1480,132790.0
1690,132698.0
198,132448.0
1467,132324.0
1701,131863.0
146,131860.0
811,131084.0
1840,130702.0
34,130677.0
98,130677.0
178,130677.0
182,130677.0
187,130677.0
188,130677.0
190,130677.0
918,130621.0
1374,130554.0
1716,129800.0
509,129304.0
1389,129258.0
1619,128931.0
1657,128293.0
1470,127899.0
1018,127735.0
1548,126674.0
1640,125987.0
567,125944.0
1631,125676.0
1532,125001.0
1465,124843.0
1404,124164.0
826,123873.0
827,123873.0
829,123873.0
830,123873.0
838,123873.0
842,123873.0
843,123873.0
844,123873.0
847,123873.0
850,123873.0
853,123873.0
859,123873.0
1386,122504.0
973,122401.0
1867,122374.0
1250,122372.0
1251,122372.0
1260,122372.0
1261,122372.0
1262,122372.0
1617,121705.0
1436,121493.0
543,121250.0
1544,118575.0
1798,118253.0
701,117909.0
903,117855.0
1414,117700.0
1871,117559.0
709,116700.0
974,116198.0
995,116198.0
996,116198.0
997,116198.0
998,116198.0
1074,113968.0
1370,113371.0
560,113366.0
1268,113366.0
488,113264.0
603,113134.0
219,112331.0
1586,111906.0
866,111297.0
1654,110972.0
1655,110972.0
1656,110972.0
1659,110972.0
1660,110972.0
1059,110582.0
1406,110226.0
1581,110140.0
233,110020.0
517,109550.0
1637,109524.0
1476,109030.0
1194,108182.0
1340,106201.0
228,105977.0
1691,104731.0
1457,103311.0
1054,103095.0
1475,102876.0
529,101841.0
884,100205.0
688,99736.0
1814,99369.0
1597,99126.0
1642,98608.0
934,98016.0
1308,97890.0
536,97566.0
1727,97498.0
912,97409.0
1158,96709.0
1541,96622.0
1520,96483.0
1775,96464.0
1347,94658.0
1267,94365.0
1383,93873.0
1464,93679.0
1836,93515.0
1708,91409.0
1342,91159.0
1580,90717.0
1223,90625.0
1224,90625.0
1225,90625.0
1227,90625.0
1228,90625.0
1236,90625.0
1419,90595.0
1421,90595.0
1422,90595.0
1063,90140.0
1522,89807.0
1607,89602.0
597,89501.0
1796,88805.0
947,88585.0
1795,88582.0
1797,88582.0
1302,88436.0
1024,88393.0
1803,87853.0
1805,87843.0
1605,87638.0
1575,87012.0
1733,86425.0
1405,86005.0
699,85736.0
1838,85694.0
1012,84188.0
1876,84164.0
1877,84164.0
1388,83682.0
1643,82944.0
1645,82944.0
1574,82468.0
1547,82400.0
596,82232.0
1579,81721.0
1168,81638.0
1378,81396.0
568,81176.0
1591,80501.0
1744,80366.0
1437,80310.0
1776,80230.0
1777,80230.0
1530,79365.0
1715,77851.0
1290,77342.0
1270,75881.0
1341,75757.0
1195,75685.0
1746,75664.0
1454,75496.0
1780,74652.0
1031,74609.0
1061,74454.0
1824,74187.0
722,73969.0
1425,73964.0
1426,73964.0
1429,73964.0
1432,73964.0
1433,73964.0
1434,73964.0
1848,73770.0
1754,73653.0
1283,73237.0
1376,73028.0
610,72641.0
1595,72014.0
1613,71909.0
1787,71492.0
1558,71481.0
1702,71233.0
524,70593.0
1537,70321.0
1808,69992.0
1561,69758.0
512,69435.0
549,69435.0
553,69435.0
555,69435.0
561,69435.0
564,69435.0
566,69435.0
1190,68554.0
1479,68474.0
898,68246.0
1265,68210.0
1171,67597.0
1843,67504.0
1599,67467.0
1762,67378.0
1394,67006.0
1844,66377.0
1845,66377.0
1846,66377.0
1689,66345.0
1013,65913.0
1786,65560.0
1860,65111.0
1741,64179.0
1450,62974.0
1073,62961.0
1055,62764.0
1057,62590.0
1350,62159.0
1056,62058.0
1058,62058.0
1783,61960.0
1638,61865.0
1639,61865.0
697,61400.0
706,61400.0
727,61400.0
869,60881.0
1188,60677.0
1192,60677.0
1198,60677.0
1199,60677.0
1202,60677.0
1206,60677.0
1562,59956.0
1162,59948.0
229,59893.0
1354,59741.0
924,59709.0
1633,59663.0
1634,59663.0
1275,59332.0
922,59319.0
955,59086.0
968,59086.0
1635,57908.0
1868,57263.0
1869,57263.0
250,56816.0
1555,56509.0
1556,56509.0
1557,56509.0
1563,56509.0
1564,56509.0
1565,56509.0
1566,56509.0
1567,56509.0
1568,56509.0
1569,56509.0
1570,56509.0
1571,56509.0
1572,56509.0
1573,56509.0
1651,56448.0
1451,56061.0
1673,56019.0
1606,55649.0
1678,55254.0
1375,55039.0
1412,54613.0
1328,54546.0
1672,53521.0
1687,53489.0
1445,53444.0
1756,53088.0
1349,52191.0
1355,52191.0
1356,52191.0
1357,52191.0
1358,52191.0
1621,51815.0
1801,50758.0
878,50703.0
862,50626.0
879,50626.0
880,50626.0
881,50626.0
1413,50496.0
1588,50411.0
1401,50212.0
1825,50074.0
1881,49921.0
1758,49858.0
1759,49858.0
1180,49728.0
1693,49394.0
1583,49356.0
1072,49285.0
1853,48799.0
1603,48640.0
1722,48442.0
1248,48200.0
1330,48045.0
1512,47819.0
1748,47683.0
1331,47142.0
1542,47117.0
1543,47117.0
1519,47089.0
1847,46946.0
1675,46851.0
1249,46664.0
1531,46637.0
1582,46594.0
1841,46538.0
1175,44738.0
1462,43933.0
1724,43832.0
1183,43791.0
914,43655.0
928,43655.0
929,43655.0
932,43655.0
1671,43079.0
1239,42891.0
1393,42785.0
1648,42378.0
1674,41857.0
1577,41436.0
1538,41393.0
1400,41351.0
1416,41036.0
571,40993.0
1747,40243.0
1075,39807.0
1737,39620.0
1849,39388.0
1598,39295.0
1799,39261.0
1624,39036.0
1794,38670.0
1046,38524.0
1831,38429.0
1653,38283.0
1761,38159.0
1409,37367.0
1338,37317.0
1874,37252.0
1788,37048.0
578,36557.0
1704,36339.0
1782,36261.0
1800,36187.0
1710,35704.0
1778,35359.0
1677,34243.0
1728,34076.0
1039,33803.0
1718,33231.0
1514,32905.0
1700,32864.0
1456,32767.0
1705,32751.0
1706,32751.0
1738,32531.0
1525,32377.0
1576,31678.0
1477,31378.0
1523,31281.0
1810,31268.0
1834,30992.0
1043,30724.0
1630,30467.0
1771,30242.0
1300,30115.0
1218,30045.0
1219,30045.0
1220,30045.0
1221,30045.0
1305,29999.0
1723,29779.0
1528,29670.0
1179,29542.0
936,29518.0
1861,29015.0
1862,29015.0
1863,29015.0
1806,28680.0
1447,28650.0
1241,28645.0
1264,28518.0
1539,28470.0
1731,28392.0
1732,28201.0
1789,28131.0
1790,28131.0
1791,28131.0
1792,28131.0
1793,28131.0
1785,27775.0
1745,27205.0
1337,26803.0
1380,26448.0
1611,26358.0
1890,26208.0
1696,25885.0
1697,25885.0
1870,25729.0
1807,25624.0
1466,25622.0
1685,25324.0
1784,25250.0
1682,25238.0
1765,24940.0
1742,24764.0
1699,24664.0
1872,24611.0
1879,24551.0
1587,24492.0
1781,24397.0
1698,24339.0
1608,24336.0
1680,24221.0
1681,24221.0
1683,24221.0
1684,24221.0
1459,23946.0
1757,23910.0
13,23812.0
16,23812.0
21,23812.0
32,23812.0
33,23812.0
1842,23672.0
1549,23430.0
1585,23158.0
1632,23063.0
1772,23016.0
1773,23016.0
1284,22693.0
1285,22693.0
1524,22516.0
1857,22367.0
1763,22193.0
1709,22027.0
1669,21249.0
1878,21180.0
1442,21044.0
1768,20992.0
1604,20480.0
1391,20140.0
1546,19933.0
1735,19467.0
1385,19260.0
1755,19219.0
945,19196.0
1695,19196.0
1504,19140.0
1505,19140.0
1769,18926.0
1610,18374.0
1600,18325.0
1174,18048.0
1802,18038.0
1668,17933.0
1336,17605.0
1873,17572.0
1688,17475.0
1891,17422.0
1823,17391.0
1536,17365.0
1062,16821.0
1649,16422.0
1760,16361.0
1506,16164.0
1851,16159.0
606,16132.0
1359,15703.0
1865,15639.0
1835,15203.0
1550,15124.0
1819,15072.0
1820,15072.0
1764,14829.0
1850,14788.0
1852,14252.0
1822,14159.0
1855,14150.0
1435,14047.0
1713,13567.0
1666,13516.0
938,13340.0
939,13340.0
1609,13301.0
1837,13204.0
1711,12711.0
1839,12688.0
1739,12371.0
1816,11867.0
1817,11867.0
1589,11741.0
1734,11657.0
1736,11657.0
1238,11590.0
1717,11588.0
613,11519.0
1770,11461.0
1382,11440.0
1553,11394.0
1554,11394.0
1615,11342.0
1665,11242.0
1714,10814.0
1720,10773.0
1749,10334.0
1750,10334.0
1884,10293.0
1809,10255.0
1712,10155.0
1215,9659.0
1813,9540.0
1753,9371.0
1392,9211.0
1774,8916.0
1344,8792.0
1686,8190.0
1826,7810.0
1827,7810.0
1828,7810.0
1829,7810.0
1830,7810.0
1217,7751.0
1729,7638.0
1832,7610.0
1448,7550.0
1449,7550.0
1212,7509.0
1601,7392.0
1811,7226.0
569,7219.0
1692,7167.0
1888,7068.0
1612,7032.0
1743,7019.0
1766,6979.0
1885,6868.0
1721,6724.0
1622,6269.0
1623,6269.0
1625,6269.0
1626,6269.0
1627,6269.0
1628,6269.0
1725,6061.0
570,6044.0
1818,5953.0
1726,5903.0
1730,5803.0
1647,5405.0
1676,5295.0
1880,4956.0
192,4441.0
1889,4347.0
1032,4025.0
1044,3847.0
1812,3096.0
1679,2822.0
1866,2685.0
1751,2604.0
1858,2435.0
1707,2429.0
1815,2264.0
1821,2195.0
1833,2130.0
1779,2073.0
1856,1939.0
1887,1739.0
1804,1498.0
438,1366.0
1886,1149.0
1882,1118.0
1511,1063.0
1875,1017.0
1242,831.0
1864,731.0
1859,124.0
1883,77.0
