237,0.0112251336934
265,0.0145611049969
845,0.01761992226
393,0.020206605707
28,0.0216736903341
1016,0.0220885093174
39,0.0223044536638
19,0.0226906030581
279,0.0229983377816
888,0.0233220826777
981,0.0234102659095
971,0.0241246900663
381,0.024131141948
51,0.0243010316459
442,0.024403143013
1140,0.0244882500443
33,0.0245691073989
1139,0.0245889208006
826,0.0248418151502
276,0.0249251434157
226,0.0262690998563
890,0.0265240533703
89,0.0274469495561
147,0.0279050455108
234,0.0280633623087
11,0.0281327395195
12,0.0282116737803
372,0.0289757864601
913,0.0293911556563
107,0.0295197386864
887,0.0301536818769
157,0.0307568237386
326,0.031018673698
217,0.0314132918216
702,0.0317115693405
6,0.031731495455
58,0.0318604795776
595,0.031943496849
224,0.0321725950363
31,0.0324105218667
446,0.0324209653155
379,0.032442534409
716,0.0325235036532
117,0.0329532795819
466,0.0332915778802
963,0.0338222590488
201,0.0342055490102
976,0.0343793066523
246,0.0344365803158
292,0.0346856377109
439,0.0349071076115
640,0.0350417354342
692,0.0351339826417
419,0.035246619494
453,0.0357651894418
398,0.0358675448272
220,0.0361619555451
45,0.0362778736763
403,0.0363372619476
597,0.036656071288
56,0.0368794853038
558,0.0369493095437
522,0.0370067607067
1030,0.0370187544588
833,0.0370389109939
416,0.0372015098861
259,0.0372481679528
904,0.0373350759774
388,0.0374274520244
710,0.0379291208182
285,0.0383941015259
70,0.0384893290035
156,0.0385997283096
840,0.03863197228
606,0.038716360087
529,0.0388079826153
34,0.0388118052275
228,0.0389433242318
436,0.0390743369
5,0.0392901529188
71,0.0395648028286
828,0.0404685378592
325,0.0405988041637
666,0.0410733106712
421,0.0411442107173
1271,0.0412817761891
940,0.0417079369208
620,0.042009956446
1112,0.0420716888012
151,0.0422036834172
238,0.0423246294636
371,0.0424638732353
356,0.0425332082924
374,0.042596684286
535,0.0426417696346
418,0.0426890980434
456,0.0431460124816
154,0.0431617804323
150,0.0434464755159
355,0.0435146624009
213,0.0436100783648
461,0.0437838457695
1008,0.0441467506871
1040,0.0442760625364
1235,0.0444299674763
1045,0.0444851654166
87,0.0447790698784
225,0.0448582060978
513,0.0448891426105
680,0.0454888549078
329,0.0455771085288
783,0.0457064740665
377,0.0457521901485
105,0.0459777635051
173,0.0461366363693
323,0.0462614965003
65,0.0462704046506
277,0.046324574724
825,0.0464407488377
774,0.0464624165289
1089,0.0464905446648
40,0.0468010699282
158,0.0468742446534
949,0.0470282272318
1006,0.0473291451761
1085,0.0474461223096
153,0.0474770025144
73,0.0476382150203
24,0.0485827463206
218,0.0485892771518
609,0.0486480466164
462,0.0487793716608
397,0.0489322578203
227,0.0489739654965
1328,0.0493077904537
613,0.0499420962692
189,0.0502779949966
587,0.0503155902634
149,0.0509843458518
652,0.0512317792434
664,0.0518619697343
46,0.0522170961641
37,0.0522319286629
62,0.0523047376923
328,0.0523694490277
170,0.0523815329611
331,0.0525478804631
80,0.0526386488958
882,0.0527681463427
161,0.0528607605625
1186,0.0529917281607
49,0.0530782387499
390,0.0532074518177
263,0.0533151343034
100,0.0534337676955
970,0.0534529125735
16,0.0540200360765
36,0.0540300980804
1071,0.0541866934461
526,0.0543109406161
497,0.0543374870771
1105,0.0546580800397
1011,0.0549674857514
1072,0.0553338244579
926,0.0556370333741
607,0.0558220562908
1618,0.0558384969215
2,0.0558714824358
14,0.0559630052297
910,0.0559733747622
1179,0.0561250867036
1083,0.0561285292883
1001,0.0562059793466
97,0.0562224813723
74,0.0563254428118
532,0.0567259158525
651,0.0568565237629
35,0.0580099233738
874,0.0582316517072
29,0.0583126679588
757,0.0583203829145
863,0.0585286233675
780,0.0589973433296
242,0.0592786842203
53,0.0593201596718
539,0.0594177241121
801,0.0596386809316
810,0.0598598252174
460,0.060206276955
69,0.0604387747385
470,0.0604437447018
507,0.0605027318052
527,0.0605335460256
1741,0.0608380476617
1113,0.0608437875118
1144,0.0608990595954
463,0.0609038749406
517,0.0609044338912
985,0.0610963469616
395,0.0611066591687
1103,0.061132318728
528,0.061209960985
152,0.0613084856806
286,0.0616441988475
21,0.0616593486398
1026,0.0617014158949
42,0.0617312769309
594,0.0620002914806
1012,0.062135625128
94,0.0622185825361
519,0.0623518475529
677,0.062394933263
293,0.0624840201541
658,0.0625012960078
364,0.0625529922474
1130,0.0625990228869
214,0.0628935866204
467,0.0629489092304
1064,0.0634021427389
1086,0.0639037480693
674,0.0639419477948
1178,0.064258796623
221,0.064343812897
509,0.0645046927866
775,0.0650186001499
282,0.0650239989131
98,0.0651166985999
160,0.0651802785288
686,0.0652390168912
1092,0.0653753864734
50,0.0653960177543
676,0.0654237358559
1062,0.0656834598597
927,0.0659570928355
108,0.0659616060879
1338,0.066025504312
1892,0.0660635820212
1024,0.0661705017769
330,0.0662267278052
66,0.0665114240551
86,0.0667748316475
990,0.0668469795336
879,0.0668944589171
264,0.066906524648
697,0.0673425527068
389,0.0678883062392
755,0.067972245576
605,0.0680268712041
523,0.0684777980237
1223,0.068535721998
162,0.0688038530294
169,0.0691039296222
1000,0.0692703895084
219,0.0697753013787
341,0.069846475509
1287,0.0699270634555
608,0.0700484809312
261,0.0701639286171
1059,0.0703607569849
541,0.0703666842032
291,0.0705618943594
164,0.0707556377049
869,0.0712313047525
233,0.0712695953773
1334,0.0720197389363
1342,0.0726196920559
1220,0.0727187260719
68,0.0729262337206
1150,0.0729857609734
280,0.0732027659893
999,0.0733629166585
932,0.0736668646996
1118,0.0739269238313
1633,0.0740128185914
239,0.0740499948063
614,0.0741010531453
112,0.0744806965345
617,0.074753753635
1023,0.0748044972065
931,0.0749084887126
908,0.075088398153
1279,0.0750969892954
806,0.0751032802281
360,0.0751717203837
515,0.0753338863767
979,0.0753373836539
713,0.0754460505613
55,0.0755743418008
929,0.0759181272404
536,0.0759674266235
616,0.0759985486583
554,0.0760299488377
1344,0.0762157282966
1109,0.0764341225313
278,0.0768651103597
1145,0.0770503149123
641,0.0776177053708
1466,0.0780189332507
1007,0.0780841681848
720,0.0780922608203
915,0.078360170936
721,0.0785289849907
986,0.0785408215676
334,0.0785983124131
426,0.0787711325884
60,0.0791227080494
375,0.0792157883571
647,0.0795035321742
1188,0.0795929162796
400,0.0797776331316
1354,0.0799249902621
222,0.0802248627198
1414,0.0802532563765
781,0.0804709315413
568,0.080649243122
57,0.080669241454
685,0.0807168811327
1281,0.081047374371
834,0.0814403666196
642,0.0815919016323
298,0.0817366527876
271,0.0818710804623
404,0.0819262790212
699,0.0820054093229
544,0.0820348795569
956,0.0821246507598
688,0.0821981724228
441,0.082352345024
1224,0.0825155917666
1226,0.0826591086998
44,0.0826800447874
1014,0.0828724500595
1426,0.0831257893111
906,0.0832056237733
1123,0.0832518254158
934,0.0833431823341
399,0.0835276022949
1449,0.0837430222517
799,0.0837644818474
203,0.0839137079985
302,0.0845933849073
26,0.0846175316283
703,0.0847983612954
336,0.0850448538192
241,0.0850650258648
961,0.0850777931154
649,0.0851594389737
482,0.085206451805
615,0.0852175016977
911,0.0856356854826
804,0.086036844021
939,0.0863124257349
43,0.0863621103831
829,0.0863705308956
805,0.0864182175373
417,0.086680508202
672,0.086844489376
516,0.0870607151096
938,0.0871990081323
663,0.0873320177544
231,0.0883110389085
287,0.0886511977539
102,0.0887918029061
362,0.0892309393031
669,0.0896238385598
159,0.0897888243769
444,0.0899364949849
969,0.0900094415782
1009,0.0901284621653
917,0.090787204532
352,0.0909916267982
22,0.091309720223
935,0.0913412214436
1399,0.0913822558562
786,0.0914073510419
1438,0.0914854391529
596,0.0915124512281
725,0.0915798259452
561,0.0917408434233
13,0.0921163068665
693,0.0926204473531
81,0.0927211266939
1027,0.093862547253
510,0.0941751340608
84,0.0945595161723
77,0.0948204018013
537,0.0950599176116
30,0.0954690000503
357,0.0957771489228
449,0.0957793650827
982,0.0959218206856
296,0.0961103136669
502,0.0961717427336
126,0.0966379784478
163,0.0971062335392
504,0.0972631032805
838,0.0978759085409
1038,0.0982162636552
1087,0.0984786400736
23,0.0985749029935
215,0.0987716393546
723,0.0987752265209
534,0.0987969227476
1154,0.0991618299041
254,0.0995859410758
895,0.0996738997836
1350,0.100061670081
445,0.100109705469
1293,0.100290410766
376,0.100378977438
1347,0.100664741888
691,0.100753268395
232,0.100849509701
1153,0.100881695323
689,0.101017968938
48,0.101282205685
99,0.101304479601
695,0.101374721302
711,0.101676456416
921,0.102132325767
198,0.102261560083
1079,0.102319370304
1061,0.102471273285
104,0.102506211539
1277,0.103097887923
288,0.103175905447
359,0.103525705182
767,0.103717092464
432,0.103759507484
847,0.103903457829
391,0.10398630077
1133,0.104189748065
508,0.104321369017
604,0.104406631293
1075,0.104477747018
704,0.104802749403
809,0.104812488819
406,0.105074567318
1174,0.105382646883
896,0.105410127493
27,0.105475090866
106,0.105483729599
0,0.105548233262
1524,0.105981256291
844,0.106393891924
950,0.106786517615
216,0.10715006686
72,0.107228618435
832,0.107255226481
202,0.10736330491
698,0.107742508229
1370,0.107890591579
1065,0.107940374286
925,0.108023448155
530,0.108035374058
1084,0.108081897547
121,0.108165715351
598,0.108365626093
1383,0.108403581056
493,0.108596931077
841,0.108730329721
41,0.108772902182
1141,0.108993360315
1114,0.109041140153
967,0.109302842486
1074,0.109416960004
197,0.109467543688
464,0.109881465627
808,0.110049631458
589,0.110154040917
662,0.110198601318
1094,0.110317138169
1781,0.11070319518
20,0.111213889011
865,0.111411662081
842,0.111416910546
972,0.11151655518
514,0.11185233316
248,0.111884139162
113,0.112022346344
1018,0.112162165348
1323,0.112373499339
353,0.112383726647
715,0.112668003905
1129,0.113158737388
59,0.113673130588
1104,0.113731369518
909,0.113827533515
712,0.113985831939
122,0.114024468481
177,0.114056318195
165,0.114161720965
1309,0.114262956381
85,0.114268401888
1106,0.114778178345
1786,0.114867419743
1055,0.115081416522
1343,0.115683461898
405,0.115779919088
648,0.115901661363
1669,0.115929297297
984,0.116223440184
1143,0.116780006901
181,0.11696499107
1340,0.117154602485
1010,0.117469371472
758,0.117650304959
506,0.117684532747
471,0.117687259133
1004,0.117741250952
373,0.1178485964
93,0.117929555879
420,0.117944639792
1080,0.118054485032
930,0.118381308346
1137,0.118620616002
601,0.119270398347
843,0.119297750649
922,0.120138098691
1169,0.120308806451
78,0.120318485652
1070,0.120497426016
653,0.120543038227
678,0.120728957117
1310,0.12076471094
1510,0.121394002516
428,0.121502398503
262,0.122245102065
1230,0.122521457007
96,0.123044575997
1536,0.123070257047
867,0.123132907908
1052,0.12424131545
933,0.124384713691
1687,0.124547734243
186,0.12454886703
1311,0.124692266433
54,0.124774306603
1300,0.125465916975
705,0.12591439792
1096,0.126465782656
1158,0.127427576971
991,0.127655433717
457,0.127997178197
726,0.128382584332
455,0.128677340897
547,0.128774237184
1345,0.129536067813
1299,0.129609148169
385,0.129638007898
294,0.129693582439
236,0.130138174386
839,0.130243115902
290,0.130258557597
1032,0.130537257931
342,0.130777001308
459,0.131425330621
973,0.131573945625
992,0.131681757638
525,0.132455673227
916,0.132565607398
1151,0.132573251202
983,0.133326655258
358,0.133992130345
1450,0.13406396133
1121,0.134172145431
1076,0.134853459004
635,0.134882804211
1678,0.135542385956
602,0.135712850321
1408,0.135903208014
1341,0.135908352115
91,0.136090894361
131,0.136472558242
918,0.136540579931
684,0.136569015565
498,0.136634292259
386,0.136857931111
800,0.136932965097
846,0.137107650828
82,0.137690054139
1093,0.137710516676
1170,0.137958051976
835,0.138068998834
32,0.138198061174
543,0.13825529089
8,0.138286805698
184,0.138288529952
1462,0.138360412871
854,0.138391544589
1042,0.138864647299
1069,0.139149838647
319,0.139652566486
79,0.139675846943
1125,0.139959087702
701,0.140096371641
257,0.140110225029
683,0.140490852869
803,0.141020616499
900,0.141929875197
560,0.141957552187
1335,0.142005885064
1418,0.14203939607
1063,0.142091384633
962,0.142349421269
454,0.142749432699
95,0.142957383977
1073,0.143265305436
123,0.143312157857
521,0.143404909978
714,0.143759284235
1175,0.144380756411
545,0.144484895979
110,0.144495801661
469,0.144584684514
1417,0.144845212052
447,0.144981992699
1331,0.145076003622
707,0.146140800627
1352,0.146381582928
899,0.14642770377
540,0.146702611312
1147,0.146991752408
1303,0.147130224145
1504,0.147293385132
1773,0.147500798284
487,0.148682394377
235,0.149251730984
1149,0.149496425572
167,0.149864028472
1155,0.150082996628
1728,0.150098253839
172,0.151023251995
141,0.151989955387
25,0.152213496172
1157,0.152341888729
947,0.152910294556
244,0.15300246219
807,0.153474767904
1525,0.153546279953
1222,0.155005278261
681,0.15517829955
968,0.155845974619
1296,0.156637054779
914,0.156808083954
993,0.157159498951
836,0.157393540842
1800,0.157840534459
435,0.158305936577
555,0.158366632439
88,0.158616192489
1276,0.159166393087
603,0.15925678373
796,0.159673830124
187,0.160282765757
1187,0.160446459941
230,0.160451097987
486,0.160494190908
190,0.160740992325
1015,0.161280280601
1375,0.162069387281
610,0.162130566195
612,0.162603683896
145,0.163344490564
924,0.163370207518
430,0.164105783688
1367,0.164124096247
533,0.164457557629
111,0.16492998286
728,0.165075006749
960,0.165517089743
1058,0.165895396878
687,0.166048325139
1088,0.16617965709
1739,0.166258331205
771,0.166341043601
709,0.166343147735
115,0.166658910712
1428,0.166752029656
1611,0.166754321628
1380,0.167747137259
1471,0.167896837842
250,0.168250705331
354,0.169693899749
61,0.171417274799
1629,0.171908453702
270,0.172009421382
47,0.172500729685
378,0.173430316873
448,0.173567943556
893,0.17366601975
1358,0.173688604686
1185,0.173736823354
1148,0.174014646942
1572,0.174666193837
998,0.17490725798
392,0.175160761431
824,0.175982629022
1758,0.176121503799
1273,0.176159660888
458,0.176523199014
67,0.1769149418
488,0.177304366749
1531,0.177405551525
92,0.178348042084
185,0.178385045518
468,0.178425219784
903,0.178525438323
1054,0.178526900708
116,0.179012321694
994,0.180492308252
422,0.180660125099
1039,0.180705994695
851,0.180898103166
268,0.181005676862
1043,0.181452916653
343,0.181559906807
1021,0.181734062911
524,0.182194786519
1219,0.182459587613
1840,0.182642915306
569,0.182710394782
275,0.182774560714
1156,0.183627790068
941,0.18374859274
621,0.184388638768
1029,0.184418752746
928,0.185092882553
559,0.185606528174
1003,0.185668750351
1365,0.185929833252
1806,0.186157576004
1692,0.186810202896
433,0.187797253008
1797,0.187935099212
347,0.188216246788
884,0.188254665903
1348,0.188561139257
1315,0.188972903464
1422,0.189189248566
520,0.189200006864
1533,0.18975242631
1282,0.1899061489
1152,0.189940472829
977,0.189996429106
593,0.190084306955
690,0.190527201193
1142,0.191179021366
243,0.191431310464
324,0.191702253745
1249,0.192077590853
363,0.192209547534
637,0.192596156416
1227,0.193155513292
223,0.1935696575
1119,0.195322069104
402,0.195911817522
1090,0.196361946475
394,0.196491071695
396,0.197177987704
618,0.197206574643
636,0.197432153063
348,0.197495342251
1244,0.197565673185
581,0.198311984662
586,0.19914664748
128,0.199629150225
552,0.200213781555
948,0.200230040313
133,0.200529776235
724,0.201277639429
425,0.201441818422
562,0.203445714956
885,0.203456628414
304,0.203510889044
431,0.204590451447
1234,0.204628629209
1243,0.204636345926
1232,0.205266181895
1330,0.205803471095
830,0.205851229013
465,0.206310701202
531,0.206443791246
1436,0.206541955848
1593,0.206560714641
127,0.207925929928
427,0.208276968855
696,0.20835839963
240,0.208428496375
1534,0.210360912741
183,0.211148936179
1541,0.211231663644
1423,0.211775219177
1115,0.211868338348
1221,0.2123221373
831,0.212473044819
120,0.212511252021
1304,0.212663018368
1019,0.213019908088
1819,0.213943141921
1366,0.214808309569
759,0.214916550258
148,0.215501437886
1095,0.215527172776
1159,0.215685849693
303,0.215842836505
492,0.215877720577
311,0.217687236942
1359,0.21779077439
987,0.217884321286
260,0.218036101322
622,0.218081057735
753,0.218467216377
936,0.218472048127
1372,0.219908397325
194,0.222581232055
1353,0.223822699616
629,0.224088191903
1697,0.224486704373
1041,0.22458408092
1467,0.224851901969
959,0.224912610217
1236,0.225155648989
1384,0.225644016721
1146,0.225730888774
129,0.225786140881
1682,0.226470608232
1432,0.226872528866
1216,0.227649034793
1288,0.228839371164
679,0.229212503479
1405,0.229793876538
671,0.230284051423
1377,0.2303160388
650,0.230606938693
1066,0.231520119664
1842,0.231660346524
1020,0.232206996656
387,0.232658324239
1253,0.232905982033
478,0.233273636824
718,0.234286331832
1355,0.235812214278
591,0.236215635156
665,0.236545397681
1128,0.237613540578
483,0.237679818385
1454,0.239799529999
1254,0.240043272008
773,0.240051158205
673,0.240589634948
76,0.241641090696
1573,0.243029564616
450,0.243921311082
495,0.244275140936
952,0.245509791057
512,0.246468077306
706,0.247718687166
538,0.24774385336
1002,0.247930200854
1361,0.248145009597
574,0.248337783661
821,0.248684229202
52,0.250134612612
889,0.250604228203
592,0.250734822955
443,0.250792461368
1382,0.251075612529
174,0.252314445304
1398,0.252820798703
1356,0.253033681063
1397,0.253110420641
408,0.253839498185
619,0.2540907619
855,0.255319169697
1837,0.255673782617
1035,0.255866848628
1312,0.256559578717
168,0.25662768581
1429,0.257051279136
611,0.257184852201
1245,0.257800619936
136,0.258717168821
951,0.25873532956
770,0.259217480468
907,0.260394941714
791,0.260456989121
980,0.261483960118
1710,0.262519779703
1729,0.262958191475
815,0.26417989392
155,0.264636905429
848,0.264817687135
1289,0.265044988432
90,0.267231603423
437,0.267375075597
103,0.267446447388
1389,0.267482319525
1603,0.267726562541
1324,0.268943404098
1475,0.269328759133
140,0.269470896066
578,0.269539998219
886,0.269827607976
1775,0.270079303534
1621,0.270851552515
955,0.270932922812
866,0.271144574384
626,0.271297729539
401,0.271359872443
1373,0.271490703373
1537,0.272328293603
1060,0.27234567976
301,0.272682671816
1480,0.273306496647
1337,0.273315239512
1396,0.273440196879
1746,0.2734922752
199,0.276414054543
1136,0.277208912685
1515,0.277651543484
380,0.278058696588
1451,0.278125645859
860,0.279053406515
957,0.279480474703
339,0.279783744586
763,0.279998139125
1110,0.28078470995
802,0.282497605884
1184,0.283744193601
485,0.284482348449
266,0.284724600609
1458,0.285289724396
1285,0.285681927828
898,0.287363810152
1242,0.287453843879
474,0.287503624911
191,0.288479540868
891,0.289042306149
1484,0.289232908802
1305,0.291081676405
1357,0.292055842824
15,0.292347203124
1284,0.292391886053
659,0.293419516811
787,0.29346103784
1379,0.293963948955
850,0.294035451601
1663,0.294080495594
1122,0.294304433205
722,0.294712221467
75,0.294761333076
964,0.295162580535
784,0.296490690004
1056,0.297364215287
794,0.297373115962
1339,0.297615719701
501,0.297709714263
897,0.297914050008
1870,0.29842054792
1176,0.298680681838
1326,0.301002157079
255,0.302541865689
1295,0.30278402931
978,0.303182509643
643,0.303948546372
407,0.304312163409
1327,0.304959169959
367,0.305643129091
1511,0.307698453213
361,0.308482402715
1047,0.309173266328
1325,0.309513774883
1172,0.309815164472
1664,0.309879399099
1488,0.312243836918
1166,0.313728685827
1371,0.314946791025
1473,0.315145980557
83,0.315147267632
668,0.315399854987
412,0.316939830637
193,0.319112093935
333,0.319317649115
1464,0.319375392139
272,0.319458448244
823,0.319793037376
1391,0.320293855478
1098,0.320975045621
297,0.321213707805
3,0.321336362727
1290,0.321548090642
1132,0.32193588842
731,0.322185999189
1248,0.322189699959
1698,0.322822150163
566,0.323481515286
1443,0.325125476289
1749,0.325268657962
484,0.325394832679
1049,0.325835261495
63,0.325987283021
782,0.326095576425
438,0.326120098719
281,0.326167713805
124,0.327242519505
1360,0.327370179826
274,0.327856882797
682,0.328510283027
17,0.329778859885
1420,0.329952192524
700,0.330651578915
1446,0.331839248291
1368,0.332179960861
429,0.333375254392
1641,0.33340676784
660,0.333513845356
1182,0.333860340052
252,0.334467702173
1722,0.334561228417
284,0.336217137723
473,0.336983522109
496,0.336983522109
1626,0.337124212069
1716,0.338683702053
600,0.338838110366
1081,0.338872734933
38,0.338927452389
119,0.339176900511
1099,0.339455058733
1667,0.339632095395
1033,0.340437283896
1193,0.340565705642
132,0.344508738762
1750,0.344743894869
1409,0.345784801481
1712,0.3459541751
989,0.34695024435
628,0.346971641148
827,0.347289077854
1077,0.347345149853
1543,0.347679580123
752,0.347743626139
1017,0.348401839845
1785,0.349808295883
795,0.3502092446
1031,0.350780252885
1759,0.351205026704
1801,0.351368208121
1268,0.35145043938
1124,0.351604102518
577,0.35172211986
1461,0.352027976929
1456,0.352760577123
548,0.353370583096
500,0.353978837859
1036,0.354055854592
1,0.354247626366
518,0.355136352223
350,0.355143547682
171,0.355269229317
943,0.356837318561
551,0.357588272855
101,0.359893502705
1690,0.36025080062
1231,0.361515301429
639,0.36158640533
627,0.361992601468
1435,0.362741481492
1251,0.36291057516
1577,0.363018821148
546,0.363620358682
499,0.364189520437
1681,0.36459528912
1472,0.364986155936
1406,0.365755615962
1138,0.366468000891
1211,0.368220387756
505,0.37014236842
837,0.371977290482
1028,0.372288594099
365,0.372323218263
694,0.373551063863
1297,0.373800989138
1192,0.378292734231
717,0.378336539075
283,0.378529370488
1609,0.378836415716
550,0.3790389293
1189,0.379875283311
139,0.381845841234
905,0.383474764364
175,0.383750077191
1252,0.383783011231
1201,0.384440916212
1452,0.384658501384
267,0.385486111592
630,0.385602023273
646,0.386246289535
1199,0.386792719234
1388,0.387527479061
1707,0.387766284172
1046,0.388476619406
1107,0.388883882424
944,0.389716826349
340,0.390040626237
1512,0.390112239421
1258,0.390942428084
1578,0.391035581657
206,0.392162200618
638,0.392602154481
1642,0.392767396258
1171,0.393618862561
1460,0.394596262595
327,0.394978466131
849,0.396273961577
1292,0.396289799991
1238,0.396754630549
1266,0.397758671746
875,0.399637210596
1198,0.401136653506
1447,0.402028064737
64,0.402366424436
256,0.402632065315
965,0.402995887875
196,0.403711092952
1433,0.404119116393
1275,0.405143205658
1570,0.406503344569
305,0.406661991586
570,0.407216756236
871,0.408063198613
1393,0.408663076954
1818,0.4087212868
1856,0.410042544571
730,0.410237705261
670,0.410987745865
822,0.411891067706
1677,0.414909186615
1194,0.41514289704
1308,0.417031247784
556,0.417364359693
1604,0.418972536804
176,0.419003492832
859,0.419700829684
1202,0.421706845897
1301,0.422954332427
179,0.424210013137
1768,0.424345860491
542,0.427365902162
966,0.427572360491
813,0.427895859956
1127,0.428217441815
1727,0.428378599492
195,0.428413408452
872,0.429447978973
366,0.429467631515
1519,0.430086931022
599,0.430250529668
760,0.430540246731
1608,0.432051566324
1539,0.43490683588
1233,0.435416131943
1700,0.435657101401
557,0.43875347615
1381,0.440604052196
567,0.443157117698
1754,0.444049777749
1316,0.444165153954
1394,0.445268893548
1313,0.446622657462
878,0.44949087688
1756,0.44953428922
1478,0.449537299261
1218,0.451686104525
1165,0.453080325789
490,0.454935717676
1097,0.455418957073
1332,0.456670521077
1600,0.456933609368
1177,0.457453716436
1392,0.459114946418
1695,0.461513973329
766,0.463004587654
667,0.464153255419
1100,0.464156480431
1791,0.46477031215
1116,0.464875149572
1479,0.465404205454
1803,0.467789795158
1057,0.471285154452
623,0.472029676734
1208,0.472164951099
1013,0.473119313261
1538,0.476428272163
633,0.477022372105
1298,0.477226058939
1181,0.477592800668
853,0.477639460758
1278,0.479178695301
1190,0.480024174511
1364,0.481163687512
1789,0.481982443686
321,0.482833826892
785,0.484145204696
289,0.484992476677
125,0.48680506367
1351,0.486851760905
734,0.486907770442
188,0.487121965201
335,0.488952017265
997,0.489147402593
1269,0.491275860654
1294,0.49259426585
761,0.494784666258
988,0.497085863958
1782,0.498999971501
856,0.499027351919
563,0.499917618673
1329,0.500003600913
1349,0.500051637345
1771,0.500272215089
1776,0.500285371282
1610,0.500300675459
1751,0.500498712169
901,0.500528502917
424,0.500762180803
814,0.501193401091
573,0.501514570621
1569,0.501645320441
1737,0.502013779052
1878,0.502056409878
1684,0.502270528169
1723,0.502457015029
1163,0.503638290655
1431,0.504222048631
1861,0.505160274819
1213,0.505266757746
756,0.505306316371
1760,0.505559722018
489,0.507766769375
1168,0.507933123729
1571,0.508102102583
1509,0.508201340516
553,0.508287045805
579,0.50831130065
1673,0.509110801187
1586,0.50960729757
1503,0.510373673305
423,0.510558891274
1693,0.510697085732
1597,0.511558183785
798,0.512778238854
571,0.512942808049
1400,0.51329591852
1865,0.513459285929
1091,0.513796344197
1549,0.513839168101
1034,0.514519626315
1590,0.515416604657
661,0.515417686175
1053,0.516761509837
349,0.517011598417
1784,0.517669235257
1832,0.519176389727
205,0.519198798826
1517,0.51952613642
1650,0.520627433018
958,0.520787465566
249,0.521621450105
1514,0.523518101532
1256,0.525405991881
118,0.526375617835
708,0.526449067887
1476,0.526600959233
1485,0.526845600285
1753,0.52791476915
852,0.528029229147
1619,0.52827762292
1718,0.528416932922
166,0.528767546848
1374,0.530876890748
1250,0.531746637092
1207,0.533826491698
812,0.535674201994
657,0.535815677637
1378,0.536013024348
1286,0.536729154411
384,0.538378300393
208,0.540249284316
1532,0.540249284316
1314,0.540761093621
1602,0.540880852307
258,0.541353230771
1317,0.541383313828
1161,0.541436364072
1598,0.541837788024
1794,0.542592889357
996,0.54446745004
1778,0.545004793715
1880,0.545018630872
1508,0.545094840255
1799,0.545525305723
1463,0.545678098318
1257,0.546123068593
1787,0.546535320822
655,0.547156909017
1713,0.548016824138
1336,0.549467111971
584,0.549602791202
476,0.549778757319
585,0.550581789624
1516,0.552075619408
1607,0.553886423224
1717,0.553971599159
251,0.554234574931
1645,0.560818494347
754,0.560964329333
1131,0.562662027603
130,0.562779056025
1805,0.563510055715
1613,0.56430761506
1696,0.56579553288
1197,0.56610109617
923,0.567038438339
1135,0.571973504067
870,0.572921242381
1196,0.573295221025
876,0.57478676918
877,0.57478676918
479,0.575997130935
1203,0.577482693117
137,0.578497606132
873,0.578686452885
1407,0.579298942678
1852,0.580226576538
1550,0.580599589543
1612,0.580677835785
902,0.584531117186
1240,0.585609169105
1200,0.589610154894
477,0.592445393425
738,0.592743758079
247,0.593443294823
1665,0.593684741534
1078,0.596220367839
675,0.596827597348
1748,0.598393187595
580,0.600426667825
631,0.601758308252
1283,0.605597825804
1439,0.606841516334
858,0.606963096213
1437,0.611331789726
135,0.612710334416
1542,0.613542976138
1501,0.613757394407
732,0.614038363666
229,0.614605516126
1547,0.614746245387
820,0.615405574697
1390,0.621441613283
1812,0.622208676122
1553,0.622514845386
1685,0.622714488267
1575,0.623511863344
645,0.625279711639
1386,0.627318555375
1548,0.629329690648
1859,0.62961519709
503,0.63016981066
1321,0.63020925455
1280,0.63124896225
1416,0.634485679337
1540,0.635439293151
1675,0.636305457953
1851,0.636717596762
735,0.640045462693
1628,0.640154851818
945,0.642678926069
1215,0.643389317624
742,0.643689684309
1796,0.64762044374
440,0.64936283925
1483,0.651093143258
1470,0.654480786414
1363,0.656980899104
745,0.657049641817
881,0.657091958035
1592,0.657581365387
1817,0.658290880173
1412,0.661606899574
572,0.667230748437
1427,0.668833653399
590,0.669659522698
819,0.672749310653
1425,0.676079901501
1831,0.676641131753
1704,0.682051129599
733,0.68778940724
1734,0.68790018812
1574,0.688056375347
1588,0.688056945801
1529,0.692289244567
1666,0.692341982666
1661,0.694103555209
750,0.694578913933
1546,0.694897169032
310,0.696542162923
338,0.698063538858
1173,0.700569945097
1688,0.701256293585
300,0.702089922183
1860,0.702685569752
1755,0.706623925085
1082,0.708055860553
1810,0.708314398803
1747,0.709341044493
736,0.709447861165
995,0.710673631466
740,0.712059090155
1825,0.715439920499
634,0.716684567412
269,0.717902265648
337,0.719859615416
1117,0.720062038051
1255,0.726786794997
1239,0.72745499042
1763,0.730391035756
1644,0.730706664777
1855,0.732551936053
1505,0.732764995438
644,0.73486516069
1793,0.742817103159
1887,0.743655763106
1346,0.745014567258
192,0.746331446119
1709,0.749288982656
942,0.752566653569
1134,0.758062978647
295,0.760348307528
1820,0.7608949572
1689,0.761844602511
1457,0.762531327873
316,0.763141238056
632,0.771001427475
1229,0.771540501782
1774,0.773424562766
1636,0.779185499383
1302,0.782982268503
114,0.785745851382
1362,0.792798672344
1535,0.793062192166
764,0.796600752889
1711,0.808356474832
1518,0.811616426473
1530,0.813519754702
1736,0.817368880282
857,0.822816540266
625,0.836370516913
1556,0.838583215868
1576,0.844406515872
1813,0.846771895028
1662,0.852240502369
1672,0.854369151102
1630,0.855562320728
749,0.859749764491
1719,0.861438598019
204,0.865649471442
1829,0.865831198069
1563,0.868293738073
892,0.870521133539
1826,0.87527993992
1489,0.891626375298
1674,0.894191228653
299,0.896031261093
894,0.898300054177
1769,0.900000187665
1246,0.903781075554
1691,0.908788905342
382,0.916503043622
1658,0.922654839283
565,0.925810818026
1264,0.931245828971
1552,0.931706958281
1652,0.938296599576
751,0.941964227939
182,0.943799905294
143,0.949301043504
582,0.956196246562
864,0.963116735413
1160,0.964929095736
1526,0.967041855896
1195,0.967730389919
1614,0.977756084105
109,0.982217707357
1616,0.983144971162
1885,0.994647674579
1854,0.994990371707
1874,0.995084011823
1599,0.996387635512
1620,0.996967316959
472,0.997229161027
741,0.997393292156
1670,0.997931322036
4,1.0
7,1.0
9,1.0
10,1.0
18,1.0
134,1.0
138,1.0
142,1.0
144,1.0
146,1.0
178,1.0
180,1.0
200,1.0
207,1.0
209,1.0
210,1.0
211,1.0
212,1.0
245,1.0
253,1.0
273,1.0
306,1.0
307,1.0
308,1.0
309,1.0
312,1.0
313,1.0
314,1.0
315,1.0
317,1.0
318,1.0
320,1.0
322,1.0
332,1.0
344,1.0
345,1.0
346,1.0
351,1.0
368,1.0
369,1.0
370,1.0
383,1.0
409,1.0
410,1.0
411,1.0
413,1.0
414,1.0
415,1.0
434,1.0
451,1.0
452,1.0
475,1.0
480,1.0
481,1.0
491,1.0
494,1.0
511,1.0
549,1.0
564,1.0
575,1.0
576,1.0
583,1.0
588,1.0
624,1.0
654,1.0
656,1.0
719,1.0
727,1.0
729,1.0
737,1.0
739,1.0
743,1.0
744,1.0
746,1.0
747,1.0
748,1.0
762,1.0
765,1.0
768,1.0
769,1.0
772,1.0
776,1.0
777,1.0
778,1.0
779,1.0
788,1.0
789,1.0
790,1.0
792,1.0
793,1.0
797,1.0
811,1.0
816,1.0
817,1.0
818,1.0
861,1.0
862,1.0
868,1.0
880,1.0
883,1.0
912,1.0
919,1.0
920,1.0
937,1.0
946,1.0
953,1.0
954,1.0
974,1.0
975,1.0
1005,1.0
1022,1.0
1025,1.0
1037,1.0
1044,1.0
1048,1.0
1050,1.0
1051,1.0
1067,1.0
1068,1.0
1101,1.0
1102,1.0
1108,1.0
1111,1.0
1120,1.0
1126,1.0
1162,1.0
1164,1.0
1167,1.0
1180,1.0
1183,1.0
1191,1.0
1204,1.0
1205,1.0
1206,1.0
1209,1.0
1210,1.0
1212,1.0
1214,1.0
1217,1.0
1225,1.0
1228,1.0
1237,1.0
1241,1.0
1247,1.0
1259,1.0
1260,1.0
1261,1.0
1262,1.0
1263,1.0
1265,1.0
1267,1.0
1270,1.0
1272,1.0
1274,1.0
1291,1.0
1306,1.0
1307,1.0
1318,1.0
1319,1.0
1320,1.0
1322,1.0
1333,1.0
1369,1.0
1376,1.0
1385,1.0
1387,1.0
1395,1.0
1401,1.0
1402,1.0
1403,1.0
1404,1.0
1410,1.0
1411,1.0
1413,1.0
1415,1.0
1419,1.0
1421,1.0
1424,1.0
1430,1.0
1434,1.0
1440,1.0
1441,1.0
1442,1.0
1444,1.0
1445,1.0
1448,1.0
1453,1.0
1455,1.0
1459,1.0
1465,1.0
1468,1.0
1469,1.0
1474,1.0
1477,1.0
1481,1.0
1482,1.0
1486,1.0
1487,1.0
1490,1.0
1491,1.0
1492,1.0
1493,1.0
1494,1.0
1495,1.0
1496,1.0
1497,1.0
1498,1.0
1499,1.0
1500,1.0
1502,1.0
1506,1.0
1507,1.0
1513,1.0
1520,1.0
1521,1.0
1522,1.0
1523,1.0
1527,1.0
1528,1.0
1544,1.0
1545,1.0
1551,1.0
1554,1.0
1555,1.0
1557,1.0
1558,1.0
1559,1.0
1560,1.0
1561,1.0
1562,1.0
1564,1.0
1565,1.0
1566,1.0
1567,1.0
1568,1.0
1579,1.0
1580,1.0
1581,1.0
1582,1.0
1583,1.0
1584,1.0
1585,1.0
1587,1.0
1589,1.0
1591,1.0
1594,1.0
1595,1.0
1596,1.0
1601,1.0
1605,1.0
1606,1.0
1615,1.0
1617,1.0
1622,1.0
1623,1.0
1624,1.0
1625,1.0
1627,1.0
1631,1.0
1632,1.0
1634,1.0
1635,1.0
1637,1.0
1638,1.0
1639,1.0
1640,1.0
1643,1.0
1646,1.0
1647,1.0
1648,1.0
1649,1.0
1651,1.0
1653,1.0
1654,1.0
1655,1.0
1656,1.0
1657,1.0
1659,1.0
1660,1.0
1668,1.0
1671,1.0
1676,1.0
1679,1.0
1680,1.0
1683,1.0
1686,1.0
1694,1.0
1699,1.0
1701,1.0
1702,1.0
1703,1.0
1705,1.0
1706,1.0
1708,1.0
1714,1.0
1715,1.0
1720,1.0
1721,1.0
1724,1.0
1725,1.0
1726,1.0
1730,1.0
1731,1.0
1732,1.0
1733,1.0
1735,1.0
1738,1.0
1740,1.0
1742,1.0
1743,1.0
1744,1.0
1745,1.0
1752,1.0
1757,1.0
1761,1.0
1762,1.0
1764,1.0
1765,1.0
1766,1.0
1767,1.0
1770,1.0
1772,1.0
1777,1.0
1779,1.0
1780,1.0
1783,1.0
1788,1.0
1790,1.0
1792,1.0
1795,1.0
1798,1.0
1802,1.0
1804,1.0
1807,1.0
1808,1.0
1809,1.0
1811,1.0
1814,1.0
1815,1.0
1816,1.0
1821,1.0
1822,1.0
1823,1.0
1824,1.0
1827,1.0
1828,1.0
1830,1.0
1833,1.0
1834,1.0
1835,1.0
1836,1.0
1838,1.0
1839,1.0
1841,1.0
1843,1.0
1844,1.0
1845,1.0
1846,1.0
1847,1.0
1848,1.0
1849,1.0
1850,1.0
1853,1.0
1857,1.0
1858,1.0
1862,1.0
1863,1.0
1864,1.0
1866,1.0
1867,1.0
1868,1.0
1869,1.0
1871,1.0
1872,1.0
1873,1.0
1875,1.0
1876,1.0
1877,1.0
1879,1.0
1881,1.0
1882,1.0
1883,1.0
1884,1.0
1886,1.0
1888,1.0
1889,1.0
1890,1.0
1891,1.0
