237
265
845
393
28
1016
39
19
279
888
981
971
381
51
442
1140
33
1139
826
276
226
890
89
147
234
11
12
372
913
107
887
157
326
217
702
6
58
595
224
31
446
379
716
117
466
963
201
976
246
292
439
640
692
419
453
398
220
45
403
597
56
558
522
1030
833
416
259
904
388
710
285
70
156
840
606
529
34
228
436
5
71
828
325
666
421
1271
940
620
1112
151
238
371
356
374
535
418
456
154
150
355
213
461
1008
1040
1235
1045
87
225
513
680
329
783
377
105
173
323
65
277
825
774
1089
40
158
949
1006
1085
153
73
24
218
609
462
397
227
1328
613
189
587
149
652
664
46
37
62
328
170
331
80
882
161
1186
49
390
263
100
970
16
36
1071
526
497
1105
1011
1072
926
607
1618
2
14
910
1179
1083
1001
97
74
532
651
35
874
29
757
863
780
242
53
539
801
810
460
69
470
507
527
1741
1113
1144
463
517
985
395
1103
528
152
286
21
1026
42
594
1012
94
519
677
293
658
364
1130
214
467
1064
1086
674
1178
221
509
775
282
98
160
686
1092
50
676
1062
927
108
1338
1892
1024
330
66
86
990
879
264
697
389
755
605
523
1223
162
169
1000
219
341
1287
608
261
1059
541
291
164
869
233
1334
1342
1220
68
1150
280
999
932
1118
1633
239
614
112
617
1023
931
908
1279
806
360
515
979
713
55
929
536
616
554
1344
1109
278
1145
641
1466
1007
720
915
721
986
334
426
60
375
647
1188
400
1354
222
1414
781
568
57
685
1281
834
642
298
271
404
699
544
956
688
441
1224
1226
44
1014
1426
906
1123
934
399
1449
799
203
302
26
703
336
241
961
649
482
615
911
804
939
43
829
805
417
672
516
938
663
231
287
102
362
669
159
444
969
1009
917
352
22
935
1399
786
1438
596
725
561
13
693
81
1027
510
84
77
537
30
357
449
982
296
502
126
163
504
838
1038
1087
23
215
723
534
1154
254
895
1350
445
1293
376
1347
691
232
1153
689
48
99
695
711
921
198
1079
1061
104
1277
288
359
767
432
847
391
1133
508
604
1075
704
809
406
1174
896
27
106
0
1524
844
950
216
72
832
202
698
1370
1065
925
530
1084
121
598
1383
493
841
41
1141
1114
967
1074
197
464
808
589
662
1094
1781
20
865
842
972
514
248
113
1018
1323
353
715
1129
59
1104
909
712
122
177
165
1309
85
1106
1786
1055
1343
405
648
1669
984
1143
181
1340
1010
758
506
471
1004
373
93
420
1080
930
1137
601
843
922
1169
78
1070
653
678
1310
1510
428
262
1230
96
1536
867
1052
933
1687
186
1311
54
1300
705
1096
1158
991
457
726
455
547
1345
1299
385
294
236
839
290
1032
342
459
973
992
525
916
1151
983
358
1450
1121
1076
635
1678
602
1408
1341
91
131
918
684
498
386
800
846
82
1093
1170
835
32
543
8
184
1462
854
1042
1069
319
79
1125
701
257
683
803
900
560
1335
1418
1063
962
454
95
1073
123
521
714
1175
545
110
469
1417
447
1331
707
1352
899
540
1147
1303
1504
1773
487
235
1149
167
1155
1728
172
141
25
1157
947
244
807
1525
1222
681
968
1296
914
993
836
1800
435
555
88
1276
603
796
187
1187
230
486
190
1015
1375
610
612
145
924
430
1367
533
111
728
960
1058
687
1088
1739
771
709
115
1428
1611
1380
1471
250
354
61
1629
270
47
378
448
893
1358
1185
1148
1572
998
392
824
1758
1273
458
67
488
1531
92
185
468
903
1054
116
994
422
1039
851
268
1043
343
1021
524
1219
1840
569
275
1156
941
621
1029
928
559
1003
1365
1806
1692
433
1797
347
884
1348
1315
1422
520
1533
1282
1152
977
593
690
1142
243
324
1249
363
637
1227
223
1119
402
1090
394
396
618
636
348
1244
581
586
128
552
948
133
724
425
562
885
304
431
1234
1243
1232
1330
830
465
531
1436
1593
127
427
696
240
1534
183
1541
1423
1115
1221
831
120
1304
1019
1819
1366
759
148
1095
1159
303
492
311
1359
987
260
622
753
936
1372
194
1353
629
1697
1041
1467
959
1236
1384
1146
129
1682
1432
1216
1288
679
1405
671
1377
650
1066
1842
1020
387
1253
478
718
1355
591
665
1128
483
1454
1254
773
673
76
1573
450
495
952
512
706
538
1002
1361
574
821
52
889
592
443
1382
174
1398
1356
1397
408
619
855
1837
1035
1312
168
1429
611
1245
136
951
770
907
791
980
1710
1729
815
155
848
1289
90
437
103
1389
1603
1324
1475
140
578
886
1775
1621
955
866
626
401
1373
1537
1060
301
1480
1337
1396
1746
199
1136
1515
380
1451
860
957
339
763
1110
802
1184
485
266
1458
1285
898
1242
474
191
891
1484
1305
1357
15
1284
659
787
1379
850
1663
1122
722
75
964
784
1056
794
1339
501
897
1870
1176
1326
255
1295
978
643
407
1327
367
1511
361
1047
1325
1172
1664
1488
1166
1371
1473
83
668
412
193
333
1464
272
823
1391
1098
297
3
1290
1132
731
1248
1698
566
1443
1749
484
1049
63
782
438
281
124
1360
274
682
17
1420
700
1446
1368
429
1641
660
1182
252
1722
284
473
496
1626
1716
600
1081
38
119
1099
1667
1033
1193
132
1750
1409
1712
989
628
827
1077
1543
752
1017
1785
795
1031
1759
1801
1268
1124
577
1461
1456
548
500
1036
1
518
350
171
943
551
101
1690
1231
639
627
1435
1251
1577
546
499
1681
1472
1406
1138
1211
505
837
1028
365
694
1297
1192
717
283
1609
550
1189
139
905
175
1252
1201
1452
267
630
646
1199
1388
1707
1046
1107
944
340
1512
1258
1578
206
638
1642
1171
1460
327
849
1292
1238
1266
875
1198
1447
64
256
965
196
1433
1275
1570
305
570
871
1393
1818
1856
730
670
822
1677
1194
1308
556
1604
176
859
1202
1301
179
1768
542
966
813
1127
1727
195
872
366
1519
599
760
1608
1539
1233
1700
557
1381
567
1754
1316
1394
1313
878
1756
1478
1218
1165
490
1097
1332
1600
1177
1392
1695
766
667
1100
1791
1116
1479
1803
1057
623
1208
1013
1538
633
1298
1181
853
1278
1190
1364
1789
321
785
289
125
1351
734
188
335
997
1269
1294
761
988
1782
856
563
1329
1349
1771
1776
1610
1751
901
424
814
573
1569
1737
1878
1684
1723
1163
1431
1861
1213
756
1760
489
1168
1571
1509
553
579
1673
1586
1503
423
1693
1597
798
571
1400
1865
1091
1549
1034
1590
661
1053
349
1784
1832
205
1517
1650
958
249
1514
1256
118
708
1476
1485
1753
852
1619
1718
166
1374
1250
1207
812
657
1378
1286
384
208
1532
1314
1602
258
1317
1161
1598
1794
996
1778
1880
1508
1799
1463
1257
1787
655
1713
1336
584
476
585
1516
1607
1717
251
1645
754
1131
130
1805
1613
1696
1197
923
1135
870
1196
876
877
479
1203
137
873
1407
1852
1550
1612
902
1240
1200
477
738
247
1665
1078
675
1748
580
631
1283
1439
858
1437
135
1542
1501
732
229
1547
820
1390
1812
1553
1685
1575
645
1386
1548
1859
503
1321
1280
1416
1540
1675
1851
735
1628
945
1215
742
1796
440
1483
1470
1363
745
881
1592
1817
1412
572
1427
590
819
1425
1831
1704
733
1734
1574
1588
1529
1666
1661
750
1546
310
338
1173
1688
300
1860
1755
1082
1810
1747
736
995
740
1825
634
269
337
1117
1255
1239
1763
1644
1855
1505
644
1793
1887
1346
192
1709
942
1134
295
1820
1689
1457
316
632
1229
1774
1636
1302
114
1362
1535
764
1711
1518
1530
1736
857
625
1556
1576
1813
1662
1672
1630
749
1719
204
1829
1563
892
1826
1489
1674
299
894
1769
1246
1691
382
1658
565
1264
1552
1652
751
182
143
582
864
1160
1526
1195
1614
109
1616
1885
1854
1874
1599
1620
472
741
1670
4
7
9
10
18
134
138
142
144
146
178
180
200
207
209
210
211
212
245
253
273
306
307
308
309
312
313
314
315
317
318
320
322
332
344
345
346
351
368
369
370
383
409
410
411
413
414
415
434
451
452
475
480
481
491
494
511
549
564
575
576
583
588
624
654
656
719
727
729
737
739
743
744
746
747
748
762
765
768
769
772
776
777
778
779
788
789
790
792
793
797
811
816
817
818
861
862
868
880
883
912
919
920
937
946
953
954
974
975
1005
1022
1025
1037
1044
1048
1050
1051
1067
1068
1101
1102
1108
1111
1120
1126
1162
1164
1167
1180
1183
1191
1204
1205
1206
1209
1210
1212
1214
1217
1225
1228
1237
1241
1247
1259
1260
1261
1262
1263
1265
1267
1270
1272
1274
1291
1306
1307
1318
1319
1320
1322
1333
1369
1376
1385
1387
1395
1401
1402
1403
1404
1410
1411
1413
1415
1419
1421
1424
1430
1434
1440
1441
1442
1444
1445
1448
1453
1455
1459
1465
1468
1469
1474
1477
1481
1482
1486
1487
1490
1491
1492
1493
1494
1495
1496
1497
1498
1499
1500
1502
1506
1507
1513
1520
1521
1522
1523
1527
1528
1544
1545
1551
1554
1555
1557
1558
1559
1560
1561
1562
1564
1565
1566
1567
1568
1579
1580
1581
1582
1583
1584
1585
1587
1589
1591
1594
1595
1596
1601
1605
1606
1615
1617
1622
1623
1624
1625
1627
1631
1632
1634
1635
1637
1638
1639
1640
1643
1646
1647
1648
1649
1651
1653
1654
1655
1656
1657
1659
1660
1668
1671
1676
1679
1680
1683
1686
1694
1699
1701
1702
1703
1705
1706
1708
1714
1715
1720
1721
1724
1725
1726
1730
1731
1732
1733
1735
1738
1740
1742
1743
1744
1745
1752
1757
1761
1762
1764
1765
1766
1767
1770
1772
1777
1779
1780
1783
1788
1790
1792
1795
1798
1802
1804
1807
1808
1809
1811
1814
1815
1816
1821
1822
1823
1824
1827
1828
1830
1833
1834
1835
1836
1838
1839
1841
1843
1844
1845
1846
1847
1848
1849
1850
1853
1857
1858
1862
1863
1864
1866
1867
1868
1869
1871
1872
1873
1875
1876
1877
1879
1881
1882
1883
1884
1886
1888
1889
1890
1891
