0,1
1,2
2,101
3,123
4,159
5,302
6,323
7,397
8,1440
9,1779
10,1790
11,3
12,42
13,135
14,281
15,477
16,652
17,1626
18,4
19,9
20,26
21,27
22,58
23,60
24,62
25,83
26,84
27,99
28,105
29,172
30,173
31,176
32,185
33,194
34,199
35,224
36,234
37,242
38,243
39,249
40,252
41,257
42,283
43,285
44,288
45,308
46,317
47,333
48,338
49,346
50,371
51,372
52,374
53,394
54,408
55,415
56,475
57,504
58,509
59,545
60,569
61,582
62,590
63,610
64,611
65,615
66,640
67,641
68,645
69,681
70,687
71,697
72,700
73,701
74,711
75,731
76,740
77,741
78,752
79,754
80,768
81,778
82,782
83,790
84,794
85,800
86,810
87,823
88,824
89,840
90,846
91,865
92,881
93,893
94,928
95,933
96,970
97,1042
98,1103
99,1117
100,1127
101,1154
102,1167
103,1180
104,1183
105,1185
106,1187
107,1189
108,1190
109,1192
110,1196
111,1208
112,1231
113,1237
114,1249
115,1262
116,1270
117,1281
118,1288
119,1315
120,1335
121,1340
122,1344
123,1349
124,1352
125,1371
126,1373
127,1412
128,1415
129,1419
130,1461
131,1463
132,1501
133,1578
134,1609
135,1620
136,1649
137,1662
138,1711
139,1728
140,1738
141,1748
142,1751
143,1793
144,1795
145,30
146,31
147,32
148,312
149,68
150,72
151,482
152,1565
153,753
154,8
155,164
156,644
157,12
158,52
159,154
160,311
161,460
162,1039
163,1050
164,1338
165,1573
166,1682
167,1749
168,825
169,353
170,396
171,957
172,1015
173,1072
174,1505
175,1645
176,33
177,59
178,77
179,125
180,130
181,174
182,179
183,198
184,494
185,518
186,698
187,773
188,780
189,815
190,983
191,1053
192,1232
193,1336
194,1372
195,1385
196,1386
197,1403
198,1497
199,1518
200,1519
201,1543
202,1657
203,1665
204,1683
205,1689
206,1692
207,1710
208,1809
209,1829
210,1838
211,1856
212,1857
213,36
214,88
215,155
216,221
217,6
218,73
219,90
220,124
221,299
222,413
223,597
224,19
225,250
226,254
227,834
228,34
229,40
230,56
231,109
232,127
233,209
234,598
235,601
236,81
237,103
238,128
239,547
240,134
241,525
242,1033
243,1425
244,291
245,37
246,50
247,55
248,75
249,89
250,104
251,110
252,112
253,113
254,119
255,129
256,133
257,147
258,156
259,214
260,222
261,236
262,259
263,296
264,361
265,400
266,401
267,428
268,511
269,614
270,625
271,779
272,828
273,879
274,985
275,1059
276,41
277,479
278,358
279,638
280,784
281,1191
282,1346
283,1558
284,1622
285,63
286,620
287,1302
288,632
289,43
290,1043
291,1215
292,69
293,339
294,445
295,669
296,738
297,767
298,831
299,922
300,955
301,1091
302,1097
303,1139
304,1161
305,1226
306,1229
307,1266
308,1307
309,1309
310,1337
311,1356
312,1357
313,1418
314,1428
315,1477
316,1482
317,1506
318,1512
319,1526
320,1559
321,1597
322,1691
323,44
324,1271
325,51
326,48
327,14
328,514
329,719
330,365
331,456
332,45
333,46
334,79
335,92
336,102
337,116
338,117
339,141
340,226
341,228
342,373
343,432
344,1846
345,1850
346,1851
347,515
348,190
349,100
350,115
351,208
352,132
353,149
354,146
355,679
356,309
357,739
358,161
359,211
360,233
361,251
362,85
363,265
364,673
365,93
366,232
367,284
368,213
369,246
370,255
371,144
372,67
373,1580
374,263
375,352
376,118
377,393
378,769
379,74
380,1698
381,193
382,138
383,558
384,1392
385,1014
386,636
387,395
388,97
389,142
390,758
391,991
392,1297
393,1283
394,1235
395,181
396,340
397,337
398,289
399,356
400,418
401,1124
402,98
403,191
404,1449
405,276
406,298
407,637
408,421
409,455
410,458
411,1007
412,1047
413,1073
414,1164
415,1347
416,495
417,278
418,642
419,389
420,862
421,513
422,215
423,1016
424,35
425,324
426,707
427,534
428,322
429,585
430,571
431,574
432,659
433,1071
434,756
435,856
436,555
437,7
438,122
439,626
440,1020
441,592
442,277
443,851
444,1312
445,1013
446,431
447,870
448,1105
449,438
450,1075
451,1495
452,1782
453,1624
454,1655
455,1641
456,1598
457,1397
458,1675
459,201
460,847
461,1601
462,498
463,1285
464,1317
465,1510
466,212
467,343
468,472
469,566
470,686
471,771
472,10
473,11
474,15
475,16
476,17
477,18
478,20
479,22
480,24
481,49
482,61
483,64
484,76
485,78
486,86
487,120
488,121
489,136
490,148
491,150
492,151
493,152
494,153
495,157
496,165
497,175
498,177
499,216
500,235
501,244
502,256
503,262
504,294
505,295
506,313
507,314
508,315
509,316
510,318
511,330
512,366
513,368
514,386
515,391
516,405
517,409
518,411
519,463
520,465
521,466
522,502
523,527
524,528
525,543
526,561
527,596
528,607
529,654
530,658
531,699
532,708
533,724
534,766
535,783
536,798
537,802
538,844
539,859
540,901
541,938
542,977
543,978
544,994
545,997
546,1121
547,1169
548,1188
549,1197
550,1206
551,1261
552,1279
553,1323
554,1332
555,1342
556,1380
557,1401
558,1402
559,1420
560,1423
561,1434
562,1444
563,1445
564,1450
565,1451
566,1452
567,1453
568,1489
569,1521
570,1618
571,1621
572,1640
573,1643
574,1646
575,1650
576,1651
577,1652
578,1701
579,1706
580,1719
581,1742
582,1753
583,1759
584,1760
585,1763
586,404
587,422
588,28
589,184
590,406
591,414
592,1031
593,180
594,1585
595,325
596,439
597,481
598,603
599,1198
600,13
601,80
602,168
603,300
604,355
605,392
606,536
607,609
608,817
609,969
610,1485
611,65
612,419
613,538
614,1248
615,375
616,379
617,1217
618,39
619,270
620,437
621,464
622,166
623,167
624,169
625,186
626,188
627,192
628,223
629,248
630,280
631,380
632,381
633,382
634,383
635,407
636,452
637,473
638,529
639,541
640,542
641,567
642,616
643,743
644,746
645,811
646,863
647,1056
648,1111
649,1142
650,1182
651,1253
652,1339
653,1542
654,1589
655,1745
656,1828
657,331
658,429
659,476
660,489
661,530
662,1130
663,349
664,260
665,162
666,266
667,347
668,354
669,367
670,554
671,688
672,952
673,832
674,595
675,71
676,835
677,1244
678,1060
679,451
680,523
681,1211
682,126
683,487
684,814
685,540
686,712
687,624
688,683
689,1648
690,1731
691,96
692,605
693,1068
694,1102
695,1138
696,1153
697,1406
698,874
699,1069
700,1099
701,1131
702,704
703,1034
704,1036
705,1395
706,716
707,852
708,1129
709,1100
710,454
711,332
712,990
713,915
714,674
715,1792
716,871
717,577
718,675
719,107
720,307
721,388
722,563
723,884
724,927
725,992
726,993
727,1027
728,1051
729,1055
730,1104
731,1107
732,1108
733,1116
734,1122
735,1123
736,1125
737,1134
738,1141
739,1143
740,1144
741,1145
742,1146
743,1147
744,1148
745,1149
746,1150
747,1151
748,1152
749,1156
750,1157
751,1276
752,1353
753,1421
754,1743
755,1783
756,23
757,1018
758,635
759,370
760,195
761,238
762,240
763,241
764,247
765,369
766,921
767,1023
768,1200
769,1278
770,1408
771,1557
772,1761
773,488
774,639
775,544
776,486
777,531
778,684
779,820
780,378
781,319
782,94
783,306
784,267
785,202
786,1603
787,269
788,196
789,197
790,200
791,203
792,217
793,218
794,453
795,898
796,1384
797,1747
798,182
799,599
800,998
801,583
802,237
803,183
804,503
805,573
806,449
807,1083
808,774
809,1362
810,131
811,207
812,499
813,575
814,842
815,1063
816,1084
817,1085
818,1086
819,210
820,279
821,848
822,959
823,1363
824,1717
825,220
826,770
827,839
828,53
829,1616
830,219
831,787
832,282
833,617
834,402
835,974
836,886
837,1430
838,967
839,1546
840,1236
841,163
842,964
843,1487
844,1509
845,357
846,678
847,1006
848,819
849,1074
850,1209
851,1295
852,1324
853,1351
854,1359
855,1376
856,1470
857,1504
858,1525
859,1541
860,1608
861,1708
862,1718
863,350
864,433
865,1214
866,1294
867,838
868,1610
869,1284
870,628
871,1502
872,1126
873,1193
874,1026
875,273
876,929
877,930
878,931
879,272
880,759
881,849
882,1260
883,1011
884,329
885,1062
886,345
887,204
888,95
889,385
890,297
891,1163
892,461
893,1377
894,1529
895,274
896,70
897,290
898,1467
899,1781
900,1433
901,808
902,436
903,1350
904,341
905,1480
906,468
907,363
908,588
909,1587
910,546
911,799
912,1674
913,342
914,424
915,649
916,864
917,1517
918,548
919,1135
920,1293
921,140
922,364
923,872
924,676
925,1019
926,843
927,762
928,305
929,594
930,1173
931,440
932,765
933,795
934,627
935,517
936,570
937,1634
938,949
939,29
940,448
941,336
942,1882
943,328
944,861
945,1210
946,1212
947,1678
948,587
949,474
950,245
951,666
952,1241
953,1764
954,618
955,1468
956,576
957,885
958,1837
959,562
960,987
961,376
962,480
963,586
964,1681
965,1378
966,836
967,1032
968,1866
969,549
970,492
971,321
972,425
973,469
974,1631
975,1774
976,398
977,351
978,326
979,1413
980,591
981,713
982,706
983,755
984,593
985,483
986,621
987,501
988,564
989,772
990,781
991,1365
992,721
993,1426
994,988
995,1528
996,1515
997,1550
998,735
999,1021
1000,1184
1001,145
1002,816
1003,47
1004,239
1005,1222
1006,725
1007,303
1008,777
1009,334
1010,667
1011,714
1012,539
1013,1077
1014,792
1015,853
1016,733
1017,1265
1018,943
1019,732
1020,362
1021,903
1022,1687
1023,710
1024,143
1025,1330
1026,1004
1027,939
1028,1441
1029,1110
1030,1113
1031,1207
1032,1216
1033,508
1034,1348
1035,1306
1036,1553
1037,1160
1038,551
1039,818
1040,1269
1041,1251
1042,971
1043,1274
1044,1794
1045,809
1046,1848
1047,1847
1048,1853
1049,1230
1050,1360
1051,1703
1052,899
1053,1220
1054,1329
1055,1417
1056,1002
1057,1012
1058,1238
1059,1181
1060,689
1061,1520
1062,975
1063,822
1064,878
1065,1291
1066,882
1067,1481
1068,1560
1069,1582
1070,1287
1071,557
1072,1118
1073,984
1074,963
1075,1168
1076,552
1077,1605
1078,1254
1079,1227
1080,1029
1081,91
1082,1218
1083,1136
1084,537
1085,1280
1086,1246
1087,462
1088,1005
1089,950
1090,1325
1091,1414
1092,797
1093,1310
1094,944
1095,516
1096,532
1097,225
1098,1065
1099,1374
1100,1382
1101,1345
1102,1499
1103,1000
1104,1132
1105,447
1106,912
1107,1273
1108,1600
1109,919
1110,507
1111,1318
1112,1255
1113,830
1114,1326
1115,1137
1116,1478
1117,1407
1118,1343
1119,1286
1120,1707
1121,1079
1122,643
1123,1313
1124,1367
1125,1383
1126,1469
1127,606
1128,1252
1129,1379
1130,1472
1131,1564
1132,1577
1133,1556
1134,751
1135,1448
1136,1788
1137,1568
1138,1368
1139,1539
1140,1713
1141,788
1142,1308
1143,1387
1144,1644
1145,1647
1146,757
1147,868
1148,1493
1149,1299
1150,1540
1151,1234
1152,1554
1153,1436
1154,1178
1155,1282
1156,1629
1157,1548
1158,1737
1159,1195
1160,1530
1161,1563
1162,1714
1163,384
1164,1784
1165,1474
1166,1807
1167,5
1168,833
1169,1174
1170,114
1171,66
1172,387
1173,703
1174,924
1175,344
1176,559
1177,941
1178,335
1179,377
1180,690
1181,348
1182,578
1183,722
1184,1024
1185,873
1186,189
1187,705
1188,646
1189,82
1190,111
1191,139
1192,158
1193,410
1194,420
1195,434
1196,446
1197,478
1198,512
1199,519
1200,764
1201,806
1202,1046
1203,1078
1204,1098
1205,1133
1206,1221
1207,1390
1208,1435
1209,1483
1210,1664
1211,1715
1212,1803
1213,1806
1214,178
1215,909
1216,958
1217,1112
1218,1247
1219,403
1220,430
1221,1041
1222,286
1223,1052
1224,1522
1225,1524
1226,1756
1227,1375
1228,1833
1229,1799
1230,1750
1231,360
1232,634
1233,857
1234,926
1235,986
1236,1080
1237,1106
1238,1639
1239,21
1240,108
1241,170
1242,1637
1243,1831
1244,1507
1245,1496
1246,521
1247,533
1248,535
1249,908
1250,917
1251,1092
1252,1239
1253,1296
1254,1304
1255,1427
1256,1538
1257,1767
1258,1768
1259,1769
1260,1770
1261,1776
1262,1777
1263,1277
1264,907
1265,982
1266,1699
1267,287
1268,1627
1269,580
1270,1549
1271,38
1272,1484
1273,359
1274,604
1275,736
1276,1438
1277,496
1278,293
1279,327
1280,748
1281,942
1282,1513
1283,956
1284,1175
1285,57
1286,989
1287,560
1288,1290
1289,677
1290,1171
1291,854
1292,737
1293,87
1294,1081
1295,602
1296,160
1297,1001
1298,505
1299,1066
1300,520
1301,622
1302,744
1303,619
1304,923
1305,310
1306,1095
1307,1574
1308,1058
1309,271
1310,726
1311,1049
1312,629
1313,715
1314,1028
1315,651
1316,720
1317,696
1318,717
1319,718
1320,750
1321,1476
1322,1705
1323,728
1324,261
1325,471
1326,1566
1327,1872
1328,423
1329,1035
1330,1054
1331,801
1332,1454
1333,1455
1334,749
1335,1093
1336,1194
1337,1746
1338,1158
1339,1673
1340,980
1341,497
1342,1272
1343,727
1344,1037
1345,1038
1346,1752
1347,1796
1348,1730
1349,390
1350,1508
1351,1447
1352,1009
1353,1314
1354,1213
1355,1044
1356,1319
1357,1479
1358,1292
1359,1289
1360,1588
1361,1545
1362,1591
1363,1754
1364,729
1365,805
1366,1500
1367,812
1368,1398
1369,1810
1370,1619
1371,1642
1372,995
1373,1623
1374,1516
1375,821
1376,1654
1377,1551
1378,1177
1379,1514
1380,1727
1381,1734
1382,1839
1383,1836
1384,1700
1385,1258
1386,137
1387,231
1388,1334
1389,553
1390,417
1391,441
1392,500
1393,556
1394,932
1395,948
1396,1431
1397,1070
1398,470
1399,966
1400,1094
1401,1702
1402,1660
1403,1201
1404,1250
1405,589
1406,1391
1407,804
1408,442
1409,657
1410,877
1411,880
1412,961
1413,1867
1414,793
1415,1389
1416,1301
1417,1224
1418,1268
1419,1659
1420,1808
1421,1722
1422,443
1423,612
1424,1581
1425,1671
1426,1381
1427,875
1428,934
1429,1716
1430,275
1431,25
1432,953
1433,54
1434,253
1435,416
1436,785
1437,855
1438,1101
1439,1202
1440,1388
1441,1432
1442,1615
1443,1636
1444,1604
1445,742
1446,1176
1447,1040
1448,1462
1449,913
1450,996
1451,1739
1452,650
1453,1109
1454,1865
1455,1498
1456,1162
1457,1264
1458,660
1459,1341
1460,1656
1461,1561
1462,841
1463,568
1464,1165
1465,1599
1466,1686
1467,1876
1468,1880
1469,850
1470,1394
1471,1676
1472,1179
1473,1725
1474,1695
1475,1298
1476,292
1477,1787
1478,450
1479,1680
1480,1679
1481,1536
1482,1830
1483,920
1484,1022
1485,490
1486,524
1487,565
1488,1114
1489,1635
1490,1817
1491,1818
1492,1819
1493,1820
1494,1821
1495,1822
1496,1823
1497,1824
1498,1825
1499,1826
1500,1827
1501,572
1502,702
1503,1322
1504,734
1505,813
1506,1067
1507,1257
1508,1446
1509,1305
1510,940
1511,981
1512,1437
1513,1841
1514,227
1515,1488
1516,1877
1517,1889
1518,1870
1519,1875
1520,1884
1521,1885
1522,1886
1523,1887
1524,600
1525,1316
1526,1712
1527,1855
1528,1861
1529,1592
1530,1547
1531,1576
1532,1785
1533,1789
1534,1771
1535,1791
1536,1724
1537,1878
1538,1864
1539,682
1540,579
1541,761
1542,747
1543,1424
1544,1834
1545,1835
1546,584
1547,550
1548,459
1549,866
1550,304
1551,444
1552,613
1553,887
1554,888
1555,889
1556,890
1557,891
1558,892
1559,894
1560,895
1561,896
1562,897
1563,900
1564,902
1565,904
1566,905
1567,910
1568,911
1569,630
1570,775
1571,960
1572,1491
1573,484
1574,581
1575,976
1576,1243
1577,1223
1578,457
1579,1456
1580,1457
1581,1458
1582,1459
1583,1460
1584,320
1585,916
1586,1320
1587,763
1588,623
1589,1567
1590,962
1591,1709
1592,914
1593,1688
1594,1685
1595,1115
1596,1057
1597,1090
1598,1361
1599,1611
1600,876
1601,1170
1602,526
1603,1354
1604,1355
1605,1366
1606,1890
1607,1534
1608,1410
1609,1744
1610,1511
1611,1579
1612,1690
1613,860
1614,1840
1615,1842
1616,1843
1617,1849
1618,1669
1619,979
1620,1800
1621,1852
1622,1544
1623,1593
1624,1735
1625,1757
1626,1775
1627,937
1628,647
1629,1393
1630,1128
1631,745
1632,1275
1633,1667
1634,1684
1635,171
1636,691
1637,946
1638,947
1639,1172
1640,1721
1641,680
1642,522
1643,653
1644,661
1645,663
1646,692
1647,693
1648,694
1649,695
1650,467
1651,510
1652,1633
1653,1805
1654,301
1655,1531
1656,1464
1657,1465
1658,1466
1659,1471
1660,1473
1661,1494
1662,106
1663,883
1664,1045
1665,1765
1666,1583
1667,1399
1668,258
1669,399
1670,427
1671,426
1672,965
1673,1364
1674,1492
1675,1225
1676,1613
1677,1859
1678,1358
1679,1096
1680,906
1681,954
1682,973
1683,1697
1684,1256
1685,1503
1686,1883
1687,1328
1688,485
1689,1625
1690,1008
1691,205
1692,999
1693,493
1694,685
1695,1267
1696,1409
1697,1668
1698,1219
1699,1486
1700,1575
1701,1666
1702,1858
1703,1891
1704,1017
1705,1766
1706,1527
1707,1400
1708,1571
1709,1755
1710,1758
1711,1845
1712,1443
1713,1632
1714,1628
1715,1729
1716,1814
1717,1811
1718,264
1719,187
1720,1897
1721,206
1722,1321
1723,858
1724,412
1725,491
1726,506
1727,723
1728,760
1729,1594
1730,1854
1731,1696
1732,1894
1733,1778
1734,1475
1735,935
1736,1555
1737,1732
1738,268
1739,1186
1740,1816
1741,1741
1742,1832
1743,1693
1744,1048
1745,803
1746,1535
1747,1228
1748,435
1749,1762
1750,1120
1751,1736
1752,730
1753,1537
1754,1602
1755,1442
1756,776
1757,1242
1758,655
1759,662
1760,633
1761,656
1762,664
1763,665
1764,668
1765,670
1766,671
1767,672
1768,1772
1769,1617
1770,789
1771,1630
1772,1863
1773,1416
1774,1720
1775,1064
1776,1369
1777,608
1778,1638
1779,1010
1780,951
1781,1786
1782,1860
1783,1873
1784,869
1785,1233
1786,1562
1787,1879
1788,1740
1789,709
1790,791
1791,1240
1792,1303
1793,1862
1794,1204
1795,945
1796,1523
1797,631
1798,1300
1799,1370
1800,648
1801,1773
1802,936
1803,1076
1804,1411
1805,1327
1806,1868
1807,1898
1808,1263
1809,1311
1810,1661
1811,867
1812,1025
1813,786
1814,1490
1815,796
1816,807
1817,925
1818,826
1819,1199
1820,1003
1821,829
1822,827
1823,1245
1824,837
1825,1552
1826,1606
1827,845
1828,1612
1829,1893
1830,918
1831,1396
1832,1422
1833,968
1834,972
1835,1030
1836,1166
1837,1881
1838,1061
1839,1082
1840,1087
1841,1088
1842,1089
1843,1119
1844,1203
1845,1140
1846,1155
1847,1159
1848,1723
1849,1205
1850,1259
1851,1653
1852,1694
1853,1892
1854,1429
1855,1677
1856,1331
1857,1333
1858,1815
1859,1405
1860,1404
1861,1572
1862,1439
1863,1570
1864,1888
1865,1533
1866,1584
1867,1532
1868,1726
1869,1804
1870,1586
1871,1595
1872,1569
1873,1590
1874,1596
1875,1607
1876,1614
1877,1663
1878,1704
1879,1871
1880,1658
1881,1670
1882,1672
1883,1733
1884,1780
1885,1801
1886,1802
1887,1844
1888,1869
1889,1874
1890,1895
1891,1896
1892,1899
