145619111,59223509
48383145,198581973
53223847,236837404
53223847,27131906
53223847,70788259
53223847,14184603
53223847,17069442
53223847,79498350
53223847,23611536
53223847,92660310
201712702,39006021
201712702,14407142
201712702,14856056
201712702,151276543
201712702,14403308
201712702,14607953
201712702,30595233
201712702,50047513
201712702,168084172
17093031,140925207
9576102,79498350
9576102,20220913
9576102,172869874
9576102,165972024
9576102,24282591
9576102,136476524
9576102,15814146
9576102,196117813
9576102,34771848
9576102,113158328
9576102,249935291
9576102,15002660
9576102,24725418
9576102,87218309
9576102,135267339
9576102,247011244
9576102,39523267
9576102,26048553
9576102,242783187
9576102,15998753
9576102,218657077
9576102,172888647
9576102,242851044
9576102,212793078
9576102,53191985
9576102,237347838
9576102,202209406
9576102,100692710
9576102,246798367
9576102,53101363
9576102,95479765
9576102,53734351
9576102,119170521
9576102,140917613
9576102,19125048
9576102,242034299
9576102,51361975
9576102,18146018
9576102,242632854
9576102,103364104
9576102,250219011
9576102,235081908
9576102,235128248
9576102,73093568
9576102,131034344
9576102,77336376
9576102,73995540
9576102,117733959
9576102,68952877
9576102,16069119
9576102,29847100
9576102,19776947
9576102,39003709
9576102,12589102
9576102,100926556
9576102,17650998
9576102,102539487
9576102,71365276
9576102,245510758
9576102,173807116
9576102,24289502
9576102,246377138
9576102,143434318
9576102,19074197
9576102,64508451
9576102,130178969
9576102,245700066
9576102,245552598
9576102,22274476
9576102,185821500
9576102,65352610
9576102,249716090
9576102,135078643
9576102,58566981
9576102,44401236
9576102,100632068
9576102,20806039
9576102,96544601
9576102,68133207
9576102,8227022
9576102,27190290
9576102,245033484
9576102,18287695
9576102,110524606
9576102,14145606
9576102,110696311
9576102,143571673
165972024,100692710
165972024,235081908
165972024,149164632
165972024,226404924
165972024,244211114
165972024,247301588
34771848,187044908
34771848,35741365
242783187,83869098
100926556,47336669
40874240,243530112
40874240,109352572
33485597,24282591
33485597,41351866
33485597,47841369
33485597,246283006
33485597,47379932
33485597,239086960
33485597,18062054
33485597,242463108
33485597,101499051
33485597,87911389
33485597,9821342
33485597,47502693
33485597,29059784
33485597,18273761
33485597,32358289
33485597,220471229
33485597,245045609
33485597,136299009
33485597,78520451
33485597,106378532
33485597,13447102
33485597,14181402
33485597,59500657
33485597,245255677
9821342,246206665
9821342,107446551
9821342,49685473
9821342,54902256
9821342,755756
9821342,15950403
98876504,198581973
98876504,24282591
98876504,218657077
98876504,51859218
98876504,246281765
98876504,15347773
98876504,29761560
98876504,248233988
98876504,245108260
98876504,133365302
98876504,55236107
98876504,240294801
98876504,28839346
98876504,243816246
98876504,238369902
98876504,238515535
98876504,180627041
98876504,191127215
98876504,202363242
98876504,153480614
98876504,63680217
98876504,244279386
98876504,19074814
98876504,140972809
98876504,247280833
98876504,216790519
820694,172869874
820694,26048553
820694,250373044
820694,164951970
820694,131544348
820694,14398864
820694,139153402
820694,15869306
820694,245660224
820694,109980164
820694,246202759
820694,11252962
820694,6021962
820694,12169762
820694,131042222
820694,235765847
820694,47930097
35232736,27131906
35232736,7137822
35232736,103978774
35232736,44859460
35232736,17015148
35232736,16485725
35232736,113994730
234489044,244801106
11316572,34771848
11316572,15998753
11316572,11252962
11316572,66376676
11316572,160568186
11316572,54558463
11316572,43964870
11316572,87643594
11316572,17515318
11316572,140950765
11316572,189254142
11316572,15289325
11316572,37459867
11316572,15934100
11316572,199342782
11316572,35158890
11316572,45306022
11316572,64173452
11316572,36016773
11316572,43410990
11316572,90036051
11316572,92023100
11316572,24842995
36016773,90036051
36016773,25584105
36016773,126289439
8906612,136476524
8906612,245033484
8906612,220471229
8906612,243816246
8906612,238515535
8906612,33834391
8906612,21328726
8906612,167638126
8906612,18285948
8906612,203312139
8906612,22661834
8906612,21661210
8906612,203296117
8906612,238757453
8906612,178206779
8906612,18465738
8906612,239969314
8906612,167959329
8906612,48790730
8906612,247387588
8906612,14445424
8906612,55829302
8906612,114582000
8906612,16162099
8906612,156233898
8906612,42208602
8906612,23820754
8906612,86391940
8906612,120201528
8906612,88663606
8906612,64132002
8906612,22249978
8906612,42597215
8906612,92556599
8906612,229682499
8906612,108235863
8906612,56793090
8906612,203320886
22661834,21661210
22661834,46759464
22661834,242751590
22661834,38885364
22661834,186865167
18465738,48790730
18465738,226532789
18465738,248868822
18465738,197549441
239969314,241844573
16162099,29761560
6453612,246283006
6453612,190046198
6453612,47961020
68140695,239969314
68140695,146904677
68140695,24609337
68140695,15752333
68140695,41239526
68140695,79498539
81679867,246377138
81679867,238515535
81679867,245672194
81679867,68258705
81679867,17730733
81679867,150741727
81679867,14868090
81679867,195648763
81679867,194018916
81679867,96543231
184917683,242809350
184917683,106393282
9201822,140925207
9201822,242809350
9201822,111855574
9201822,194846886
9201822,243179120
3655491,172869874
3655491,53734351
3655491,245700066
3655491,185821500
3655491,245255677
3655491,244801106
3655491,66376676
3655491,199342782
3655491,243322507
3655491,93947122
3655491,242671550
3655491,21714700
3655491,228602007
3655491,86250820
3655491,222749332
3655491,153424135
3655491,78878418
3655491,48167400
3655491,36721457
3655491,80126890
3655491,79136059
3655491,109174893
3655491,75099753
3655491,16744496
3655491,156593500
3655491,14124544
3655491,36846878
3655491,120903808
3655491,17160680
3655491,19578194
3655491,46249941
3655491,3419141
3655491,7458262
3655491,89213165
3655491,31700808
3655491,25381441
3655491,23655210
3655491,38486009
3655491,123999589
3655491,40615400
3655491,30233484
3655491,244944749
3655491,140407365
3655491,38224970
3655491,79340068
3655491,140419227
3655491,244968217
3655491,109607991
3655491,246187019
3655491,90462709
3655491,104327575
3655491,55632779
3655491,220797072
3655491,41321146
3655491,49451215
3655491,244078212
3655491,110807429
3655491,49345226
3655491,25481259
3655491,93470866
3655491,121367858
3655491,157726273
3655491,243328576
3655491,45865234
3655491,17693079
3655491,212340513
3655491,37902240
3655491,25242870
3655491,18641106
3655491,240809278
3655491,49946383
3655491,134474432
3655491,34061316
3655491,62311917
3655491,15212683
3655491,63985557
3655491,220701283
3655491,22838573
3655491,16654413
3655491,176020991
3655491,42375823
3655491,21968778
3655491,31577678
3655491,44103984
3655491,38182445
3655491,244681973
3655491,90346365
3655491,125589278
3655491,114754039
3655491,244995608
3655491,238160937
3655491,87007811
3655491,131155022
3655491,12448372
3655491,244200817
3655491,197709012
3655491,244483171
3655491,18898784
3655491,231050539
3655491,246635985
3655491,40915422
3655491,16016006
3655491,222621744
3655491,108837184
3655491,61892096
3655491,16909205
3655491,12836362
3655491,233084299
3655491,16322345
3655491,14606097
3655491,243382666
3655491,160658467
3655491,57325778
3655491,15182402
3655491,8621252
3655491,151171508
3655491,15952700
3655491,222671927
3655491,96383712
3655491,176864114
3655491,61253490
3655491,18577850
3655491,39982144
3655491,248885042
3655491,75496778
3655491,250138470
3655491,22925291
3655491,49939129
3655491,69232407
3655491,1196381
3655491,132512775
3655491,49331874
3655491,35057432
3655491,14786623
3655491,20344331
3655491,15504989
3655491,146475348
3655491,29883095
3655491,18586937
3655491,21059938
3655491,122023482
3655491,26737455
3655491,10190682
3655491,95073976
3655491,73278032
3655491,47584981
3655491,94551454
48167400,149629539
140419227,70097379
135143751,140925207
135143751,242783187
135143751,22274476
135143751,44859460
135143751,79136059
135143751,82987284
135143751,65585789
135143751,18921369
135143751,226532789
135143751,150055836
135143751,126484403
135143751,28751191
135143751,42071968
135143751,98932269
135143751,166100753
135143751,241262304
135143751,247214739
135143751,127489106
135143751,101854466
135143751,45567561
135143751,39154970
135143751,31909616
135143751,40144459
135143751,144174237
135143751,33634858
135143751,118200548
18921369,36570365
98932269,97863129
159644072,246281765
159644072,245660224
159644072,153424135
159644072,75099753
159644072,247443672
159644072,18526792
159644072,18474972
159644072,218158653
159644072,8127782
159644072,120526828
159644072,2787081
159644072,248948844
159644072,112917034
159644072,46774746
159644072,25787404
159644072,176463229
159644072,63062491
159644072,148478489
159644072,215251958
159644072,242882473
159644072,244029932
159644072,160703588
159644072,221146229
159644072,46397752
20659839,248233988
20659839,69663763
20659839,231029041
20659839,230715785
20659839,67124564
20659839,26457416
145188800,140925207
145188800,216171128
226574221,19533773
78728798,246206665
9055752,165972024
9055752,135267339
9055752,26048553
9055752,242034299
9055752,41351866
9055752,243816246
9055752,167959329
9055752,242671550
9055752,133122437
9055752,14192933
9055752,151167139
9055752,64023468
9055752,5427612
9055752,54339521
9055752,196305992
9055752,70422459
9055752,98966729
9055752,170940824
9055752,246887179
9055752,192174338
9055752,75033178
9055752,243173514
18484673,17703122
26580562,44122178
17043155,59223509
17043155,15998753
17043155,245660224
17043155,6021962
17043155,21714700
17043155,246206665
17043155,39839409
17043155,65898327
17043155,199924232
17043155,138128834
17043155,25584105
17043155,20618608
17043155,14930551
17043155,48658712
17043155,19425222
17043155,48798211
17043155,79586144
17043155,8026562
17043155,244811156
17043155,35535969
17043155,122825865
17043155,45674330
17043155,72533152
17043155,206741457
17043155,85738930
17043155,93067066
17043155,44300961
17043155,15220768
17043155,42919909
17043155,15137761
17043155,217046870
17043155,28009377
17043155,33611460
17043155,48838633
17043155,57437109
17043155,35200170
17043155,217721579
17043155,89673796
17043155,80895643
17043155,117077225
17043155,86747767
17043155,14702634
17043155,92621563
244811156,238845761
244811156,197448088
244811156,51390054
244811156,238341719
28785486,180627041
28785486,199342782
28785486,37052717
28785486,14581136
28785486,16155483
28785486,250263010
28785486,169534973
28785486,16278024
28785486,22511729
28785486,217802849
28785486,64550241
28785486,76362953
186606966,111855574
44942611,92876427
44942611,43457467
149857783,245660224
149857783,67999451
149857783,101549500
149857783,109548597
67999451,239086960
67999451,245660224
67999451,111855574
67999451,64023468
67999451,144744398
67999451,102420077
67999451,39099966
67999451,118415737
67999451,246429655
67999451,65593092
67999451,105541972
67999451,62755345
67999451,62036051
67999451,20970513
67999451,246232522
67999451,160300112
67999451,232590662
67999451,223932915
67999451,203056294
21411188,140925207
14513512,136476524
14513512,47841369
14513512,238369902
14513512,18526792
14513512,608583
14513512,92921618
14513512,35774727
14513512,44649595
14513512,44934270
14513512,45609615
14513512,237329959
14513512,14878534
14513512,247518838
14513512,238701218
14513512,97484136
14513512,106942163
20810375,129903369
20810375,17840571
20810375,26223622
20810375,24506019
20810375,36775199
20810375,222227916
20810375,16325918
20810375,22342983
20810375,71707127
20810375,39059828
14256152,217046870
14256152,67667050
14256152,14156899
14256152,34994908
14256152,68194707
14256152,190134007
14256152,133054981
14256152,232716286
14256152,54935911
14256152,144183159
14256152,29544053
14256152,18707006
14256152,15247820
14256152,186647245
14256152,39740810
14256152,2938961
14256152,55978203
14256152,146632659
14256152,229066554
14256152,177474356
14256152,120238784
14256152,51047929
14256152,130899493
14256152,164653883
14256152,65252229
14256152,70496068
14256152,162900823
14256152,56226823
14256152,243177266
14256152,250229056
14256152,236523541
14256152,123302934
14256152,227474683
14256152,194079760
14256152,188194615
14256152,128861768
14256152,51967252
14256152,224821370
14256152,137066065
14256152,183767091
14256152,149871984
14256152,203465346
14256152,99673940
14256152,78561205
14256152,250394104
14256152,112964266
14256152,93680971
14256152,235854983
14256152,55968609
14256152,219969952
14256152,14947966
14256152,144555220
14256152,79161446
18707006,94014066
18707006,50105786
65252229,136399069
75036696,239154941
75036696,198674461
18087370,246281765
18087370,240294801
18087370,150055836
18087370,231916749
18087370,245056441
18087370,115666997
18087370,245312010
18087370,219808013
208579419,140925207
29662823,244811156
29662823,198674461
29662823,107987712
29662823,51264901
29662823,80574507
29662823,18071473
29662823,20885574
29662823,53736470
29662823,182476858
29662823,89732278
18071473,88971018
18071473,22946132
18071473,140417624
18071473,46483916
100782551,19819827
67356873,133365302
67356873,217080287
67356873,172576804
49468514,136476524
49468514,200172011
778057,236837404
778057,34771848
778057,26048553
778057,250219011
778057,246281765
778057,243816246
778057,250373044
778057,139153402
778057,245660224
778057,11252962
778057,15934100
778057,167959329
778057,80126890
778057,19578194
778057,23655210
778057,19533773
778057,78728798
778057,246206665
778057,25584105
778057,35535969
778057,122825865
778057,85738930
778057,92876427
778057,92921618
778057,29544053
778057,67356873
778057,14629577
778057,16364888
778057,243926418
778057,56486104
778057,16492229
778057,84070694
778057,246080901
778057,18555909
778057,51889162
778057,15039130
778057,162834926
778057,196525437
778057,15666021
778057,69653737
778057,67182868
778057,18508610
778057,48024634
778057,23091456
778057,42510594
778057,34033504
778057,167426738
778057,81241104
778057,17904983
778057,211222563
778057,250194782
778057,31114386
778057,200185878
778057,73241558
778057,249740645
778057,14134979
778057,92572405
778057,22359289
778057,11852522
778057,92551374
778057,16227244
778057,16743159
778057,69080752
778057,113465891
778057,38536833
778057,132153364
778057,21004301
778057,17611444
778057,18677570
778057,44081834
778057,242829211
778057,5118981
778057,22707692
778057,28828668
778057,240213780
778057,56024827
778057,214039986
778057,103929676
778057,18514776
778057,106228835
778057,187812561
778057,23277821
778057,14451681
778057,10083002
778057,23849153
778057,23874865
778057,110559447
778057,237206543
778057,203851722
778057,14582002
778057,245668004
778057,14110996
778057,16094181
778057,243858678
778057,209949874
778057,250409763
778057,246866480
778057,147958172
778057,17167518
778057,9983982
778057,225791902
778057,245149713
778057,9888872
778057,12772092
778057,18147177
778057,249245256
778057,14194803
778057,155205595
778057,89464699
778057,17995082
778057,13007962
778057,17003566
778057,93293716
778057,15146752
778057,30995814
778057,15281879
778057,12054802
778057,89441397
778057,50209769
778057,229528397
778057,244242067
778057,134768489
778057,10313032
778057,16325630
778057,37103160
778057,18042179
778057,210755379
778057,14349449
778057,223809739
778057,45676150
778057,14171297
778057,14806209
778057,14172218
778057,16306939
778057,16783479
778057,14879732
778057,48733616
778057,15684633
778057,49146234
778057,110795134
778057,43882372
778057,50440593
778057,15445001
778057,15650252
778057,35017643
778057,15388014
778057,50259717
778057,14582812
778057,15409813
778057,33561106
778057,14216117
778057,15114855
778057,18469303
778057,3315611
778057,245432586
778057,21963813
778057,113207281
778057,65123394
778057,14258268
778057,13130712
778057,19127102
778057,16118800
778057,119933821
778057,30513520
778057,16334480
778057,22147593
778057,14143341
778057,86711072
778057,111943394
778057,1950361
778057,17115009
778057,102475433
778057,184920919
778057,250467490
778057,141750584
778057,243761616
778057,19495529
778057,88060423
778057,246971818
778057,85504593
778057,15108711
778057,14351684
778057,15968617
778057,9737232
778057,98276457
778057,41040292
778057,14366662
778057,56651189
778057,8016772
778057,26219070
778057,16150820
778057,102045587
778057,14748126
778057,19237877
778057,21615816
778057,50298152
778057,28091521
778057,15090029
778057,227774981
778057,85903655
778057,195667295
778057,32241069
778057,35235667
778057,16132719
778057,66693764
778057,53723
778057,23414342
778057,212053920
778057,2681811
778057,50782470
778057,63830815
778057,81258920
778057,10104922
778057,18569246
778057,8535242
778057,11252372
778057,217178177
778057,241785898
778057,16680371
778057,774675
778057,246589527
778057,31042945
778057,10691132
778057,774909
778057,8650472
778057,247056501
778057,16440738
778057,50094695
778057,5911972
778057,4511431
778057,15606048
778057,23140639
778057,14252805
778057,17759597
778057,8232782
778057,17177282
778057,17420920
778057,22198749
778057,18516039
778057,3246801
778057,17164959
778057,5397192
778057,124878242
778057,28117179
778057,114115853
778057,169925010
778057,45425802
778057,70176171
778057,40146181
778057,52034762
778057,20798870
778057,229392379
17904983,14856056
17904983,245660224
17904983,23820754
17904983,80911516
17904983,243844542
31114386,26048553
31114386,9821342
31114386,139153402
31114386,19578194
31114386,28751191
31114386,16132719
31114386,246589527
31114386,232945159
31114386,147506780
106228835,109980164
134768489,236837404
744073,172869874
744073,239086960
744073,15934100
744073,206741457
744073,129438981
744073,14867532
744073,595543
744073,101486639
744073,7172522
744073,102383322
14270329,140950765
14270329,76963073
14270329,29135767
45796503,20806039
45796503,246281765
45796503,222749332
45796503,46249941
45796503,18526792
45796503,151167139
45796503,247298356
45796503,150906477
45796503,81759312
45796503,49109425
45796503,22943471
45796503,97881048
18307147,56486104
32405267,26580562
699293,243816246
699293,228602007
699293,80126890
699293,16132719
699293,63830815
699293,245813379
699293,29074421
699293,117553950
699293,249772050
699293,14368903
83348215,14407142
83348215,218444941
83348215,94989844
49478364,250373044
100597465,243948513
108265218,198581973
108265218,242783187
18774020,126312052
18774020,58524650
18774020,83465789
18774020,47383723
16936644,2134491
16936644,39486607
16936644,151637896
4733651,189254142
4733651,106942163
4733651,116434438
4733651,84092140
4733651,2326481
4733651,15253239
4733651,241314646
4733651,49698134
4733651,236891946
4733651,187044908
4733651,207066073
4733651,222471144
4733651,16845580
4733651,26847104
4733651,38189586
4733651,208666549
4733651,23842166
4733651,53867430
4733651,203533542
4733651,66629783
15938179,120238784
15938179,20669915
15938179,22422014
15938179,3369151
15938179,47401771
86497073,115953777
115953777,68194707
115953777,164653883
115953777,73142233
115953777,41790660
115953777,205952685
16877034,14194803
16877034,193512810
16877034,19740777
16877034,110897422
16877034,50373225
16877034,14354687
16877034,92895609
16877034,188106805
16877034,54730258
16877034,22040124
16877034,86976409
16877034,17189180
21742517,200666521
21742517,91852631
21742517,51084922
21742517,139758281
21742517,30430455
21742517,14259241
21742517,42582125
21742517,71263607
21742517,152994547
21742517,72384428
21742517,206591524
21742517,24541363
89956938,135078643
89956938,116202193
17682351,14184603
17682351,245660224
17682351,39486607
17682351,12415492
17682351,52532503
17682351,50645038
17682351,5739312
17682351,184966548
17682351,66142460
17682351,34232431
17682351,52434723
17682351,90459923
17682351,35469930
17682351,59219851
64688042,67999451
64688042,245178455
58961589,211222563
58961589,66680811
58961589,14662418
58961589,224483795
58961589,109854452
23055689,15998753
23055689,218657077
23055689,57585780
23055689,215844036
23055689,15452937
23055689,92836439
23055689,68767919
23055689,27617390
23055689,12023372
23055689,217146976
23055689,44603039
23055689,81147404
215844036,225153590
215844036,115200235
16827406,40874240
16827406,820694
16827406,14398864
16827406,119182046
84252345,50560682
84252345,247208124
5724622,24725418
15852563,24725418
15852563,135267339
15852563,134438840
15852563,43905366
15852563,138821694
15852563,113101075
15852563,203268081
110986710,87734240
110986710,94297289
110986710,67436104
110986710,90182152
47759926,14184603
47759926,23611536
47759926,14662418
47759926,50657085
47759926,47616822
47759926,43035186
47759926,48983320
47759926,108412891
47759926,47312280
43035186,172745247
69665707,231029041
69665707,50560682
69665707,67436104
69665707,97964205
69665707,52076024
69665707,16708075
69665707,16223714
69665707,56337804
69665707,21692421
69665707,11430912
69665707,222155048
69665707,47982376
69665707,238294964
16223714,29761560
16223714,10230
16223714,198381553
16223714,23413774
16223714,19780870
125570941,138245933
125570941,203597381
125570941,138081073
125570941,56094416
125570941,178114140
125570941,29315398
125570941,244045531
125570941,17833458
125570941,70145776
125570941,118961018
125570941,63193107
125570941,151913260
125570941,135955486
27939337,36414339
27939337,74790777
27939337,17755877
18038038,79586144
18038038,111943394
18038038,14235198
18038038,37832874
18038038,30900551
94891223,17703122
94891223,15700283
67088395,17069442
76405315,162834926
76405315,56105099
76405315,185109209
76405315,49508538
85645965,144744398
85645965,21265289
21265289,193699640
14940354,29315398
14940354,107308197
97971298,109980164
97971298,46397752
97971298,20669915
97971298,198863670
97971298,18913839
97971298,232498203
97971298,89751027
97971298,218535909
97971298,87917916
97971298,130535415
101276067,239220959
39449688,243601314
32377320,109396816
32377320,23371841
18594226,29761560
18594226,114582000
18594226,6453612
18594226,17703122
18594226,34002725
18594226,137018540
18594226,250637045
18594226,19235140
37661452,246360644
37661452,16517324
37661452,232524164
37661452,30186404
37661452,87160574
37661452,86891451
37661452,75005476
37661452,222579087
37661452,166935641
37661452,48356887
37661452,43849270
37661452,22696166
14752085,9983982
14752085,16207416
34486207,231029041
34486207,83465789
34486207,14959952
34486207,79715569
34486207,117050427
17420789,18803635
17420789,18681826
8136412,242783187
8136412,53101363
8136412,126484403
8136412,232844365
14691461,15998753
14691461,224533772
47354526,198674461
47354526,50645038
47354526,109854452
47354526,85777944
47354526,60838336
47354526,133510668
162152060,140950765
162152060,5847662
162152060,26060710
162152060,48563102
23590478,17611444
23590478,8072532
23590478,14660332
44219339,245660224
44219339,17156208
44219339,16741059
44219339,88821707
31765370,216171128
31765370,29544053
31765370,51084922
31765370,18319960
48893763,17611444
48893763,53789042
133790890,17611444
18014005,6453612
18014005,222227916
18014005,89441397
18014005,241785898
18014005,15982861
18014005,48136196
18014005,162769774
18014005,94743993
102278432,14366662
102278432,35985450
102278432,23435398
102278432,202670471
102278432,22099952
102278432,46615988
102278432,16950250
102278432,115492377
102278432,241732147
811959,48658712
811959,13176702
811959,19521481
811959,48048423
811959,19143071
811959,145305317
14584496,59223509
14584496,239086960
14584496,167959329
14584496,80126890
14584496,98932269
14584496,65593092
14584496,595543
14584496,101486639
14584496,29074421
14584496,94989844
14584496,241314646
14584496,16741059
14584496,89490404
14584496,118259244
14584496,45001171
14584496,15152310
14584496,116512743
14584496,27485948
14584496,46400723
14584496,163377733
14584496,51519582
14584496,130240088
14584496,2326671
15152310,18496288
35773039,73241558
35773039,109854452
35773039,217278511
35773039,105256738
35773039,229990320
35773039,18106237
35773039,18814243
35773039,11492192
35773039,9964382
35773039,75070810
35773039,83235662
112246902,204228393
112246902,194909446
112246902,106070447
112246902,193246789
14115698,113465891
8570392,125695974
43572144,38136715
14196970,86250820
14196970,22824237
14196970,14568705
14196970,41999100
14196970,45040367
14196970,13512962
14196970,100819164
14196970,243705799
14196970,151254103
14196970,9313452
14196970,6486742
14196970,35499935
14196970,14773649
14196970,17699317
14196970,9446942
14196970,107894823
68110724,201405278
4148811,64461236
4148811,18218428
4148811,71992998
4148811,102711140
4148811,15297461
4148811,9774152
9737202,192851531
9737202,120174828
9737202,30367441
9737202,50324347
9737202,97151936
9737202,21842118
9737202,85431252
9737202,16226484
118718294,109980164
118718294,72533152
118718294,42245932
118718294,20476531
118718294,115773894
9692022,17160680
9692022,24506019
9692022,120238784
9692022,243926418
9692022,56651189
9692022,25916730
9692022,55484650
9692022,243148296
9692022,188079904
9692022,14185190
9692022,245377223
16098834,236837404
16098834,44859460
16098834,92524415
16098834,13209572
1327601,29544053
246713790,239220959
40830760,17833458
42171470,243948513
42171470,17138542
42171470,7713292
19352387,222749332
227971153,186647245
227971153,239220959
227971153,202375818
15313229,14115605
182745161,35774727
182745161,237511165
173003460,151593453
12011422,6021962
12011422,14236013
12011422,206021482
12011422,31030273
12011422,107183473
12011422,16012542
3020581,68258705
170374513,73142233
207522610,249716090
207522610,80126890
207522610,18526792
207522610,29544053
207522610,29074421
207522610,225669958
207522610,202872841
207522610,57706377
207522610,8015692
207522610,246161719
207522610,101885868
207522610,79288892
207522610,88437641
25061479,41790660
25061479,19770743
37895293,78878418
37895293,40643891
10081472,187044908
10081472,56434182
10081472,129585636
12456912,6691632
12456912,120797048
12456912,167326109
12456912,12844252
12456912,17274307
12456912,27271017
12456912,23432598
12456912,151041797
12456912,157268028
12456912,21897186
12456912,89184615
12456912,192608400
12456912,132978050
12456912,57320354
12456912,24863604
12456912,43136624
12456912,36195633
12456912,64819521
12456912,217014524
16848786,151167139
16848786,202375818
91277059,19819827
91277059,18901336
91277059,26713729
34907745,29544053
48030964,218657077
48030964,17170977
48030964,250645351
100624896,30186404
100624896,16570878
62257268,30186404
62257268,84669536
62257268,18237303
62257268,98083584
84669536,62288080
5740092,25584105
5740092,26223622
5740092,82867334
5740092,119035770
5740092,29283596
7280572,245149713
7280572,677753
7280572,788630
7280572,188861333
7280572,59844694
7280572,55699327
7280572,76835757
65302564,14817081
65302564,245346761
65302564,30261689
22687871,19425222
15195837,202209406
15195837,41326059
15195837,167558004
238956608,244154581
14423451,29544053
14423451,89312147
45129523,16069119
45129523,29761560
45129523,89441397
45129523,16844168
45129523,42396471
45129523,39960614
110220042,201405278
110220042,84669536
110220042,18237303
110220042,144617059
110220042,20263645
110220042,116781124
207079819,212299716
207079819,117901663
212299716,29544053
18799040,196117813
157636779,202375818
63193629,109854452
63193629,155179851
63193629,59171460
131772575,53867430
131772575,21191790
18602244,129903369
23457312,225791902
23457312,17593806
31360238,4733651
31360238,38136715
31360238,144617059
31360238,52364275
31360238,157374454
31360238,29545411
31360238,39694417
31360238,200106913
31360238,190079672
97863129,120238784
44638576,226998514
44638576,66143350
44638576,157963475
44638576,20923590
44638576,48510756
44638576,40320930
32352423,14124544
32352423,120238784
32352423,94286742
32352423,76515309
32352423,22033326
32352423,74541727
32352423,88881729
42717128,79498350
42717128,97764463
42717128,174305636
42717128,17931592
150927378,35741365
15011556,14878534
16699452,16485725
16699452,6453612
16699452,106942163
16699452,225791902
16699452,33561106
16699452,120174828
16699452,16684243
16699452,21451122
16699452,97958036
16699452,17176506
16699452,227040683
16699452,161345146
16699452,104534895
16699452,18314092
16699452,244593474
16699452,19287412
16699452,14920602
16699452,16923456
16699452,63795305
16699452,15296418
16699452,16226361
16699452,23043102
16699452,108343997
16699452,61392434
16699452,21873681
16699452,21969894
16699452,1729391
16699452,15096750
16699452,49446713
16699452,42055835
16699452,36924937
16699452,121198794
16699452,68677840
16699452,133278101
16699452,98594507
16699452,49003928
16699452,33630897
16699452,206889414
16699452,23077837
16699452,15649711
16699452,128982917
16699452,17309642
16699452,1568471
16699452,761803
14134204,59223509
14134204,53596275
18475702,23611536
18475702,29544053
78572473,20220913
78572473,26048553
78572473,245660224
78572473,30186404
78572473,245346761
78572473,9993702
78572473,39298430
78572473,2371101
78572473,68644080
78572473,146455702
78572473,237833594
78572473,243092371
78572473,47197191
78572473,48012894
78572473,245790914
78572473,160270295
78572473,144988425
78572473,52725529
46115622,37958328
46115622,120081547
46115622,25884861
46115622,238365820
72764930,51361975
32474035,232498203
32474035,33072471
32474035,50996658
32474035,120509278
32474035,122397415
32474035,41643959
13058782,59223509
166104841,55829302
166104841,21800244
183358223,32358289
183358223,244211114
183358223,138821694
183358223,155312402
183358223,59107954
15569892,36721457
15569892,14757997
17873888,167959329
17873888,150055836
17873888,122825865
17873888,248670810
46139251,51084922
46139251,14329244
28693649,238515535
28693649,45674330
28693649,206741457
28693649,226998514
28693649,209787354
28693649,198876618
28693649,22006244
28693649,118935599
28693649,29162181
28693649,96712907
28693649,11891862
28693649,81619380
28089205,138821694
28089205,42171470
28089205,17018343
28089205,64132153
28089205,15020150
28089205,79126283
28089205,17709178
28089205,82115196
28089205,48506911
28089205,37536796
28089205,133681935
28089205,14443250
28089205,98619021
28089205,48353
28089205,247289609
28089205,33977120
28089205,38563928
28089205,41136584
28089205,199365358
28089205,204358284
28089205,129060099
28089205,169050939
28089205,164304686
28089205,45541982
28089205,161020649
82070025,87675068
79241525,51084922
23767019,19127102
23767019,3422591
28086678,24506019
7489012,14407142
7489012,24956610
21599056,39006021
21599056,24725418
21599056,167959329
21599056,156593500
21599056,26580562
21599056,236891946
21599056,16684243
21599056,17210613
21599056,77697114
21599056,29698960
21599056,244947069
21599056,12691742
21599056,30887280
21599056,14313260
21599056,244314625
21599056,40072245
21599056,84449672
21599056,20298993
21599056,16718648
20686934,19425222
21848462,52532503
21848462,25884861
21848462,50996658
21848462,7781632
21848462,237211848
21848462,22434999
7781632,177865758
16948407,16223714
33849320,14407142
33849320,64900709
20398450,10083002
20398450,8570392
20398450,19116521
20398450,16146882
20398450,235121965
24247270,19425222
24247270,29544053
24247270,113243765
24247270,18693512
24247270,27156793
24247270,20460634
24247270,36083072
24247270,49473571
24247270,20223138
7703052,242975331
7703052,123430459
7703052,159095242
7703052,17154933
7703052,18125402
7703052,127817836
7703052,23121122
66943911,50560682
66943911,244045531
66943911,243601314
66943911,47594086
66943911,45120538
66943911,242663500
66943911,194245666
66943911,22137808
14740408,109854452
14740408,226857266
83164429,109174893
83164429,30186404
83164429,98083584
83164429,59171460
83164429,223236244
83164429,18584932
83164429,199336575
83164429,20932918
83164429,172049101
83164429,138833304
83164429,26741212
83164429,101330403
83164429,14550146
83164429,227766833
83164429,19983615
83164429,15620519
83164429,144846097
83164429,15840403
83164429,29492658
83164429,65519231
83164429,20694388
83164429,22946315
83164429,111418544
83164429,127082773
83164429,14450765
83164429,20155547
83164429,15327548
83164429,17365404
83164429,144861725
83164429,229055095
83164429,18519499
83164429,191657001
83164429,8656032
83164429,25032248
83164429,56517839
83164429,790559
83164429,93070466
83164429,74667527
83164429,144925592
83164429,31353253
83164429,18469107
83164429,151540883
111418544,60909031
20791292,27131906
20791292,46780776
20791292,17331168
20791292,36534580
20791292,51613598
65733298,29544053
15924913,51047929
77359671,108412891
77359671,47978558
77359671,95464662
18248919,29544053
139484747,202375818
27335898,27156793
192200890,19468154
163550916,29544053
10427562,29544053
10427562,14101460
10427562,15851248
10427562,5237281
10427562,14692177
83131500,59223509
101531527,17154933
101531527,38407059
101531527,16226800
51599491,34232431
51599491,238689466
51599491,24417844
14569869,159095242
14569869,77201760
14569869,123289289
14569869,166312240
14569869,19838038
14569869,124777366
16299754,19127102
16299754,49508538
18632338,22602751
18632338,18095543
18632338,16500304
210898406,250373044
47935353,238689466
27512951,159095242
27512951,25966608
27512951,24101774
27512951,78170871
27512951,149109752
27512951,225618759
35454634,18681826
35454634,237511165
35454634,18798503
35454634,124900879
35454634,16038333
35454634,82069032
143492615,17154933
14185424,120238784
14185424,5986922
85311406,39006021
85311406,133365302
85311406,22661834
85311406,36721457
85311406,38885364
85311406,41136584
85311406,18159074
85311406,23935452
85311406,160463743
85311406,207319259
85311406,27069943
85311406,40264603
85311406,239791709
85311406,124144801
85311406,47660611
85311406,29761214
85311406,105267859
85311406,118440223
85311406,5581582
85311406,48495906
20144167,195667295
20144167,49698134
20144167,17843090
20144167,245001113
20144167,14098607
14302121,172869874
14302121,18510860
14302121,19167941
14302121,235001345
14302121,49524300
14302121,27871697
14302121,29982648
14302121,21867024
61151216,202375818
1184951,245001113
120761095,18526792
120761095,73377499
120761095,159173971
120761095,28875929
120761095,90357904
120761095,100500027
227037120,16744496
109867901,12054802
109867901,14505172
21354221,7781632
21354221,123358995
21354221,58415844
37012240,71263607
216155102,173807116
216155102,167959329
96865969,236297113
96865969,16075111
25270800,22602751
25270800,34888743
25270800,111766763
25270800,54411353
14331452,20669915
14331452,16075111
5715752,47379932
5715752,69653737
5715752,109396816
5715752,18594407
5715752,23759730
5715752,137375351
5715752,131479852
5715752,16258797
5715752,245847098
5715752,51394848
5715752,14891828
5715752,18896901
5715752,32863898
5715752,15173365
5715752,207235053
5715752,84279825
5715752,17705684
5715752,52859241
19349805,29544053
17306011,247298356
17306011,2215171
2215171,136476524
2215171,218657077
2215171,212793078
2215171,9821342
2215171,133365302
2215171,239969314
2215171,64023468
2215171,16132719
2215171,595543
2215171,241844573
2215171,109915670
2215171,36460987
2215171,42883807
2215171,831911
2215171,19241072
2215171,40826619
2215171,25710003
2215171,18380379
2215171,48132940
2215171,18447756
2215171,164475088
2215171,117864389
2215171,45121485
2215171,41159844
2215171,15924411
2215171,237468661
2215171,143515544
2215171,21907899
2215171,35089071
2215171,159889414
2215171,206686276
2215171,106344619
2215171,203974131
2215171,226126898
54744689,79498350
54744689,122825865
54744689,50462497
70879543,21848462
70879543,19199091
70879543,43278318
18565158,19495529
16598601,235081908
16598601,51273193
80539624,62288080
42261166,120238784
42261166,41790660
42261166,16336301
42261166,243712111
42261166,108982963
18548184,19167941
17846705,195667295
29530242,59223509
17109272,246589527
17109272,24098338
17109272,16448570
824157,19495529
824157,14115605
29735885,76515309
15092464,239791709
16990368,36846878
53458027,29544053
49044623,17170977
49044623,14127229
49044623,17533557
119177712,242751590
119177712,110842331
119177712,37763456
97868784,51361975
19416225,29544053
19416225,35469930
19416225,27347518
19416225,23442765
35715678,39256585
214448144,120903808
214448144,97764463
214448144,208831907
14170225,29074421
14170225,53756589
21112489,17829594
4958911,11252962
4958911,22789272
21889071,98276457
21889071,27156793
77062281,19468154
77062281,82411266
77062281,14016032
77062281,134971995
77062281,46577579
45510215,223801781
45510215,38301738
45510215,133261278
58708507,56651189
58708507,14546047
58708507,161439565
58708507,28162211
58708507,16189623
58708507,6321752
58708507,20055905
15518353,32358289
14427603,124144801
14427603,115594786
8963,178206779
8963,149164632
8963,93067066
8963,14256152
8963,70496068
8963,51889162
8963,4733651
8963,22696166
8963,151593453
8963,167565462
8963,232888482
8963,247959995
8963,50226395
8963,16955613
8963,246599116
8963,230613969
8963,89466437
8963,58806967
8963,196487616
8963,206694919
8963,107025173
8963,190438588
8963,35733523
8963,21868189
8963,241813250
8963,243148985
8963,197691036
8963,69301345
8963,12870462
8963,22692723
8963,46337270
8963,36533993
8963,99184878
8963,142771871
8963,242914087
8963,162383523
21868189,133261278
21868189,24948884
21868189,22485327
21868189,15995180
21868189,137374443
15288901,8015692
15288901,68872674
46985065,85738930
46985065,218594162
31001654,17593806
31001654,246850831
213008960,139484747
213008960,54672699
213008960,52471568
816952,11252962
816952,110842331
81905522,245660224
4776521,75099753
4776521,2326671
4776521,42171470
4776521,14443250
4776521,27069943
4776521,105267859
4776521,118440223
4776521,114221031
4776521,54527286
4776521,14233448
4776521,14897936
4776521,18424771
4776521,158576836
4776521,103696210
4776521,78045796
4776521,42388060
4776521,198408474
4776521,104814389
4776521,73174243
4776521,46157551
4776521,68812673
4776521,157753904
4776521,192874196
4776521,170576560
4776521,70762611
4776521,243670816
4776521,116847322
4776521,127027140
4776521,243730769
4776521,230286580
4776521,122503025
4776521,206829796
4776521,37683819
4776521,167814135
4776521,90716224
4776521,247870099
68812673,105195666
83047883,29544053
83047883,17934812
83047883,27669708
45456873,235765847
45456873,78170871
15872418,180627041
15872418,118935599
15872418,175682948
15872418,38564746
15872418,14367111
15872418,40615162
133513883,49698134
133513883,134971995
133513883,189529992
133513883,21926014
133513883,20892381
41361693,15504989
41361693,62510206
62510206,245660224
60486639,59223509
45860457,22661834
45860457,15469436
111252247,43278318
59429363,29544053
31922032,246202759
31922032,42597215
31922032,87675068
31922032,16990368
31922032,62510206
31922032,236134551
31922032,17337775
31922032,100029392
16119834,17611444
16119834,24417844
16119834,15427580
22069212,29544053
22069212,50462497
22069212,122495400
55171846,56226823
51508494,14263980
10358992,49698134
17937128,29544053
8664742,18594407
8664742,58311343
19045427,78170871
238436945,227766833
15919864,11252962
194268256,58415844
194268256,90159249
194268256,49659594
197466225,194909446
197466225,89466437
197466225,229630976
197466225,69555570
197466225,62053217
197466225,188524719
197466225,161979260
17209415,20460634
17209415,21889071
17209415,105659489
18344104,122825865
18344104,49473571
87703556,29544053
189107765,78878418
189107765,29544053
189107765,16306939
189107765,244045531
189107765,42171470
189107765,197448088
189107765,14443250
189107765,192874196
189107765,46076929
189107765,49403072
189107765,208834447
189107765,74834226
189107765,245176612
189107765,59395114
189107765,150943726
189107765,246206500
189107765,3125721
189107765,129209855
189107765,248824081
78844670,29544053
66425206,29544053
50551089,167959329
50551089,30887280
50551089,18095543
50551089,257593
50551089,147533191
50551089,14759569
175141615,241844573
175141615,193276778
7140072,244811156
7140072,9774152
171617450,22661834
171617450,241844573
171617450,39256585
171617450,28630666
171617450,100621246
171617450,63849293
171617450,184741023
171617450,66079246
171617450,210715940
16655757,241844573
16655757,44190255
84620593,29544053
84620593,4733651
84620593,250322918
84620593,50061761
84620593,16067651
84620593,5299942
84620593,188537638
84620593,48998138
84620593,14993191
84620593,87270975
84620593,112231053
84620593,113908286
107958561,120238784
107958561,19819827
107958561,227774981
107958561,17829594
107958561,23666555
107958561,244430099
96737628,243844542
18142375,22925291
18142375,14456226
18142375,76987122
18142375,20615384
18142375,72480850
18142375,114702380
29716801,152994547
29716801,22640423
29716801,87959245
17917064,198674461
73623921,241844573
73623921,41657927
16376937,11252962
16376937,245149713
19001819,133510668
16935292,34771848
16935292,244801106
16935292,36846878
16935292,244681973
16935292,206741457
16935292,85738930
16935292,97484136
16935292,48733616
16935292,36414339
16935292,17274307
16935292,78170871
16935292,51508494
16935292,246296664
16935292,47574231
16935292,1672381
16935292,17673496
16935292,8370582
16935292,21474233
16935292,28339843
16935292,35784576
16935292,17346483
16935292,247816749
16935292,32418351
16935292,15912291
16935292,33507803
16935292,22570250
16935292,209432579
16935292,30368137
16935292,14296273
16935292,23260886
16935292,39584528
16935292,105323266
16935292,130662357
16935292,40486443
16935292,245691833
16935292,109670083
16935292,153807963
16935292,131093504
16935292,14861614
16935292,13530582
16935292,38667821
16935292,94566436
16935292,229132833
16935292,108913225
16935292,47523034
16935292,90755174
16935292,193453148
16935292,90670323
16935292,51496921
16935292,15817520
16935292,15216278
16935292,14988617
16935292,21906466
16935292,18133113
14296273,244947069
14296273,119139599
14296273,234532029
14296273,244427238
30353006,59223509
77659618,193699640
82416398,59223509
16488147,104534895
16488147,59429363
39639279,59223509
17838599,48356887
17838599,247816749
184139648,241844573
184139648,210429228
18480751,17611444
69019216,18095543
84065573,241844573
16080060,241844573
20353144,247959995
26331267,202375818
26331267,238956608
26331267,231732073
17446679,202375818
17446679,217476003
46165517,20344331
46165517,37763456
46165517,80274550
46165517,14843096
46165517,216883924
46165517,89243591
46165517,225060440
46165517,102728647
46165517,119791458
46165517,218679758
46165517,15413041
46165517,48319217
46165517,126578513
46165517,94250449
46165517,10095842
46165517,103041912
91426639,238365820
91426639,236593645
91426639,225174819
91426639,250703558
28327805,241844573
126625621,89732278
62811246,243816246
16541396,56337804
16541396,20457281
206986373,198674461
78782598,245178455
78782598,157796104
19533564,20223138
72517675,16075111
7707062,6453612
199862425,20344331
47567143,16517324
16958568,17069442
28870409,36775199
