Id,Label,度,Closeness Centrality,Betweenness Centrality,Eigenvector Centrality
145619111,145619111,1,1,0,0
59223509,59223509,11,0,0,0.308552237
48383145,48383145,1,1,0,0
198581973,198581973,3,0,0,0.08415061
53223847,53223847,8,1,0,0
236837404,236837404,4,0,0,0.202432384
27131906,27131906,3,0,0,0.08415061
70788259,70788259,1,0,0,0.028050203
14184603,14184603,3,0,0,0.08415061
17069442,17069442,3,0,0,0.08415061
79498350,79498350,4,0,0,0.112200814
23611536,23611536,3,0,0,0.08415061
92660310,92660310,1,0,0,0.028050203
201712702,201712702,9,1,0,0
39006021,39006021,3,0,0,0.08415061
14407142,14407142,4,0,0,0.112200814
14856056,14856056,2,0,0,0.146331977
151276543,151276543,1,0,0,0.028050203
14403308,14403308,1,0,0,0.028050203
14607953,14607953,1,0,0,0.028050203
30595233,30595233,1,0,0,0.028050203
50047513,50047513,1,0,0,0.028050203
168084172,168084172,1,0,0,0.028050203
17093031,17093031,1,1,0,0
140925207,140925207,6,0,0,0.16830122
9576102,9576102,87,1.084210526,0,0
20220913,20220913,2,0,0,0.056100407
172869874,172869874,5,0,0,0.230482588
165972024,165972024,8,1,10,0.056100407
24282591,24282591,3,0,0,0.08415061
136476524,136476524,5,0,0,0.230482588
15814146,15814146,1,0,0,0.028050203
196117813,196117813,2,0,0,0.056100407
34771848,34771848,6,1,8,0.112200814
113158328,113158328,1,0,0,0.028050203
249935291,249935291,1,0,0,0.028050203
15002660,15002660,1,0,0,0.028050203
24725418,24725418,4,0,0,0.112200814
87218309,87218309,1,0,0,0.028050203
135267339,135267339,3,0,0,0.08415061
247011244,247011244,1,0,0,0.028050203
39523267,39523267,1,0,0,0.028050203
26048553,26048553,6,0,0,0.348764361
242783187,242783187,5,1,4,0.112200814
15998753,15998753,5,0,0,0.140251017
218657077,218657077,5,0,0,0.230482588
172888647,172888647,1,0,0,0.028050203
242851044,242851044,1,0,0,0.028050203
212793078,212793078,2,0,0,0.146331977
53191985,53191985,1,0,0,0.028050203
237347838,237347838,1,0,0,0.028050203
202209406,202209406,2,0,0,0.056100407
100692710,100692710,2,0,0,0.236563548
246798367,246798367,1,0,0,0.028050203
53101363,53101363,2,0,0,0.056100407
95479765,95479765,1,0,0,0.028050203
53734351,53734351,2,0,0,0.056100407
119170521,119170521,1,0,0,0.028050203
140917613,140917613,1,0,0,0.028050203
19125048,19125048,1,0,0,0.028050203
242034299,242034299,2,0,0,0.056100407
51361975,51361975,3,0,0,0.08415061
18146018,18146018,1,0,0,0.028050203
242632854,242632854,1,0,0,0.028050203
103364104,103364104,1,0,0,0.028050203
250219011,250219011,2,0,0,0.056100407
235081908,235081908,3,0,0,0.264613751
235128248,235128248,1,0,0,0.028050203
73093568,73093568,1,0,0,0.028050203
131034344,131034344,1,0,0,0.028050203
77336376,77336376,1,0,0,0.028050203
73995540,73995540,1,0,0,0.028050203
117733959,117733959,1,0,0,0.028050203
68952877,68952877,1,0,0,0.028050203
16069119,16069119,2,0,0,0.056100407
29847100,29847100,1,0,0,0.028050203
19776947,19776947,1,0,0,0.028050203
39003709,39003709,1,0,0,0.028050203
12589102,12589102,1,0,0,0.028050203
100926556,100926556,2,1,1,0.028050203
17650998,17650998,1,0,0,0.028050203
102539487,102539487,1,0,0,0.028050203
71365276,71365276,1,0,0,0.028050203
245510758,245510758,1,0,0,0.028050203
173807116,173807116,2,0,0,0.056100407
24289502,24289502,1,0,0,0.028050203
246377138,246377138,2,0,0,0.056100407
143434318,143434318,1,0,0,0.028050203
19074197,19074197,1,0,0,0.028050203
64508451,64508451,1,0,0,0.028050203
130178969,130178969,1,0,0,0.028050203
245700066,245700066,2,0,0,0.056100407
245552598,245552598,1,0,0,0.028050203
22274476,22274476,2,0,0,0.056100407
185821500,185821500,2,0,0,0.056100407
65352610,65352610,1,0,0,0.028050203
249716090,249716090,2,0,0,0.056100407
135078643,135078643,2,0,0,0.056100407
58566981,58566981,1,0,0,0.028050203
44401236,44401236,1,0,0,0.028050203
100632068,100632068,1,0,0,0.028050203
20806039,20806039,2,0,0,0.056100407
96544601,96544601,1,0,0,0.028050203
68133207,68133207,1,0,0,0.028050203
8227022,8227022,1,0,0,0.028050203
27190290,27190290,1,0,0,0.028050203
245033484,245033484,2,0,0,0.056100407
18287695,18287695,1,0,0,0.028050203
110524606,110524606,1,0,0,0.028050203
14145606,14145606,1,0,0,0.028050203
110696311,110696311,1,0,0,0.028050203
143571673,143571673,1,0,0,0.028050203
40874240,40874240,3,1,2,0.028050203
243530112,243530112,1,0,0,0.118281774
109352572,109352572,1,0,0,0.118281774
33485597,33485597,24,1.2,0,0
41351866,41351866,2,0,0,0.056100407
47841369,47841369,2,0,0,0.056100407
246283006,246283006,2,0,0,0.417026689
47379932,47379932,2,0,0,0.056100407
239086960,239086960,4,0,0,0.292663955
18062054,18062054,1,0,0,0.028050203
242463108,242463108,1,0,0,0.028050203
101499051,101499051,1,0,0,0.028050203
87911389,87911389,1,0,0,0.028050203
9821342,9821342,9,1,29,0.264613751
47502693,47502693,1,0,0,0.028050203
29059784,29059784,1,0,0,0.028050203
18273761,18273761,1,0,0,0.028050203
32358289,32358289,3,0,0,0.08415061
220471229,220471229,2,0,0,0.056100407
245045609,245045609,1,0,0,0.028050203
136299009,136299009,1,0,0,0.028050203
78520451,78520451,1,0,0,0.028050203
106378532,106378532,1,0,0,0.028050203
13447102,13447102,1,0,0,0.028050203
14181402,14181402,1,0,0,0.028050203
59500657,59500657,1,0,0,0.028050203
245255677,245255677,2,0,0,0.056100407
98876504,98876504,26,1,0,0
51859218,51859218,1,0,0,0.028050203
246281765,246281765,5,0,0,0.140251017
15347773,15347773,1,0,0,0.028050203
29761560,29761560,5,0,0,0.410945729
248233988,248233988,2,0,0,0.056100407
245108260,245108260,1,0,0,0.028050203
133365302,133365302,4,0,0,0.292663955
55236107,55236107,1,0,0,0.028050203
240294801,240294801,2,0,0,0.056100407
28839346,28839346,1,0,0,0.028050203
243816246,243816246,6,0,0,0.16830122
238369902,238369902,2,0,0,0.056100407
238515535,238515535,4,0,0,0.112200814
180627041,180627041,3,0,0,0.08415061
191127215,191127215,1,0,0,0.028050203
202363242,202363242,1,0,0,0.028050203
153480614,153480614,1,0,0,0.028050203
63680217,63680217,1,0,0,0.028050203
244279386,244279386,1,0,0,0.028050203
19074814,19074814,1,0,0,0.028050203
140972809,140972809,1,0,0,0.028050203
247280833,247280833,1,0,0,0.028050203
216790519,216790519,1,0,0,0.028050203
820694,820694,18,1,16,0.028050203
250373044,250373044,4,0,0,0.202432384
164951970,164951970,1,0,0,0.118281774
131544348,131544348,1,0,0,0.118281774
14398864,14398864,2,0,0,0.146331977
139153402,139153402,3,0,0,0.264613751
15869306,15869306,1,0,0,0.118281774
245660224,245660224,12,0,0,0.877991864
109980164,109980164,4,0,0,0.292663955
246202759,246202759,2,0,0,0.146331977
11252962,11252962,7,0,0,0.286582994
6021962,6021962,3,0,0,0.174382181
12169762,12169762,1,0,0,0.118281774
131042222,131042222,1,0,0,0.118281774
235765847,235765847,2,0,0,0.146331977
47930097,47930097,1,0,0,0.118281774
35232736,35232736,7,1,0,0
7137822,7137822,1,0,0,0.028050203
103978774,103978774,1,0,0,0.028050203
44859460,44859460,3,0,0,0.08415061
17015148,17015148,1,0,0,0.028050203
16485725,16485725,2,0,0,0.056100407
113994730,113994730,1,0,0,0.028050203
234489044,234489044,1,1,0,0
244801106,244801106,3,0,0,0.08415061
11316572,11316572,23,1.148148148,0,0
66376676,66376676,2,0,0,0.056100407
160568186,160568186,1,0,0,0.028050203
54558463,54558463,1,0,0,0.028050203
43964870,43964870,1,0,0,0.028050203
87643594,87643594,1,0,0,0.028050203
17515318,17515318,1,0,0,0.028050203
140950765,140950765,3,0,0,0.08415061
189254142,189254142,2,0,0,0.326795118
15289325,15289325,1,0,0,0.028050203
37459867,37459867,1,0,0,0.028050203
15934100,15934100,3,0,0,0.08415061
199342782,199342782,3,0,0,0.08415061
35158890,35158890,1,0,0,0.028050203
45306022,45306022,1,0,0,0.028050203
64173452,64173452,1,0,0,0.028050203
36016773,36016773,4,1,2,0.028050203
43410990,43410990,1,0,0,0.028050203
90036051,90036051,2,0,0,0.146331977
92023100,92023100,1,0,0,0.028050203
24842995,24842995,1,0,0,0.028050203
8906612,8906612,38,1.191489362,0,0
33834391,33834391,1,0,0,0.028050203
21328726,21328726,1,0,0,0.028050203
167638126,167638126,1,0,0,0.028050203
18285948,18285948,1,0,0,0.028050203
203312139,203312139,1,0,0,0.028050203
22661834,22661834,9,1,18,0.112200814
21661210,21661210,2,0,0,0.417026689
203296117,203296117,1,0,0,0.028050203
238757453,238757453,1,0,0,0.028050203
178206779,178206779,2,0,0,0.056100407
18465738,18465738,5,1,3,0.028050203
239969314,239969314,4,1,2,0.174382181
167959329,167959329,8,0,0,0.224401627
48790730,48790730,2,0,0,0.146331977
247387588,247387588,1,0,0,0.028050203
14445424,14445424,1,0,0,0.028050203
55829302,55829302,2,0,0,0.056100407
114582000,114582000,2,0,0,0.056100407
16162099,16162099,2,1,1,0.028050203
156233898,156233898,1,0,0,0.028050203
42208602,42208602,1,0,0,0.028050203
23820754,23820754,2,0,0,0.146331977
86391940,86391940,1,0,0,0.028050203
120201528,120201528,1,0,0,0.028050203
88663606,88663606,1,0,0,0.028050203
64132002,64132002,1,0,0,0.028050203
22249978,22249978,1,0,0,0.028050203
42597215,42597215,2,0,0,0.056100407
92556599,92556599,1,0,0,0.028050203
229682499,229682499,1,0,0,0.028050203
108235863,108235863,1,0,0,0.028050203
56793090,56793090,1,0,0,0.028050203
203320886,203320886,1,0,0,0.028050203
6453612,6453612,7,1,12,0.112200814
190046198,190046198,1,0,0,0.388976485
47961020,47961020,1,0,0,0.388976485
68140695,68140695,6,1.142857143,0,0
146904677,146904677,1,0,0,0.028050203
24609337,24609337,1,0,0,0.028050203
15752333,15752333,1,0,0,0.028050203
41239526,41239526,1,0,0,0.028050203
79498539,79498539,1,0,0,0.028050203
149164632,149164632,2,0,0,0.236563548
226404924,226404924,1,0,0,0.208513344
244211114,244211114,2,0,0,0.236563548
247301588,247301588,1,0,0,0.208513344
81679867,81679867,10,1,0,0
245672194,245672194,1,0,0,0.028050203
68258705,68258705,2,0,0,0.056100407
17730733,17730733,1,0,0,0.028050203
150741727,150741727,1,0,0,0.028050203
14868090,14868090,1,0,0,0.028050203
195648763,195648763,1,0,0,0.028050203
194018916,194018916,1,0,0,0.028050203
96543231,96543231,1,0,0,0.028050203
184917683,184917683,2,1,0,0
242809350,242809350,2,0,0,0.056100407
106393282,106393282,1,0,0,0.028050203
9201822,9201822,5,1,0,0
111855574,111855574,3,0,0,0.264613751
194846886,194846886,1,0,0,0.028050203
243179120,243179120,1,0,0,0.028050203
3655491,3655491,147,1.013422819,0,0
243322507,243322507,1,0,0,0.028050203
93947122,93947122,1,0,0,0.028050203
242671550,242671550,2,0,0,0.056100407
21714700,21714700,2,0,0,0.056100407
228602007,228602007,2,0,0,0.056100407
86250820,86250820,2,0,0,0.056100407
222749332,222749332,3,0,0,0.08415061
153424135,153424135,2,0,0,0.056100407
78878418,78878418,3,0,0,0.08415061
48167400,48167400,2,1,1,0.028050203
36721457,36721457,3,0,0,0.08415061
80126890,80126890,5,0,0,0.140251017
79136059,79136059,2,0,0,0.056100407
109174893,109174893,2,0,0,0.056100407
75099753,75099753,3,0,0,0.08415061
16744496,16744496,2,0,0,0.056100407
156593500,156593500,2,0,0,0.056100407
14124544,14124544,2,0,0,0.056100407
36846878,36846878,3,0,0,0.174382181
120903808,120903808,2,0,0,0.056100407
17160680,17160680,2,0,0,0.056100407
19578194,19578194,3,0,0,0.174382181
46249941,46249941,2,0,0,0.056100407
3419141,3419141,1,0,0,0.028050203
7458262,7458262,1,0,0,0.028050203
89213165,89213165,1,0,0,0.028050203
31700808,31700808,1,0,0,0.028050203
25381441,25381441,1,0,0,0.028050203
23655210,23655210,2,0,0,0.056100407
38486009,38486009,1,0,0,0.028050203
123999589,123999589,1,0,0,0.028050203
40615400,40615400,1,0,0,0.028050203
30233484,30233484,1,0,0,0.028050203
244944749,244944749,1,0,0,0.028050203
140407365,140407365,1,0,0,0.028050203
38224970,38224970,1,0,0,0.028050203
79340068,79340068,1,0,0,0.028050203
140419227,140419227,2,1,1,0.028050203
244968217,244968217,1,0,0,0.028050203
109607991,109607991,1,0,0,0.028050203
246187019,246187019,1,0,0,0.028050203
90462709,90462709,1,0,0,0.028050203
104327575,104327575,1,0,0,0.028050203
55632779,55632779,1,0,0,0.028050203
220797072,220797072,1,0,0,0.028050203
41321146,41321146,1,0,0,0.028050203
49451215,49451215,1,0,0,0.028050203
244078212,244078212,1,0,0,0.028050203
110807429,110807429,1,0,0,0.028050203
49345226,49345226,1,0,0,0.028050203
25481259,25481259,1,0,0,0.028050203
93470866,93470866,1,0,0,0.028050203
121367858,121367858,1,0,0,0.028050203
157726273,157726273,1,0,0,0.028050203
243328576,243328576,1,0,0,0.028050203
45865234,45865234,1,0,0,0.028050203
17693079,17693079,1,0,0,0.028050203
212340513,212340513,1,0,0,0.028050203
37902240,37902240,1,0,0,0.028050203
25242870,25242870,1,0,0,0.028050203
18641106,18641106,1,0,0,0.028050203
240809278,240809278,1,0,0,0.028050203
49946383,49946383,1,0,0,0.028050203
134474432,134474432,1,0,0,0.028050203
34061316,34061316,1,0,0,0.028050203
62311917,62311917,1,0,0,0.028050203
15212683,15212683,1,0,0,0.028050203
63985557,63985557,1,0,0,0.028050203
220701283,220701283,1,0,0,0.028050203
22838573,22838573,1,0,0,0.028050203
16654413,16654413,1,0,0,0.028050203
176020991,176020991,1,0,0,0.028050203
42375823,42375823,1,0,0,0.028050203
21968778,21968778,1,0,0,0.028050203
31577678,31577678,1,0,0,0.028050203
44103984,44103984,1,0,0,0.028050203
38182445,38182445,1,0,0,0.028050203
244681973,244681973,2,0,0,0.056100407
90346365,90346365,1,0,0,0.028050203
125589278,125589278,1,0,0,0.028050203
114754039,114754039,1,0,0,0.028050203
244995608,244995608,1,0,0,0.028050203
238160937,238160937,1,0,0,0.028050203
87007811,87007811,1,0,0,0.028050203
131155022,131155022,1,0,0,0.028050203
12448372,12448372,1,0,0,0.028050203
244200817,244200817,1,0,0,0.028050203
197709012,197709012,1,0,0,0.028050203
244483171,244483171,1,0,0,0.028050203
18898784,18898784,1,0,0,0.028050203
231050539,231050539,1,0,0,0.028050203
246635985,246635985,1,0,0,0.028050203
40915422,40915422,1,0,0,0.028050203
16016006,16016006,1,0,0,0.028050203
222621744,222621744,1,0,0,0.028050203
108837184,108837184,1,0,0,0.028050203
61892096,61892096,1,0,0,0.028050203
16909205,16909205,1,0,0,0.028050203
12836362,12836362,1,0,0,0.028050203
233084299,233084299,1,0,0,0.028050203
16322345,16322345,1,0,0,0.028050203
14606097,14606097,1,0,0,0.028050203
243382666,243382666,1,0,0,0.028050203
160658467,160658467,1,0,0,0.028050203
57325778,57325778,1,0,0,0.028050203
15182402,15182402,1,0,0,0.028050203
8621252,8621252,1,0,0,0.028050203
151171508,151171508,1,0,0,0.028050203
15952700,15952700,1,0,0,0.028050203
222671927,222671927,1,0,0,0.028050203
96383712,96383712,1,0,0,0.028050203
176864114,176864114,1,0,0,0.028050203
61253490,61253490,1,0,0,0.028050203
18577850,18577850,1,0,0,0.028050203
39982144,39982144,1,0,0,0.028050203
248885042,248885042,1,0,0,0.028050203
75496778,75496778,1,0,0,0.028050203
250138470,250138470,1,0,0,0.028050203
22925291,22925291,2,0,0,0.056100407
49939129,49939129,1,0,0,0.028050203
69232407,69232407,1,0,0,0.028050203
1196381,1196381,1,0,0,0.028050203
132512775,132512775,1,0,0,0.028050203
49331874,49331874,1,0,0,0.028050203
35057432,35057432,1,0,0,0.028050203
14786623,14786623,1,0,0,0.028050203
20344331,20344331,3,0,0,0.08415061
15504989,15504989,2,0,0,0.056100407
146475348,146475348,1,0,0,0.028050203
29883095,29883095,1,0,0,0.028050203
18586937,18586937,1,0,0,0.028050203
21059938,21059938,1,0,0,0.028050203
122023482,122023482,1,0,0,0.028050203
26737455,26737455,1,0,0,0.028050203
10190682,10190682,1,0,0,0.028050203
95073976,95073976,1,0,0,0.028050203
73278032,73278032,1,0,0,0.028050203
47584981,47584981,1,0,0,0.028050203
94551454,94551454,1,0,0,0.028050203
135143751,135143751,26,1.166666667,0,0
82987284,82987284,1,0,0,0.028050203
65585789,65585789,1,0,0,0.028050203
18921369,18921369,2,1,1,0.028050203
226532789,226532789,2,0,0,0.146331977
150055836,150055836,3,0,0,0.08415061
126484403,126484403,2,0,0,0.056100407
28751191,28751191,2,0,0,0.146331977
42071968,42071968,1,0,0,0.028050203
98932269,98932269,3,1.5,4,0.056100407
166100753,166100753,1,0,0,0.028050203
241262304,241262304,1,0,0,0.028050203
247214739,247214739,1,0,0,0.028050203
127489106,127489106,1,0,0,0.028050203
101854466,101854466,1,0,0,0.028050203
45567561,45567561,1,0,0,0.028050203
39154970,39154970,1,0,0,0.028050203
31909616,31909616,1,0,0,0.028050203
40144459,40144459,1,0,0,0.028050203
144174237,144174237,1,0,0,0.028050203
33634858,33634858,1,0,0,0.028050203
118200548,118200548,1,0,0,0.028050203
159644072,159644072,24,1,0,0
247443672,247443672,1,0,0,0.028050203
18526792,18526792,5,0,0,0.140251017
18474972,18474972,1,0,0,0.028050203
218158653,218158653,1,0,0,0.028050203
8127782,8127782,1,0,0,0.028050203
120526828,120526828,1,0,0,0.028050203
2787081,2787081,1,0,0,0.028050203
248948844,248948844,1,0,0,0.028050203
112917034,112917034,1,0,0,0.028050203
46774746,46774746,1,0,0,0.028050203
25787404,25787404,1,0,0,0.028050203
176463229,176463229,1,0,0,0.028050203
63062491,63062491,1,0,0,0.028050203
148478489,148478489,1,0,0,0.028050203
215251958,215251958,1,0,0,0.028050203
242882473,242882473,1,0,0,0.028050203
244029932,244029932,1,0,0,0.028050203
160703588,160703588,1,0,0,0.028050203
221146229,221146229,1,0,0,0.028050203
46397752,46397752,2,0,0,0.056100407
20659839,20659839,6,1,0,0
69663763,69663763,1,0,0,0.028050203
231029041,231029041,3,0,0,0.08415061
230715785,230715785,1,0,0,0.028050203
67124564,67124564,1,0,0,0.028050203
26457416,26457416,1,0,0,0.028050203
145188800,145188800,2,1,0,0
216171128,216171128,2,0,0,0.056100407
226574221,226574221,1,1,0,0
19533773,19533773,2,0,0,0.056100407
78728798,78728798,2,1,0,0.028050203
246206665,246206665,4,0,0,0.760426631
9055752,9055752,22,1.214285714,0,0
133122437,133122437,1,0,0,0.028050203
14192933,14192933,1,0,0,0.028050203
151167139,151167139,3,0,0,0.08415061
64023468,64023468,3,0,0,0.354845322
5427612,5427612,1,0,0,0.028050203
54339521,54339521,1,0,0,0.028050203
196305992,196305992,1,0,0,0.028050203
70422459,70422459,1,0,0,0.028050203
98966729,98966729,1,0,0,0.028050203
170940824,170940824,1,0,0,0.028050203
246887179,246887179,1,0,0,0.028050203
192174338,192174338,1,0,0,0.028050203
75033178,75033178,1,0,0,0.028050203
243173514,243173514,1,0,0,0.028050203
18484673,18484673,1,1,0,0
17703122,17703122,3,0,0,0.08415061
26580562,26580562,3,1,2,0.056100407
44122178,44122178,1,0,0,0.208513344
17043155,17043155,43,1.085106383,0,0
39839409,39839409,1,0,0,0.028050203
65898327,65898327,1,0,0,0.028050203
199924232,199924232,1,0,0,0.028050203
138128834,138128834,1,0,0,0.028050203
25584105,25584105,4,0,0,0.202432384
20618608,20618608,1,0,0,0.028050203
14930551,14930551,1,0,0,0.028050203
48658712,48658712,2,0,0,0.056100407
19425222,19425222,4,0,0,0.112200814
48798211,48798211,1,0,0,0.028050203
79586144,79586144,2,0,0,0.056100407
8026562,8026562,1,0,0,0.028050203
244811156,244811156,7,1,12,0.08415061
35535969,35535969,2,0,0,0.056100407
122825865,122825865,5,0,0,0.140251017
45674330,45674330,2,0,0,0.056100407
72533152,72533152,2,0,0,0.056100407
206741457,206741457,4,0,0,0.112200814
85738930,85738930,4,0,0,0.112200814
93067066,93067066,2,0,0,0.056100407
44300961,44300961,1,0,0,0.028050203
15220768,15220768,1,0,0,0.028050203
42919909,42919909,1,0,0,0.028050203
15137761,15137761,1,0,0,0.028050203
217046870,217046870,2,0,0,0.146331977
28009377,28009377,1,0,0,0.028050203
33611460,33611460,1,0,0,0.028050203
48838633,48838633,1,0,0,0.028050203
57437109,57437109,1,0,0,0.028050203
35200170,35200170,1,0,0,0.028050203
217721579,217721579,1,0,0,0.028050203
89673796,89673796,1,0,0,0.028050203
80895643,80895643,1,0,0,0.028050203
117077225,117077225,1,0,0,0.028050203
86747767,86747767,1,0,0,0.028050203
14702634,14702634,1,0,0,0.028050203
92621563,92621563,1,0,0,0.028050203
28785486,28785486,12,1,0,0
37052717,37052717,1,0,0,0.028050203
14581136,14581136,1,0,0,0.028050203
16155483,16155483,1,0,0,0.028050203
250263010,250263010,1,0,0,0.028050203
169534973,169534973,1,0,0,0.028050203
16278024,16278024,1,0,0,0.028050203
22511729,22511729,1,0,0,0.028050203
217802849,217802849,1,0,0,0.028050203
64550241,64550241,1,0,0,0.028050203
76362953,76362953,1,0,0,0.028050203
186606966,186606966,1,1,0,0
44942611,44942611,2,1,0,0
92876427,92876427,2,0,0,0.056100407
43457467,43457467,1,0,0,0.028050203
149857783,149857783,4,1.818181818,0,0
67999451,67999451,21,1,37,0.056100407
101549500,101549500,1,0,0,0.028050203
109548597,109548597,1,0,0,0.028050203
144744398,144744398,2,0,0,0.236563548
102420077,102420077,1,0,0,0.208513344
39099966,39099966,1,0,0,0.208513344
118415737,118415737,1,0,0,0.208513344
246429655,246429655,1,0,0,0.208513344
65593092,65593092,2,0,0,0.236563548
105541972,105541972,1,0,0,0.208513344
62755345,62755345,1,0,0,0.208513344
62036051,62036051,1,0,0,0.208513344
20970513,20970513,1,0,0,0.208513344
246232522,246232522,1,0,0,0.208513344
160300112,160300112,1,0,0,0.208513344
232590662,232590662,1,0,0,0.208513344
223932915,223932915,1,0,0,0.208513344
203056294,203056294,1,0,0,0.208513344
21411188,21411188,1,1,0,0
14513512,14513512,16,1,0,0
608583,608583,1,0,0,0.028050203
92921618,92921618,2,0,0,0.056100407
35774727,35774727,2,0,0,0.056100407
44649595,44649595,1,0,0,0.028050203
44934270,44934270,1,0,0,0.028050203
45609615,45609615,1,0,0,0.028050203
237329959,237329959,1,0,0,0.028050203
14878534,14878534,2,0,0,0.056100407
247518838,247518838,1,0,0,0.028050203
238701218,238701218,1,0,0,0.028050203
97484136,97484136,2,0,0,0.056100407
106942163,106942163,3,0,0,0.354845322
20810375,20810375,10,1,0,0
129903369,129903369,2,0,0,0.056100407
17840571,17840571,1,0,0,0.028050203
26223622,26223622,2,0,0,0.056100407
24506019,24506019,3,0,0,0.08415061
36775199,36775199,2,0,0,0.056100407
222227916,222227916,2,0,0,0.056100407
16325918,16325918,1,0,0,0.028050203
22342983,22342983,1,0,0,0.028050203
71707127,71707127,1,0,0,0.028050203
39059828,39059828,1,0,0,0.028050203
14256152,14256152,54,1.053571429,55,0.028050203
67667050,67667050,1,0,0,0.118281774
14156899,14156899,1,0,0,0.118281774
34994908,34994908,1,0,0,0.118281774
68194707,68194707,2,0,0,0.236563548
190134007,190134007,1,0,0,0.118281774
133054981,133054981,1,0,0,0.118281774
232716286,232716286,1,0,0,0.118281774
54935911,54935911,1,0,0,0.118281774
144183159,144183159,1,0,0,0.118281774
29544053,29544053,26,0,0,1
18707006,18707006,3,1,4,0.118281774
15247820,15247820,1,0,0,0.118281774
186647245,186647245,2,0,0,0.146331977
39740810,39740810,1,0,0,0.118281774
2938961,2938961,1,0,0,0.118281774
55978203,55978203,1,0,0,0.118281774
146632659,146632659,1,0,0,0.118281774
229066554,229066554,1,0,0,0.118281774
177474356,177474356,1,0,0,0.118281774
120238784,120238784,8,0,0,0.692164304
51047929,51047929,2,0,0,0.146331977
130899493,130899493,1,0,0,0.118281774
164653883,164653883,2,0,0,0.236563548
65252229,65252229,2,1,2,0.118281774
70496068,70496068,2,0,0,0.146331977
162900823,162900823,1,0,0,0.118281774
56226823,56226823,2,0,0,0.146331977
243177266,243177266,1,0,0,0.118281774
250229056,250229056,1,0,0,0.118281774
236523541,236523541,1,0,0,0.118281774
123302934,123302934,1,0,0,0.118281774
227474683,227474683,1,0,0,0.118281774
194079760,194079760,1,0,0,0.118281774
188194615,188194615,1,0,0,0.118281774
128861768,128861768,1,0,0,0.118281774
51967252,51967252,1,0,0,0.118281774
224821370,224821370,1,0,0,0.118281774
137066065,137066065,1,0,0,0.118281774
183767091,183767091,1,0,0,0.118281774
149871984,149871984,1,0,0,0.118281774
203465346,203465346,1,0,0,0.118281774
99673940,99673940,1,0,0,0.118281774
78561205,78561205,1,0,0,0.118281774
250394104,250394104,1,0,0,0.118281774
112964266,112964266,1,0,0,0.118281774
93680971,93680971,1,0,0,0.118281774
235854983,235854983,1,0,0,0.118281774
55968609,55968609,1,0,0,0.118281774
219969952,219969952,1,0,0,0.118281774
14947966,14947966,1,0,0,0.118281774
144555220,144555220,1,0,0,0.118281774
79161446,79161446,1,0,0,0.118281774
75036696,75036696,2,1,0,0
239154941,239154941,1,0,0,0.028050203
198674461,198674461,5,0,0,0.140251017
18087370,18087370,8,1,0,0
231916749,231916749,1,0,0,0.028050203
245056441,245056441,1,0,0,0.028050203
115666997,115666997,1,0,0,0.028050203
245312010,245312010,1,0,0,0.028050203
219808013,219808013,1,0,0,0.028050203
208579419,208579419,1,1,0,0
46759464,46759464,1,0,0,0.388976485
242751590,242751590,2,0,0,0.417026689
38885364,38885364,2,0,0,0.417026689
186865167,186865167,1,0,0,0.388976485
29662823,29662823,10,1.444444444,0,0
107987712,107987712,1,0,0,0.028050203
51264901,51264901,1,0,0,0.028050203
80574507,80574507,1,0,0,0.028050203
18071473,18071473,5,1,4,0.028050203
20885574,20885574,1,0,0,0.028050203
53736470,53736470,1,0,0,0.028050203
182476858,182476858,1,0,0,0.028050203
89732278,89732278,2,0,0,0.056100407
100782551,100782551,1,1,0,0
19819827,19819827,3,0,0,0.08415061
67356873,67356873,4,1,3,0.028050203
217080287,217080287,1,0,0,0.118281774
172576804,172576804,1,0,0,0.118281774
49468514,49468514,2,1,0,0
200172011,200172011,1,0,0,0.028050203
778057,778057,252,1.088560886,0,0
14629577,14629577,1,0,0,0.028050203
16364888,16364888,1,0,0,0.028050203
243926418,243926418,2,0,0,0.056100407
56486104,56486104,2,0,0,0.056100407
16492229,16492229,1,0,0,0.028050203
84070694,84070694,1,0,0,0.028050203
246080901,246080901,1,0,0,0.028050203
18555909,18555909,1,0,0,0.028050203
51889162,51889162,2,0,0,0.056100407
15039130,15039130,1,0,0,0.028050203
162834926,162834926,2,0,0,0.056100407
196525437,196525437,1,0,0,0.028050203
15666021,15666021,1,0,0,0.028050203
69653737,69653737,2,0,0,0.056100407
67182868,67182868,1,0,0,0.028050203
18508610,18508610,1,0,0,0.028050203
48024634,48024634,1,0,0,0.028050203
23091456,23091456,1,0,0,0.028050203
42510594,42510594,1,0,0,0.028050203
34033504,34033504,1,0,0,0.028050203
167426738,167426738,1,0,0,0.028050203
81241104,81241104,1,0,0,0.028050203
17904983,17904983,6,1,4,0.028050203
211222563,211222563,2,0,0,0.056100407
250194782,250194782,1,0,0,0.028050203
31114386,31114386,10,1.4,9,0.028050203
200185878,200185878,1,0,0,0.028050203
73241558,73241558,2,0,0,0.056100407
249740645,249740645,1,0,0,0.028050203
14134979,14134979,1,0,0,0.028050203
92572405,92572405,1,0,0,0.028050203
22359289,22359289,1,0,0,0.028050203
11852522,11852522,1,0,0,0.028050203
92551374,92551374,1,0,0,0.028050203
16227244,16227244,1,0,0,0.028050203
16743159,16743159,1,0,0,0.028050203
69080752,69080752,1,0,0,0.028050203
113465891,113465891,2,0,0,0.056100407
38536833,38536833,1,0,0,0.028050203
132153364,132153364,1,0,0,0.028050203
21004301,21004301,1,0,0,0.028050203
17611444,17611444,6,0,0,0.16830122
18677570,18677570,1,0,0,0.028050203
44081834,44081834,1,0,0,0.028050203
242829211,242829211,1,0,0,0.028050203
5118981,5118981,1,0,0,0.028050203
22707692,22707692,1,0,0,0.028050203
28828668,28828668,1,0,0,0.028050203
240213780,240213780,1,0,0,0.028050203
56024827,56024827,1,0,0,0.028050203
214039986,214039986,1,0,0,0.028050203
103929676,103929676,1,0,0,0.028050203
18514776,18514776,1,0,0,0.028050203
106228835,106228835,2,1,1,0.028050203
187812561,187812561,1,0,0,0.028050203
23277821,23277821,1,0,0,0.028050203
14451681,14451681,1,0,0,0.028050203
10083002,10083002,2,0,0,0.056100407
23849153,23849153,1,0,0,0.028050203
23874865,23874865,1,0,0,0.028050203
110559447,110559447,1,0,0,0.028050203
237206543,237206543,1,0,0,0.028050203
203851722,203851722,1,0,0,0.028050203
14582002,14582002,1,0,0,0.028050203
245668004,245668004,1,0,0,0.028050203
14110996,14110996,1,0,0,0.028050203
16094181,16094181,1,0,0,0.028050203
243858678,243858678,1,0,0,0.028050203
209949874,209949874,1,0,0,0.028050203
250409763,250409763,1,0,0,0.028050203
246866480,246866480,1,0,0,0.028050203
147958172,147958172,1,0,0,0.028050203
17167518,17167518,1,0,0,0.028050203
9983982,9983982,2,0,0,0.056100407
225791902,225791902,3,0,0,0.08415061
245149713,245149713,3,0,0,0.08415061
9888872,9888872,1,0,0,0.028050203
12772092,12772092,1,0,0,0.028050203
18147177,18147177,1,0,0,0.028050203
249245256,249245256,1,0,0,0.028050203
14194803,14194803,2,0,0,0.056100407
155205595,155205595,1,0,0,0.028050203
89464699,89464699,1,0,0,0.028050203
17995082,17995082,1,0,0,0.028050203
13007962,13007962,1,0,0,0.028050203
17003566,17003566,1,0,0,0.028050203
93293716,93293716,1,0,0,0.028050203
15146752,15146752,1,0,0,0.028050203
30995814,30995814,1,0,0,0.028050203
15281879,15281879,1,0,0,0.028050203
12054802,12054802,2,0,0,0.056100407
89441397,89441397,3,0,0,0.08415061
50209769,50209769,1,0,0,0.028050203
229528397,229528397,1,0,0,0.028050203
244242067,244242067,1,0,0,0.028050203
134768489,134768489,2,1,0,0.028050203
10313032,10313032,1,0,0,0.028050203
16325630,16325630,1,0,0,0.028050203
37103160,37103160,1,0,0,0.028050203
18042179,18042179,1,0,0,0.028050203
210755379,210755379,1,0,0,0.028050203
14349449,14349449,1,0,0,0.028050203
223809739,223809739,1,0,0,0.028050203
45676150,45676150,1,0,0,0.028050203
14171297,14171297,1,0,0,0.028050203
14806209,14806209,1,0,0,0.028050203
14172218,14172218,1,0,0,0.028050203
16306939,16306939,2,0,0,0.056100407
16783479,16783479,1,0,0,0.028050203
14879732,14879732,1,0,0,0.028050203
48733616,48733616,2,0,0,0.056100407
15684633,15684633,1,0,0,0.028050203
49146234,49146234,1,0,0,0.028050203
110795134,110795134,1,0,0,0.028050203
43882372,43882372,1,0,0,0.028050203
50440593,50440593,1,0,0,0.028050203
15445001,15445001,1,0,0,0.028050203
15650252,15650252,1,0,0,0.028050203
35017643,35017643,1,0,0,0.028050203
15388014,15388014,1,0,0,0.028050203
50259717,50259717,1,0,0,0.028050203
14582812,14582812,1,0,0,0.028050203
15409813,15409813,1,0,0,0.028050203
33561106,33561106,2,0,0,0.056100407
14216117,14216117,1,0,0,0.028050203
15114855,15114855,1,0,0,0.028050203
18469303,18469303,1,0,0,0.028050203
3315611,3315611,1,0,0,0.028050203
245432586,245432586,1,0,0,0.028050203
21963813,21963813,1,0,0,0.028050203
113207281,113207281,1,0,0,0.028050203
65123394,65123394,1,0,0,0.028050203
14258268,14258268,1,0,0,0.028050203
13130712,13130712,1,0,0,0.028050203
19127102,19127102,3,0,0,0.08415061
16118800,16118800,1,0,0,0.028050203
119933821,119933821,1,0,0,0.028050203
30513520,30513520,1,0,0,0.028050203
16334480,16334480,1,0,0,0.028050203
22147593,22147593,1,0,0,0.028050203
14143341,14143341,1,0,0,0.028050203
86711072,86711072,1,0,0,0.028050203
111943394,111943394,2,0,0,0.056100407
1950361,1950361,1,0,0,0.028050203
17115009,17115009,1,0,0,0.028050203
102475433,102475433,1,0,0,0.028050203
184920919,184920919,1,0,0,0.028050203
250467490,250467490,1,0,0,0.028050203
141750584,141750584,1,0,0,0.028050203
243761616,243761616,1,0,0,0.028050203
19495529,19495529,3,0,0,0.08415061
88060423,88060423,1,0,0,0.028050203
246971818,246971818,1,0,0,0.028050203
85504593,85504593,1,0,0,0.028050203
15108711,15108711,1,0,0,0.028050203
14351684,14351684,1,0,0,0.028050203
15968617,15968617,1,0,0,0.028050203
9737232,9737232,1,0,0,0.028050203
98276457,98276457,2,0,0,0.146331977
41040292,41040292,1,0,0,0.028050203
14366662,14366662,2,0,0,0.056100407
56651189,56651189,3,0,0,0.08415061
8016772,8016772,1,0,0,0.028050203
26219070,26219070,1,0,0,0.028050203
16150820,16150820,1,0,0,0.028050203
102045587,102045587,1,0,0,0.028050203
14748126,14748126,1,0,0,0.028050203
19237877,19237877,1,0,0,0.028050203
21615816,21615816,1,0,0,0.028050203
50298152,50298152,1,0,0,0.028050203
28091521,28091521,1,0,0,0.028050203
15090029,15090029,1,0,0,0.028050203
227774981,227774981,2,0,0,0.056100407
85903655,85903655,1,0,0,0.028050203
195667295,195667295,3,0,0,0.08415061
32241069,32241069,1,0,0,0.028050203
35235667,35235667,1,0,0,0.028050203
16132719,16132719,4,0,0,0.292663955
66693764,66693764,1,0,0,0.028050203
53723,53723,1,0,0,0.028050203
23414342,23414342,1,0,0,0.028050203
212053920,212053920,1,0,0,0.028050203
2681811,2681811,1,0,0,0.028050203
50782470,50782470,1,0,0,0.028050203
63830815,63830815,2,0,0,0.056100407
81258920,81258920,1,0,0,0.028050203
10104922,10104922,1,0,0,0.028050203
18569246,18569246,1,0,0,0.028050203
8535242,8535242,1,0,0,0.028050203
11252372,11252372,1,0,0,0.028050203
217178177,217178177,1,0,0,0.028050203
241785898,241785898,2,0,0,0.056100407
16680371,16680371,1,0,0,0.028050203
774675,774675,1,0,0,0.028050203
246589527,246589527,3,0,0,0.174382181
31042945,31042945,1,0,0,0.028050203
10691132,10691132,1,0,0,0.028050203
774909,774909,1,0,0,0.028050203
8650472,8650472,1,0,0,0.028050203
247056501,247056501,1,0,0,0.028050203
16440738,16440738,1,0,0,0.028050203
50094695,50094695,1,0,0,0.028050203
5911972,5911972,1,0,0,0.028050203
4511431,4511431,1,0,0,0.028050203
15606048,15606048,1,0,0,0.028050203
23140639,23140639,1,0,0,0.028050203
14252805,14252805,1,0,0,0.028050203
17759597,17759597,1,0,0,0.028050203
8232782,8232782,1,0,0,0.028050203
17177282,17177282,1,0,0,0.028050203
17420920,17420920,1,0,0,0.028050203
22198749,22198749,1,0,0,0.028050203
18516039,18516039,1,0,0,0.028050203
3246801,3246801,1,0,0,0.028050203
17164959,17164959,1,0,0,0.028050203
5397192,5397192,1,0,0,0.028050203
124878242,124878242,1,0,0,0.028050203
28117179,28117179,1,0,0,0.028050203
114115853,114115853,1,0,0,0.028050203
169925010,169925010,1,0,0,0.028050203
45425802,45425802,1,0,0,0.028050203
70176171,70176171,1,0,0,0.028050203
40146181,40146181,1,0,0,0.028050203
52034762,52034762,1,0,0,0.028050203
20798870,20798870,1,0,0,0.028050203
229392379,229392379,1,0,0,0.028050203
744073,744073,10,1,0,0
129438981,129438981,1,0,0,0.028050203
14867532,14867532,1,0,0,0.028050203
595543,595543,3,0,0,0.174382181
101486639,101486639,2,0,0,0.056100407
7172522,7172522,1,0,0,0.028050203
102383322,102383322,1,0,0,0.028050203
14270329,14270329,3,1,0,0
76963073,76963073,1,0,0,0.028050203
29135767,29135767,1,0,0,0.028050203
45796503,45796503,12,1,0,0
247298356,247298356,2,0,0,0.056100407
150906477,150906477,1,0,0,0.028050203
81759312,81759312,1,0,0,0.028050203
49109425,49109425,1,0,0,0.028050203
22943471,22943471,1,0,0,0.028050203
97881048,97881048,1,0,0,0.028050203
18307147,18307147,1,1,0,0
32405267,32405267,1,1.5,0,0
699293,699293,10,1,0,0
245813379,245813379,1,0,0,0.028050203
29074421,29074421,4,0,0,0.112200814
117553950,117553950,1,0,0,0.028050203
249772050,249772050,1,0,0,0.028050203
14368903,14368903,1,0,0,0.028050203
83348215,83348215,3,1,0,0
218444941,218444941,1,0,0,0.028050203
94989844,94989844,2,0,0,0.056100407
49478364,49478364,1,1,0,0
100597465,100597465,1,1,0,0
243948513,243948513,2,0,0,0.326795118
108265218,108265218,2,1.333333333,0,0
18774020,18774020,4,1,0,0
126312052,126312052,1,0,0,0.028050203
58524650,58524650,1,0,0,0.028050203
83465789,83465789,2,0,0,0.056100407
47383723,47383723,1,0,0,0.028050203
16936644,16936644,3,1,0,0
2134491,2134491,1,0,0,0.028050203
39486607,39486607,2,0,0,0.056100407
151637896,151637896,1,0,0,0.028050203
4733651,4733651,23,1,60,0.08415061
116434438,116434438,1,0,0,0.298744915
84092140,84092140,1,0,0,0.298744915
2326481,2326481,1,0,0,0.298744915
15253239,15253239,1,0,0,0.298744915
241314646,241314646,2,0,0,0.326795118
49698134,49698134,4,0,0,0.382895525
236891946,236891946,2,0,0,0.326795118
187044908,187044908,3,0,0,0.715771604
207066073,207066073,1,0,0,0.298744915
222471144,222471144,1,0,0,0.298744915
16845580,16845580,1,0,0,0.298744915
26847104,26847104,1,0,0,0.298744915
38189586,38189586,1,0,0,0.298744915
208666549,208666549,1,0,0,0.298744915
23842166,23842166,1,0,0,0.298744915
53867430,53867430,2,0,0,0.326795118
203533542,203533542,1,0,0,0.298744915
66629783,66629783,1,0,0,0.298744915
15938179,15938179,5,1,0,0
20669915,20669915,3,0,0,0.08415061
22422014,22422014,1,0,0,0.028050203
3369151,3369151,1,0,0,0.028050203
47401771,47401771,1,0,0,0.028050203
86497073,86497073,1,1.833333333,0,0
115953777,115953777,6,1,5,0.028050203
73142233,73142233,2,0,0,0.146331977
41790660,41790660,3,0,0,0.174382181
205952685,205952685,1,0,0,0.118281774
16877034,16877034,12,1,0,0
193512810,193512810,1,0,0,0.028050203
19740777,19740777,1,0,0,0.028050203
110897422,110897422,1,0,0,0.028050203
50373225,50373225,1,0,0,0.028050203
14354687,14354687,1,0,0,0.028050203
92895609,92895609,1,0,0,0.028050203
188106805,188106805,1,0,0,0.028050203
54730258,54730258,1,0,0,0.028050203
22040124,22040124,1,0,0,0.028050203
86976409,86976409,1,0,0,0.028050203
17189180,17189180,1,0,0,0.028050203
35741365,35741365,2,0,0,0.417026689
21742517,21742517,12,1,0,0
200666521,200666521,1,0,0,0.028050203
91852631,91852631,1,0,0,0.028050203
51084922,51084922,4,0,0,0.112200814
139758281,139758281,1,0,0,0.028050203
30430455,30430455,1,0,0,0.028050203
14259241,14259241,1,0,0,0.028050203
42582125,42582125,1,0,0,0.028050203
71263607,71263607,2,0,0,0.056100407
152994547,152994547,2,0,0,0.056100407
72384428,72384428,1,0,0,0.028050203
206591524,206591524,1,0,0,0.028050203
24541363,24541363,1,0,0,0.028050203
89956938,89956938,2,1,0,0
116202193,116202193,1,0,0,0.028050203
17682351,17682351,14,1,0,0
12415492,12415492,1,0,0,0.028050203
52532503,52532503,2,0,0,0.146331977
50645038,50645038,2,0,0,0.056100407
5739312,5739312,1,0,0,0.028050203
184966548,184966548,1,0,0,0.028050203
66142460,66142460,1,0,0,0.028050203
34232431,34232431,2,0,0,0.056100407
52434723,52434723,1,0,0,0.028050203
90459923,90459923,1,0,0,0.028050203
35469930,35469930,2,0,0,0.056100407
59219851,59219851,1,0,0,0.028050203
64688042,64688042,2,1.904761905,0,0
245178455,245178455,2,0,0,0.056100407
58961589,58961589,5,1,0,0
66680811,66680811,1,0,0,0.028050203
14662418,14662418,2,0,0,0.056100407
224483795,224483795,1,0,0,0.028050203
109854452,109854452,5,0,0,0.140251017
23055689,23055689,12,1.142857143,0,0
57585780,57585780,1,0,0,0.028050203
215844036,215844036,3,1,2,0.028050203
15452937,15452937,1,0,0,0.028050203
92836439,92836439,1,0,0,0.028050203
68767919,68767919,1,0,0,0.028050203
27617390,27617390,1,0,0,0.028050203
12023372,12023372,1,0,0,0.028050203
217146976,217146976,1,0,0,0.028050203
44603039,44603039,1,0,0,0.028050203
81147404,81147404,1,0,0,0.028050203
16827406,16827406,4,1.818181818,0,0
119182046,119182046,1,0,0,0.028050203
84252345,84252345,2,1,0,0
50560682,50560682,3,0,0,0.08415061
247208124,247208124,1,0,0,0.028050203
5724622,5724622,1,1,0,0
36570365,36570365,1,0,0,0.118281774
15852563,15852563,7,1,0,0
134438840,134438840,1,0,0,0.028050203
43905366,43905366,1,0,0,0.028050203
138821694,138821694,3,0,0,0.08415061
113101075,113101075,1,0,0,0.028050203
203268081,203268081,1,0,0,0.028050203
110986710,110986710,4,1,0,0
87734240,87734240,1,0,0,0.028050203
94297289,94297289,1,0,0,0.028050203
67436104,67436104,2,0,0,0.056100407
90182152,90182152,1,0,0,0.028050203
47759926,47759926,9,1.1,0,0
50657085,50657085,1,0,0,0.028050203
47616822,47616822,1,0,0,0.028050203
43035186,43035186,2,1,1,0.028050203
48983320,48983320,1,0,0,0.028050203
108412891,108412891,2,0,0,0.056100407
47312280,47312280,1,0,0,0.028050203
69665707,69665707,13,1.277777778,0,0
97964205,97964205,1,0,0,0.028050203
52076024,52076024,1,0,0,0.028050203
16708075,16708075,1,0,0,0.028050203
16223714,16223714,7,1,10,0.056100407
56337804,56337804,2,0,0,0.056100407
21692421,21692421,1,0,0,0.028050203
11430912,11430912,1,0,0,0.028050203
222155048,222155048,1,0,0,0.028050203
47982376,47982376,1,0,0,0.028050203
238294964,238294964,1,0,0,0.028050203
125570941,125570941,13,1,0,0
138245933,138245933,1,0,0,0.028050203
203597381,203597381,1,0,0,0.028050203
138081073,138081073,1,0,0,0.028050203
56094416,56094416,1,0,0,0.028050203
178114140,178114140,1,0,0,0.028050203
29315398,29315398,2,0,0,0.056100407
244045531,244045531,3,0,0,0.08415061
17833458,17833458,2,0,0,0.056100407
70145776,70145776,1,0,0,0.028050203
118961018,118961018,1,0,0,0.028050203
63193107,63193107,1,0,0,0.028050203
151913260,151913260,1,0,0,0.028050203
135955486,135955486,1,0,0,0.028050203
27939337,27939337,3,1,0,0
36414339,36414339,2,0,0,0.056100407
74790777,74790777,1,0,0,0.028050203
17755877,17755877,1,0,0,0.028050203
80911516,80911516,1,0,0,0.118281774
243844542,243844542,2,0,0,0.146331977
18038038,18038038,5,1,0,0
14235198,14235198,1,0,0,0.028050203
37832874,37832874,1,0,0,0.028050203
30900551,30900551,1,0,0,0.028050203
94891223,94891223,2,1,0,0
15700283,15700283,1,0,0,0.028050203
232945159,232945159,1,0,0,0.118281774
147506780,147506780,1,0,0,0.118281774
67088395,67088395,1,1,0,0
248868822,248868822,1,0,0,0.118281774
197549441,197549441,1,0,0,0.118281774
76405315,76405315,4,1,0,0
56105099,56105099,1,0,0,0.028050203
185109209,185109209,1,0,0,0.028050203
49508538,49508538,2,0,0,0.056100407
85645965,85645965,2,1.333333333,0,0
21265289,21265289,2,1,1,0.028050203
193699640,193699640,2,0,0,0.146331977
14940354,14940354,2,1,0,0
107308197,107308197,1,0,0,0.028050203
97971298,97971298,10,1,0,0
198863670,198863670,1,0,0,0.028050203
18913839,18913839,1,0,0,0.028050203
232498203,232498203,2,0,0,0.056100407
89751027,89751027,1,0,0,0.028050203
218535909,218535909,1,0,0,0.028050203
87917916,87917916,1,0,0,0.028050203
130535415,130535415,1,0,0,0.028050203
101276067,101276067,1,1,0,0
239220959,239220959,3,0,0,0.08415061
39449688,39449688,1,1,0,0
243601314,243601314,2,0,0,0.056100407
32377320,32377320,2,1,0,0
109396816,109396816,2,0,0,0.056100407
23371841,23371841,1,0,0,0.028050203
18594226,18594226,8,1.272727273,0,0
34002725,34002725,1,0,0,0.028050203
137018540,137018540,1,0,0,0.028050203
250637045,250637045,1,0,0,0.028050203
19235140,19235140,1,0,0,0.028050203
37661452,37661452,12,1,0,0
246360644,246360644,1,0,0,0.028050203
16517324,16517324,2,0,0,0.056100407
232524164,232524164,1,0,0,0.028050203
30186404,30186404,5,0,0,0.140251017
87160574,87160574,1,0,0,0.028050203
86891451,86891451,1,0,0,0.028050203
75005476,75005476,1,0,0,0.028050203
222579087,222579087,1,0,0,0.028050203
166935641,166935641,1,0,0,0.028050203
48356887,48356887,2,0,0,0.056100407
43849270,43849270,1,0,0,0.028050203
22696166,22696166,2,0,0,0.056100407
14752085,14752085,2,1,0,0
16207416,16207416,1,0,0,0.028050203
34486207,34486207,5,1,0,0
14959952,14959952,1,0,0,0.028050203
79715569,79715569,1,0,0,0.028050203
117050427,117050427,1,0,0,0.028050203
17420789,17420789,2,1,0,0
18803635,18803635,1,0,0,0.028050203
18681826,18681826,2,0,0,0.056100407
8136412,8136412,4,1.2,0,0
232844365,232844365,1,0,0,0.028050203
83869098,83869098,1,0,0,0.388976485
14691461,14691461,2,1,0,0
224533772,224533772,1,0,0,0.028050203
47354526,47354526,6,1,0,0
85777944,85777944,1,0,0,0.028050203
60838336,60838336,1,0,0,0.028050203
133510668,133510668,2,0,0,0.056100407
162152060,162152060,4,1,0,0
5847662,5847662,1,0,0,0.028050203
26060710,26060710,1,0,0,0.028050203
48563102,48563102,1,0,0,0.028050203
23590478,23590478,3,1,0,0
8072532,8072532,1,0,0,0.028050203
14660332,14660332,1,0,0,0.028050203
44219339,44219339,4,1,0,0
17156208,17156208,1,0,0,0.028050203
16741059,16741059,2,0,0,0.056100407
88821707,88821707,1,0,0,0.028050203
31765370,31765370,4,1,0,0
18319960,18319960,1,0,0,0.028050203
48893763,48893763,2,1,0,0
53789042,53789042,1,0,0,0.028050203
133790890,133790890,1,1,0,0
18014005,18014005,8,1.272727273,0,0
15982861,15982861,1,0,0,0.028050203
48136196,48136196,1,0,0,0.028050203
162769774,162769774,1,0,0,0.028050203
94743993,94743993,1,0,0,0.028050203
102278432,102278432,9,1,0,0
35985450,35985450,1,0,0,0.028050203
23435398,23435398,1,0,0,0.028050203
202670471,202670471,1,0,0,0.028050203
22099952,22099952,1,0,0,0.028050203
46615988,46615988,1,0,0,0.028050203
16950250,16950250,1,0,0,0.028050203
115492377,115492377,1,0,0,0.028050203
241732147,241732147,1,0,0,0.028050203
811959,811959,6,1,0,0
13176702,13176702,1,0,0,0.028050203
19521481,19521481,1,0,0,0.028050203
48048423,48048423,1,0,0,0.028050203
19143071,19143071,1,0,0,0.028050203
145305317,145305317,1,0,0,0.028050203
14584496,14584496,23,1.153846154,0,0
89490404,89490404,1,0,0,0.028050203
118259244,118259244,1,0,0,0.028050203
45001171,45001171,1,0,0,0.028050203
15152310,15152310,2,1,1,0.028050203
116512743,116512743,1,0,0,0.028050203
27485948,27485948,1,0,0,0.028050203
46400723,46400723,1,0,0,0.028050203
163377733,163377733,1,0,0,0.028050203
51519582,51519582,1,0,0,0.028050203
130240088,130240088,1,0,0,0.028050203
2326671,2326671,2,0,0,0.056100407
35773039,35773039,11,1,0,0
217278511,217278511,1,0,0,0.028050203
105256738,105256738,1,0,0,0.028050203
229990320,229990320,1,0,0,0.028050203
18106237,18106237,1,0,0,0.028050203
18814243,18814243,1,0,0,0.028050203
11492192,11492192,1,0,0,0.028050203
9964382,9964382,1,0,0,0.028050203
75070810,75070810,1,0,0,0.028050203
83235662,83235662,1,0,0,0.028050203
241844573,241844573,10,0,0,0.785078084
112246902,112246902,4,1,0,0
204228393,204228393,1,0,0,0.028050203
194909446,194909446,2,0,0,0.056100407
106070447,106070447,1,0,0,0.028050203
193246789,193246789,1,0,0,0.028050203
14115698,14115698,1,1,0,0
8570392,8570392,2,1,1,0.028050203
125695974,125695974,1,0,0,0.118281774
43572144,43572144,1,1,0,0
38136715,38136715,2,0,0,0.056100407
14196970,14196970,16,1,0,0
22824237,22824237,1,0,0,0.028050203
14568705,14568705,1,0,0,0.028050203
41999100,41999100,1,0,0,0.028050203
45040367,45040367,1,0,0,0.028050203
13512962,13512962,1,0,0,0.028050203
100819164,100819164,1,0,0,0.028050203
243705799,243705799,1,0,0,0.028050203
151254103,151254103,1,0,0,0.028050203
9313452,9313452,1,0,0,0.028050203
6486742,6486742,1,0,0,0.028050203
35499935,35499935,1,0,0,0.028050203
14773649,14773649,1,0,0,0.028050203
17699317,17699317,1,0,0,0.028050203
9446942,9446942,1,0,0,0.028050203
107894823,107894823,1,0,0,0.028050203
68110724,68110724,1,1,0,0
201405278,201405278,2,0,0,0.056100407
4148811,4148811,6,1,0,0
64461236,64461236,1,0,0,0.028050203
18218428,18218428,1,0,0,0.028050203
71992998,71992998,1,0,0,0.028050203
102711140,102711140,1,0,0,0.028050203
15297461,15297461,1,0,0,0.028050203
9774152,9774152,2,0,0,0.056100407
9737202,9737202,8,1,0,0
192851531,192851531,1,0,0,0.028050203
120174828,120174828,2,0,0,0.056100407
30367441,30367441,1,0,0,0.028050203
50324347,50324347,1,0,0,0.028050203
97151936,97151936,1,0,0,0.028050203
21842118,21842118,1,0,0,0.028050203
85431252,85431252,1,0,0,0.028050203
16226484,16226484,1,0,0,0.028050203
10230,10230,1,0,0,0.208513344
198381553,198381553,1,0,0,0.208513344
23413774,23413774,1,0,0,0.208513344
19780870,19780870,1,0,0,0.208513344
118718294,118718294,5,1,0,0
42245932,42245932,1,0,0,0.028050203
20476531,20476531,1,0,0,0.028050203
115773894,115773894,1,0,0,0.028050203
9692022,9692022,11,1,0,0
25916730,25916730,1,0,0,0.028050203
55484650,55484650,1,0,0,0.028050203
243148296,243148296,1,0,0,0.028050203
188079904,188079904,1,0,0,0.028050203
14185190,14185190,1,0,0,0.028050203
245377223,245377223,1,0,0,0.028050203
16098834,16098834,4,1,0,0
92524415,92524415,1,0,0,0.028050203
13209572,13209572,1,0,0,0.028050203
1327601,1327601,1,1,0,0
94014066,94014066,1,0,0,0.261931542
50105786,50105786,1,0,0,0.261931542
246713790,246713790,1,1,0,0
40830760,40830760,1,1,0,0
42171470,42171470,6,1,9,0.08415061
17138542,17138542,1,0,0,0.298744915
7713292,7713292,1,0,0,0.298744915
19352387,19352387,1,1,0,0
227971153,227971153,3,1,0,0
202375818,202375818,7,0,0,0.286582994
15313229,15313229,1,1,0,0
14115605,14115605,2,0,0,0.056100407
182745161,182745161,2,1,0,0
237511165,237511165,2,0,0,0.056100407
173003460,173003460,1,1,0,0
151593453,151593453,2,0,0,0.056100407
12011422,12011422,6,1,0,0
14236013,14236013,1,0,0,0.028050203
206021482,206021482,1,0,0,0.028050203
31030273,31030273,1,0,0,0.028050203
107183473,107183473,1,0,0,0.028050203
16012542,16012542,1,0,0,0.028050203
3020581,3020581,1,1,0,0
170374513,170374513,1,1,0,0
207522610,207522610,13,1,0,0
225669958,225669958,1,0,0,0.028050203
202872841,202872841,1,0,0,0.028050203
57706377,57706377,1,0,0,0.028050203
8015692,8015692,2,0,0,0.056100407
246161719,246161719,1,0,0,0.028050203
101885868,101885868,1,0,0,0.028050203
79288892,79288892,1,0,0,0.028050203
88437641,88437641,1,0,0,0.028050203
25061479,25061479,2,1,0,0
19770743,19770743,1,0,0,0.028050203
37895293,37895293,2,1,0,0
40643891,40643891,1,0,0,0.028050203
10081472,10081472,3,1,0,0
56434182,56434182,1,0,0,0.028050203
129585636,129585636,1,0,0,0.028050203
12456912,12456912,19,1,0,0
6691632,6691632,1,0,0,0.028050203
120797048,120797048,1,0,0,0.028050203
167326109,167326109,1,0,0,0.028050203
12844252,12844252,1,0,0,0.028050203
17274307,17274307,2,0,0,0.056100407
27271017,27271017,1,0,0,0.028050203
23432598,23432598,1,0,0,0.028050203
151041797,151041797,1,0,0,0.028050203
157268028,157268028,1,0,0,0.028050203
21897186,21897186,1,0,0,0.028050203
89184615,89184615,1,0,0,0.028050203
192608400,192608400,1,0,0,0.028050203
132978050,132978050,1,0,0,0.028050203
57320354,57320354,1,0,0,0.028050203
24863604,24863604,1,0,0,0.028050203
43136624,43136624,1,0,0,0.028050203
36195633,36195633,1,0,0,0.028050203
64819521,64819521,1,0,0,0.028050203
217014524,217014524,1,0,0,0.028050203
16848786,16848786,2,1,0,0
91277059,91277059,3,1,0,0
18901336,18901336,1,0,0,0.028050203
26713729,26713729,1,0,0,0.028050203
34907745,34907745,1,1,0,0
48030964,48030964,3,1,0,0
17170977,17170977,2,0,0,0.056100407
250645351,250645351,1,0,0,0.028050203
100624896,100624896,2,1,0,0
16570878,16570878,1,0,0,0.028050203
62257268,62257268,4,1.2,0,0
84669536,84669536,3,1,2,0.056100407
18237303,18237303,2,0,0,0.056100407
98083584,98083584,2,0,0,0.056100407
5740092,5740092,5,1,0,0
82867334,82867334,1,0,0,0.028050203
119035770,119035770,1,0,0,0.028050203
29283596,29283596,1,0,0,0.028050203
7280572,7280572,7,1,0,0
677753,677753,1,0,0,0.028050203
788630,788630,1,0,0,0.028050203
188861333,188861333,1,0,0,0.028050203
59844694,59844694,1,0,0,0.028050203
55699327,55699327,1,0,0,0.028050203
76835757,76835757,1,0,0,0.028050203
225153590,225153590,1,0,0,0.118281774
115200235,115200235,1,0,0,0.118281774
65302564,65302564,3,1,0,0
14817081,14817081,1,0,0,0.028050203
245346761,245346761,2,0,0,0.056100407
30261689,30261689,1,0,0,0.028050203
22687871,22687871,1,1,0,0
15195837,15195837,3,1,0,0
41326059,41326059,1,0,0,0.028050203
167558004,167558004,1,0,0,0.028050203
62288080,62288080,2,0,0,0.236563548
238956608,238956608,2,1,1,0.028050203
244154581,244154581,1,0,0,0.118281774
14423451,14423451,2,1,0,0
89312147,89312147,1,0,0,0.028050203
45129523,45129523,6,1,0,0
16844168,16844168,1,0,0,0.028050203
42396471,42396471,1,0,0,0.028050203
39960614,39960614,1,0,0,0.028050203
110220042,110220042,6,1.142857143,0,0
144617059,144617059,2,0,0,0.056100407
20263645,20263645,1,0,0,0.028050203
116781124,116781124,1,0,0,0.028050203
18496288,18496288,1,0,0,0.118281774
207079819,207079819,2,1.333333333,0,0
212299716,212299716,2,1,1,0.028050203
117901663,117901663,1,0,0,0.028050203
149629539,149629539,1,0,0,0.118281774
18799040,18799040,1,1,0,0
157636779,157636779,1,1,0,0
63193629,63193629,3,1,0,0
155179851,155179851,1,0,0,0.028050203
59171460,59171460,2,0,0,0.056100407
131772575,131772575,2,1,0,0
21191790,21191790,1,0,0,0.028050203
18602244,18602244,1,1,0,0
23457312,23457312,2,1,0,0
17593806,17593806,2,0,0,0.056100407
31360238,31360238,9,1.689655172,0,0
52364275,52364275,1,0,0,0.028050203
157374454,157374454,1,0,0,0.028050203
29545411,29545411,1,0,0,0.028050203
39694417,39694417,1,0,0,0.028050203
200106913,200106913,1,0,0,0.028050203
190079672,190079672,1,0,0,0.028050203
97863129,97863129,2,1,3,0.208513344
44638576,44638576,6,1,0,0
226998514,226998514,2,0,0,0.056100407
66143350,66143350,1,0,0,0.028050203
157963475,157963475,1,0,0,0.028050203
20923590,20923590,1,0,0,0.028050203
48510756,48510756,1,0,0,0.028050203
40320930,40320930,1,0,0,0.028050203
32352423,32352423,7,1,0,0
94286742,94286742,1,0,0,0.028050203
76515309,76515309,2,0,0,0.056100407
22033326,22033326,1,0,0,0.028050203
74541727,74541727,1,0,0,0.028050203
88881729,88881729,1,0,0,0.028050203
42717128,42717128,4,1,0,0
97764463,97764463,2,0,0,0.056100407
174305636,174305636,1,0,0,0.028050203
17931592,17931592,1,0,0,0.028050203
150927378,150927378,1,1,0,0
15011556,15011556,1,1,0,0
172745247,172745247,1,0,0,0.118281774
16699452,16699452,44,1.063829787,0,0
16684243,16684243,2,0,0,0.056100407
21451122,21451122,1,0,0,0.028050203
97958036,97958036,1,0,0,0.028050203
17176506,17176506,1,0,0,0.028050203
227040683,227040683,1,0,0,0.028050203
161345146,161345146,1,0,0,0.028050203
104534895,104534895,2,0,0,0.056100407
18314092,18314092,1,0,0,0.028050203
244593474,244593474,1,0,0,0.028050203
19287412,19287412,1,0,0,0.028050203
14920602,14920602,1,0,0,0.028050203
16923456,16923456,1,0,0,0.028050203
63795305,63795305,1,0,0,0.028050203
15296418,15296418,1,0,0,0.028050203
16226361,16226361,1,0,0,0.028050203
23043102,23043102,1,0,0,0.028050203
108343997,108343997,1,0,0,0.028050203
61392434,61392434,1,0,0,0.028050203
21873681,21873681,1,0,0,0.028050203
21969894,21969894,1,0,0,0.028050203
1729391,1729391,1,0,0,0.028050203
15096750,15096750,1,0,0,0.028050203
49446713,49446713,1,0,0,0.028050203
42055835,42055835,1,0,0,0.028050203
36924937,36924937,1,0,0,0.028050203
121198794,121198794,1,0,0,0.028050203
68677840,68677840,1,0,0,0.028050203
133278101,133278101,1,0,0,0.028050203
98594507,98594507,1,0,0,0.028050203
49003928,49003928,1,0,0,0.028050203
33630897,33630897,1,0,0,0.028050203
206889414,206889414,1,0,0,0.028050203
23077837,23077837,1,0,0,0.028050203
15649711,15649711,1,0,0,0.028050203
128982917,128982917,1,0,0,0.028050203
17309642,17309642,1,0,0,0.028050203
1568471,1568471,1,0,0,0.028050203
761803,761803,1,0,0,0.028050203
14134204,14134204,2,1,0,0
53596275,53596275,1,0,0,0.028050203
18475702,18475702,2,1,0,0
78572473,78572473,18,1,0,0
9993702,9993702,1,0,0,0.028050203
39298430,39298430,1,0,0,0.028050203
2371101,2371101,1,0,0,0.028050203
68644080,68644080,1,0,0,0.028050203
146455702,146455702,1,0,0,0.028050203
237833594,237833594,1,0,0,0.028050203
243092371,243092371,1,0,0,0.028050203
47197191,47197191,1,0,0,0.028050203
48012894,48012894,1,0,0,0.028050203
245790914,245790914,1,0,0,0.028050203
160270295,160270295,1,0,0,0.028050203
144988425,144988425,1,0,0,0.028050203
52725529,52725529,1,0,0,0.028050203
46115622,46115622,4,1,0,0
37958328,37958328,1,0,0,0.028050203
120081547,120081547,1,0,0,0.028050203
25884861,25884861,2,0,0,0.146331977
238365820,238365820,2,0,0,0.056100407
72764930,72764930,1,1,0,0
238845761,238845761,1,0,0,0.298744915
197448088,197448088,2,0,0,0.326795118
51390054,51390054,1,0,0,0.298744915
238341719,238341719,1,0,0,0.298744915
32474035,32474035,6,1,0,0
33072471,33072471,1,0,0,0.028050203
50996658,50996658,2,0,0,0.146331977
120509278,120509278,1,0,0,0.028050203
122397415,122397415,1,0,0,0.028050203
41643959,41643959,1,0,0,0.028050203
13058782,13058782,1,1,0,0
166104841,166104841,2,1,0,0
21800244,21800244,1,0,0,0.028050203
183358223,183358223,5,1,0,0
155312402,155312402,1,0,0,0.028050203
59107954,59107954,1,0,0,0.028050203
15569892,15569892,2,1,0,0
14757997,14757997,1,0,0,0.028050203
88971018,88971018,1,0,0,0.118281774
22946132,22946132,1,0,0,0.118281774
140417624,140417624,1,0,0,0.118281774
46483916,46483916,1,0,0,0.118281774
17873888,17873888,4,1,0,0
248670810,248670810,1,0,0,0.028050203
46139251,46139251,2,1,0,0
14329244,14329244,1,0,0,0.028050203
28693649,28693649,12,1,0,0
209787354,209787354,1,0,0,0.028050203
198876618,198876618,1,0,0,0.028050203
22006244,22006244,1,0,0,0.028050203
118935599,118935599,2,0,0,0.056100407
29162181,29162181,1,0,0,0.028050203
96712907,96712907,1,0,0,0.028050203
11891862,11891862,1,0,0,0.028050203
81619380,81619380,1,0,0,0.028050203
28089205,28089205,25,1.107142857,0,0
17018343,17018343,1,0,0,0.028050203
64132153,64132153,1,0,0,0.028050203
15020150,15020150,1,0,0,0.028050203
79126283,79126283,1,0,0,0.028050203
17709178,17709178,1,0,0,0.028050203
82115196,82115196,1,0,0,0.028050203
48506911,48506911,1,0,0,0.028050203
37536796,37536796,1,0,0,0.028050203
133681935,133681935,1,0,0,0.028050203
14443250,14443250,3,0,0,0.08415061
98619021,98619021,1,0,0,0.028050203
48353,48353,1,0,0,0.028050203
247289609,247289609,1,0,0,0.028050203
33977120,33977120,1,0,0,0.028050203
38563928,38563928,1,0,0,0.028050203
41136584,41136584,2,0,0,0.056100407
199365358,199365358,1,0,0,0.028050203
204358284,204358284,1,0,0,0.028050203
129060099,129060099,1,0,0,0.028050203
169050939,169050939,1,0,0,0.028050203
164304686,164304686,1,0,0,0.028050203
45541982,45541982,1,0,0,0.028050203
161020649,161020649,1,0,0,0.028050203
82070025,82070025,1,1,0,0
87675068,87675068,2,0,0,0.056100407
79241525,79241525,1,1,0,0
23767019,23767019,2,1,0,0
3422591,3422591,1,0,0,0.028050203
28086678,28086678,1,1,0,0
7489012,7489012,2,1,0,0
24956610,24956610,1,0,0,0.028050203
21599056,21599056,19,1.05,0,0
17210613,17210613,1,0,0,0.028050203
77697114,77697114,1,0,0,0.028050203
29698960,29698960,1,0,0,0.028050203
244947069,244947069,2,0,0,0.146331977
12691742,12691742,1,0,0,0.028050203
30887280,30887280,2,0,0,0.056100407
14313260,14313260,1,0,0,0.028050203
244314625,244314625,1,0,0,0.028050203
40072245,40072245,1,0,0,0.028050203
84449672,84449672,1,0,0,0.028050203
20298993,20298993,1,0,0,0.028050203
16718648,16718648,1,0,0,0.028050203
20686934,20686934,1,1,0,0
21848462,21848462,7,1.142857143,7,0.028050203
7781632,7781632,3,1,3,0.146331977
237211848,237211848,1,0,0,0.118281774
22434999,22434999,1,0,0,0.118281774
16948407,16948407,1,1.833333333,0,0
33849320,33849320,2,1,0,0
64900709,64900709,1,0,0,0.028050203
20398450,20398450,5,1.166666667,0,0
19116521,19116521,1,0,0,0.028050203
16146882,16146882,1,0,0,0.028050203
235121965,235121965,1,0,0,0.028050203
177865758,177865758,1,0,0,0.352163112
24247270,24247270,9,1,0,0
113243765,113243765,1,0,0,0.028050203
18693512,18693512,1,0,0,0.028050203
27156793,27156793,3,0,0,0.174382181
20460634,20460634,2,0,0,0.056100407
36083072,36083072,1,0,0,0.028050203
49473571,49473571,2,0,0,0.056100407
20223138,20223138,2,0,0,0.056100407
7703052,7703052,7,1,0,0
242975331,242975331,1,0,0,0.028050203
123430459,123430459,1,0,0,0.028050203
159095242,159095242,3,0,0,0.08415061
17154933,17154933,3,0,0,0.08415061
18125402,18125402,1,0,0,0.028050203
127817836,127817836,1,0,0,0.028050203
23121122,23121122,1,0,0,0.028050203
66943911,66943911,8,1,0,0
47594086,47594086,1,0,0,0.028050203
45120538,45120538,1,0,0,0.028050203
242663500,242663500,1,0,0,0.028050203
194245666,194245666,1,0,0,0.028050203
22137808,22137808,1,0,0,0.028050203
14740408,14740408,2,1,0,0
226857266,226857266,1,0,0,0.028050203
83164429,83164429,42,1.023255814,0,0
223236244,223236244,1,0,0,0.028050203
18584932,18584932,1,0,0,0.028050203
199336575,199336575,1,0,0,0.028050203
20932918,20932918,1,0,0,0.028050203
172049101,172049101,1,0,0,0.028050203
138833304,138833304,1,0,0,0.028050203
26741212,26741212,1,0,0,0.028050203
101330403,101330403,1,0,0,0.028050203
14550146,14550146,1,0,0,0.028050203
227766833,227766833,2,0,0,0.056100407
19983615,19983615,1,0,0,0.028050203
15620519,15620519,1,0,0,0.028050203
144846097,144846097,1,0,0,0.028050203
15840403,15840403,1,0,0,0.028050203
29492658,29492658,1,0,0,0.028050203
65519231,65519231,1,0,0,0.028050203
20694388,20694388,1,0,0,0.028050203
22946315,22946315,1,0,0,0.028050203
111418544,111418544,2,1,1,0.028050203
127082773,127082773,1,0,0,0.028050203
14450765,14450765,1,0,0,0.028050203
20155547,20155547,1,0,0,0.028050203
15327548,15327548,1,0,0,0.028050203
17365404,17365404,1,0,0,0.028050203
144861725,144861725,1,0,0,0.028050203
229055095,229055095,1,0,0,0.028050203
18519499,18519499,1,0,0,0.028050203
191657001,191657001,1,0,0,0.028050203
8656032,8656032,1,0,0,0.028050203
25032248,25032248,1,0,0,0.028050203
56517839,56517839,1,0,0,0.028050203
790559,790559,1,0,0,0.028050203
93070466,93070466,1,0,0,0.028050203
74667527,74667527,1,0,0,0.028050203
144925592,144925592,1,0,0,0.028050203
31353253,31353253,1,0,0,0.028050203
18469107,18469107,1,0,0,0.028050203
151540883,151540883,1,0,0,0.028050203
107446551,107446551,1,0,0,0.586044451
49685473,49685473,1,0,0,0.586044451
54902256,54902256,1,0,0,0.586044451
755756,755756,1,0,0,0.586044451
15950403,15950403,1,0,0,0.586044451
20791292,20791292,5,1,0,0
46780776,46780776,1,0,0,0.028050203
17331168,17331168,1,0,0,0.028050203
36534580,36534580,1,0,0,0.028050203
51613598,51613598,1,0,0,0.028050203
65733298,65733298,1,1,0,0
15924913,15924913,1,1,0,0
77359671,77359671,3,1,0,0
47978558,47978558,1,0,0,0.028050203
95464662,95464662,1,0,0,0.028050203
18248919,18248919,1,1,0,0
139484747,139484747,2,1,1,0.028050203
27335898,27335898,1,1,0,0
192200890,192200890,1,1,0,0
19468154,19468154,2,0,0,0.056100407
163550916,163550916,1,1,0,0
47336669,47336669,1,0,0,0.118281774
10427562,10427562,5,1,0,0
14101460,14101460,1,0,0,0.028050203
15851248,15851248,1,0,0,0.028050203
5237281,5237281,1,0,0,0.028050203
14692177,14692177,1,0,0,0.028050203
83131500,83131500,1,1,0,0
101531527,101531527,3,1,0,0
38407059,38407059,1,0,0,0.028050203
16226800,16226800,1,0,0,0.028050203
60909031,60909031,1,0,0,0.118281774
51599491,51599491,3,1,0,0
238689466,238689466,2,0,0,0.056100407
24417844,24417844,2,0,0,0.056100407
14569869,14569869,6,1,0,0
77201760,77201760,1,0,0,0.028050203
123289289,123289289,1,0,0,0.028050203
166312240,166312240,1,0,0,0.028050203
19838038,19838038,1,0,0,0.028050203
124777366,124777366,1,0,0,0.028050203
16299754,16299754,2,1,0,0
18632338,18632338,3,1,0,0
22602751,22602751,2,0,0,0.056100407
18095543,18095543,3,0,0,0.08415061
16500304,16500304,1,0,0,0.028050203
210898406,210898406,1,1,0,0
47935353,47935353,1,1,0,0
27512951,27512951,6,1,0,0
25966608,25966608,1,0,0,0.028050203
24101774,24101774,1,0,0,0.028050203
78170871,78170871,4,0,0,0.112200814
149109752,149109752,1,0,0,0.028050203
225618759,225618759,1,0,0,0.028050203
35454634,35454634,6,1,0,0
18798503,18798503,1,0,0,0.028050203
124900879,124900879,1,0,0,0.028050203
16038333,16038333,1,0,0,0.028050203
82069032,82069032,1,0,0,0.028050203
143492615,143492615,1,1,0,0
14185424,14185424,2,1,0,0
5986922,5986922,1,0,0,0.028050203
85311406,85311406,20,1.166666667,0,0
18159074,18159074,1,0,0,0.028050203
23935452,23935452,1,0,0,0.028050203
160463743,160463743,1,0,0,0.028050203
207319259,207319259,1,0,0,0.028050203
27069943,27069943,2,0,0,0.056100407
40264603,40264603,1,0,0,0.028050203
239791709,239791709,2,0,0,0.056100407
124144801,124144801,2,0,0,0.056100407
47660611,47660611,1,0,0,0.028050203
29761214,29761214,1,0,0,0.028050203
105267859,105267859,2,0,0,0.056100407
118440223,118440223,2,0,0,0.056100407
5581582,5581582,1,0,0,0.028050203
48495906,48495906,1,0,0,0.028050203
20144167,20144167,5,1,0,0
17843090,17843090,1,0,0,0.028050203
245001113,245001113,2,0,0,0.056100407
14098607,14098607,1,0,0,0.028050203
14302121,14302121,8,1,0,0
18510860,18510860,1,0,0,0.028050203
19167941,19167941,2,0,0,0.056100407
235001345,235001345,1,0,0,0.028050203
49524300,49524300,1,0,0,0.028050203
27871697,27871697,1,0,0,0.028050203
29982648,29982648,1,0,0,0.028050203
21867024,21867024,1,0,0,0.028050203
61151216,61151216,1,1,0,0
1184951,1184951,1,1,0,0
120761095,120761095,6,1,0,0
73377499,73377499,1,0,0,0.028050203
159173971,159173971,1,0,0,0.028050203
28875929,28875929,1,0,0,0.028050203
90357904,90357904,1,0,0,0.028050203
100500027,100500027,1,0,0,0.028050203
227037120,227037120,1,1,0,0
109867901,109867901,2,1,0,0
14505172,14505172,1,0,0,0.028050203
21354221,21354221,3,1.25,0,0
123358995,123358995,1,0,0,0.028050203
58415844,58415844,2,0,0,0.056100407
37012240,37012240,1,1,0,0
216155102,216155102,2,1,0,0
96865969,96865969,2,1,0,0
236297113,236297113,1,0,0,0.028050203
16075111,16075111,3,0,0,0.08415061
25270800,25270800,4,1,0,0
34888743,34888743,1,0,0,0.028050203
111766763,111766763,1,0,0,0.028050203
54411353,54411353,1,0,0,0.028050203
14331452,14331452,2,1,0,0
5715752,5715752,18,1,0,0
18594407,18594407,2,0,0,0.056100407
23759730,23759730,1,0,0,0.028050203
137375351,137375351,1,0,0,0.028050203
131479852,131479852,1,0,0,0.028050203
16258797,16258797,1,0,0,0.028050203
245847098,245847098,1,0,0,0.028050203
51394848,51394848,1,0,0,0.028050203
14891828,14891828,1,0,0,0.028050203
18896901,18896901,1,0,0,0.028050203
32863898,32863898,1,0,0,0.028050203
15173365,15173365,1,0,0,0.028050203
207235053,207235053,1,0,0,0.028050203
84279825,84279825,1,0,0,0.028050203
17705684,17705684,1,0,0,0.028050203
52859241,52859241,1,0,0,0.028050203
19349805,19349805,1,1,0,0
17306011,17306011,2,2.095238095,0,0
2215171,2215171,35,1.15,40,0.028050203
109915670,109915670,1,0,0,0.118281774
36460987,36460987,1,0,0,0.118281774
42883807,42883807,1,0,0,0.118281774
831911,831911,1,0,0,0.118281774
19241072,19241072,1,0,0,0.118281774
40826619,40826619,1,0,0,0.118281774
25710003,25710003,1,0,0,0.118281774
18380379,18380379,1,0,0,0.118281774
48132940,48132940,1,0,0,0.118281774
18447756,18447756,1,0,0,0.118281774
164475088,164475088,1,0,0,0.118281774
117864389,117864389,1,0,0,0.118281774
45121485,45121485,1,0,0,0.118281774
41159844,41159844,1,0,0,0.118281774
15924411,15924411,1,0,0,0.118281774
237468661,237468661,1,0,0,0.118281774
143515544,143515544,1,0,0,0.118281774
21907899,21907899,1,0,0,0.118281774
35089071,35089071,1,0,0,0.118281774
159889414,159889414,1,0,0,0.118281774
206686276,206686276,1,0,0,0.118281774
106344619,106344619,1,0,0,0.118281774
203974131,203974131,1,0,0,0.118281774
226126898,226126898,1,0,0,0.118281774
54744689,54744689,3,1,0,0
50462497,50462497,2,0,0,0.056100407
70879543,70879543,3,1.8,0,0
19199091,19199091,1,0,0,0.028050203
43278318,43278318,2,0,0,0.056100407
18565158,18565158,1,1,0,0
136399069,136399069,1,0,0,0.261931542
16598601,16598601,2,1,0,0
51273193,51273193,1,0,0,0.028050203
80539624,80539624,1,1,0,0
42261166,42261166,5,1,0,0
16336301,16336301,1,0,0,0.028050203
243712111,243712111,1,0,0,0.028050203
108982963,108982963,1,0,0,0.028050203
18548184,18548184,1,1,0,0
17846705,17846705,1,1,0,0
29530242,29530242,1,1,0,0
17109272,17109272,3,1,0,0
24098338,24098338,1,0,0,0.028050203
16448570,16448570,1,0,0,0.028050203
824157,824157,2,1,0,0
29735885,29735885,1,1,0,0
15092464,15092464,1,1,0,0
16990368,16990368,2,1,1,0.028050203
53458027,53458027,1,1,0,0
49044623,49044623,3,1,0,0
14127229,14127229,1,0,0,0.028050203
17533557,17533557,1,0,0,0.028050203
119177712,119177712,3,1,0,0
110842331,110842331,2,0,0,0.056100407
37763456,37763456,2,0,0,0.056100407
97868784,97868784,1,1,0,0
19416225,19416225,4,1,0,0
27347518,27347518,1,0,0,0.028050203
23442765,23442765,1,0,0,0.028050203
35715678,35715678,1,1,0,0
39256585,39256585,2,0,0,0.056100407
214448144,214448144,3,1,0,0
208831907,208831907,1,0,0,0.028050203
14170225,14170225,2,1,0,0
53756589,53756589,1,0,0,0.028050203
21112489,21112489,1,1,0,0
17829594,17829594,2,0,0,0.056100407
4958911,4958911,2,1,0,0
22789272,22789272,1,0,0,0.028050203
21889071,21889071,3,1,2,0.028050203
77062281,77062281,5,1,0,0
82411266,82411266,1,0,0,0.028050203
14016032,14016032,1,0,0,0.028050203
134971995,134971995,2,0,0,0.056100407
46577579,46577579,1,0,0,0.028050203
45510215,45510215,3,1,0,0
223801781,223801781,1,0,0,0.028050203
38301738,38301738,1,0,0,0.028050203
133261278,133261278,2,0,0,0.146331977
58708507,58708507,7,1,0,0
14546047,14546047,1,0,0,0.028050203
161439565,161439565,1,0,0,0.028050203
28162211,28162211,1,0,0,0.028050203
16189623,16189623,1,0,0,0.028050203
6321752,6321752,1,0,0,0.028050203
20055905,20055905,1,0,0,0.028050203
15518353,15518353,1,1,0,0
14427603,14427603,2,1,0,0
115594786,115594786,1,0,0,0.028050203
8963,8963,36,1.715517241,0,0
167565462,167565462,1,0,0,0.028050203
232888482,232888482,1,0,0,0.028050203
247959995,247959995,2,0,0,0.056100407
50226395,50226395,1,0,0,0.028050203
16955613,16955613,1,0,0,0.028050203
246599116,246599116,1,0,0,0.028050203
230613969,230613969,1,0,0,0.028050203
89466437,89466437,2,0,0,0.056100407
58806967,58806967,1,0,0,0.028050203
196487616,196487616,1,0,0,0.028050203
206694919,206694919,1,0,0,0.028050203
107025173,107025173,1,0,0,0.028050203
190438588,190438588,1,0,0,0.028050203
35733523,35733523,1,0,0,0.028050203
21868189,21868189,6,1,5,0.028050203
241813250,241813250,1,0,0,0.028050203
243148985,243148985,1,0,0,0.028050203
197691036,197691036,1,0,0,0.028050203
69301345,69301345,1,0,0,0.028050203
12870462,12870462,1,0,0,0.028050203
22692723,22692723,1,0,0,0.028050203
46337270,46337270,1,0,0,0.028050203
36533993,36533993,1,0,0,0.028050203
99184878,99184878,1,0,0,0.028050203
142771871,142771871,1,0,0,0.028050203
242914087,242914087,1,0,0,0.028050203
162383523,162383523,1,0,0,0.028050203
15288901,15288901,2,1,0,0
68872674,68872674,1,0,0,0.028050203
46985065,46985065,2,1,0,0
218594162,218594162,1,0,0,0.028050203
31001654,31001654,2,1,0,0
246850831,246850831,1,0,0,0.028050203
213008960,213008960,3,1.25,0,0
54672699,54672699,1,0,0,0.028050203
52471568,52471568,1,0,0,0.028050203
816952,816952,2,1,0,0
81905522,81905522,1,1,0,0
4776521,4776521,36,1.1,0,0
114221031,114221031,1,0,0,0.028050203
54527286,54527286,1,0,0,0.028050203
14233448,14233448,1,0,0,0.028050203
14897936,14897936,1,0,0,0.028050203
18424771,18424771,1,0,0,0.028050203
158576836,158576836,1,0,0,0.028050203
103696210,103696210,1,0,0,0.028050203
78045796,78045796,1,0,0,0.028050203
42388060,42388060,1,0,0,0.028050203
198408474,198408474,1,0,0,0.028050203
104814389,104814389,1,0,0,0.028050203
73174243,73174243,1,0,0,0.028050203
46157551,46157551,1,0,0,0.028050203
68812673,68812673,2,1,1,0.028050203
157753904,157753904,1,0,0,0.028050203
192874196,192874196,2,0,0,0.056100407
170576560,170576560,1,0,0,0.028050203
70762611,70762611,1,0,0,0.028050203
243670816,243670816,1,0,0,0.028050203
116847322,116847322,1,0,0,0.028050203
127027140,127027140,1,0,0,0.028050203
243730769,243730769,1,0,0,0.028050203
230286580,230286580,1,0,0,0.028050203
122503025,122503025,1,0,0,0.028050203
206829796,206829796,1,0,0,0.028050203
37683819,37683819,1,0,0,0.028050203
167814135,167814135,1,0,0,0.028050203
90716224,90716224,1,0,0,0.028050203
247870099,247870099,1,0,0,0.028050203
83047883,83047883,3,1,0,0
17934812,17934812,1,0,0,0.028050203
27669708,27669708,1,0,0,0.028050203
45456873,45456873,2,1,0,0
15872418,15872418,6,1,0,0
175682948,175682948,1,0,0,0.028050203
38564746,38564746,1,0,0,0.028050203
14367111,14367111,1,0,0,0.028050203
40615162,40615162,1,0,0,0.028050203
133513883,133513883,5,1,0,0
189529992,189529992,1,0,0,0.028050203
21926014,21926014,1,0,0,0.028050203
20892381,20892381,1,0,0,0.028050203
24948884,24948884,1,0,0,0.118281774
22485327,22485327,1,0,0,0.118281774
15995180,15995180,1,0,0,0.118281774
137374443,137374443,1,0,0,0.118281774
41361693,41361693,2,1.333333333,0,0
62510206,62510206,3,1,2,0.056100407
60486639,60486639,1,1,0,0
45860457,45860457,2,1.714285714,0,0
15469436,15469436,1,0,0,0.028050203
111252247,111252247,1,1,0,0
59429363,59429363,2,1,1,0.028050203
31922032,31922032,8,1.2,0,0
236134551,236134551,1,0,0,0.028050203
17337775,17337775,1,0,0,0.028050203
100029392,100029392,1,0,0,0.028050203
16119834,16119834,3,1,0,0
15427580,15427580,1,0,0,0.028050203
22069212,22069212,3,1,0,0
122495400,122495400,1,0,0,0.028050203
55171846,55171846,1,1,0,0
51508494,51508494,2,1,1,0.028050203
14263980,14263980,1,0,0,0.118281774
10358992,10358992,1,1,0,0
17937128,17937128,1,1,0,0
8664742,8664742,2,1,0,0
58311343,58311343,1,0,0,0.028050203
70097379,70097379,1,0,0,0.118281774
19045427,19045427,1,1,0,0
238436945,238436945,1,1,0,0
15919864,15919864,1,1,0,0
194268256,194268256,3,1,0,0
90159249,90159249,1,0,0,0.028050203
49659594,49659594,1,0,0,0.028050203
197466225,197466225,7,1,0,0
229630976,229630976,1,0,0,0.028050203
69555570,69555570,1,0,0,0.028050203
62053217,62053217,1,0,0,0.028050203
188524719,188524719,1,0,0,0.028050203
161979260,161979260,1,0,0,0.028050203
17209415,17209415,3,1.4,0,0
105659489,105659489,1,0,0,0.028050203
18344104,18344104,2,1,0,0
87703556,87703556,1,1,0,0
189107765,189107765,19,1.136363636,0,0
46076929,46076929,1,0,0,0.028050203
49403072,49403072,1,0,0,0.028050203
208834447,208834447,1,0,0,0.028050203
74834226,74834226,1,0,0,0.028050203
245176612,245176612,1,0,0,0.028050203
59395114,59395114,1,0,0,0.028050203
150943726,150943726,1,0,0,0.028050203
246206500,246206500,1,0,0,0.028050203
3125721,3125721,1,0,0,0.028050203
129209855,129209855,1,0,0,0.028050203
248824081,248824081,1,0,0,0.028050203
78844670,78844670,1,1,0,0
66425206,66425206,1,1,0,0
50551089,50551089,6,1,0,0
257593,257593,1,0,0,0.028050203
147533191,147533191,1,0,0,0.028050203
14759569,14759569,1,0,0,0.028050203
175141615,175141615,2,1,0,0
193276778,193276778,1,0,0,0.028050203
7140072,7140072,2,1.666666667,0,0
171617450,171617450,9,1.357142857,0,0
28630666,28630666,1,0,0,0.028050203
100621246,100621246,1,0,0,0.028050203
63849293,63849293,1,0,0,0.028050203
184741023,184741023,1,0,0,0.028050203
66079246,66079246,1,0,0,0.028050203
210715940,210715940,1,0,0,0.028050203
16655757,16655757,2,1,0,0
44190255,44190255,1,0,0,0.028050203
84620593,84620593,12,1.625,0,0
250322918,250322918,1,0,0,0.028050203
50061761,50061761,1,0,0,0.028050203
16067651,16067651,1,0,0,0.028050203
5299942,5299942,1,0,0,0.028050203
188537638,188537638,1,0,0,0.028050203
48998138,48998138,1,0,0,0.028050203
14993191,14993191,1,0,0,0.028050203
87270975,87270975,1,0,0,0.028050203
112231053,112231053,1,0,0,0.028050203
113908286,113908286,1,0,0,0.028050203
107958561,107958561,6,1,0,0
23666555,23666555,1,0,0,0.028050203
244430099,244430099,1,0,0,0.028050203
105195666,105195666,1,0,0,0.118281774
96737628,96737628,1,1,0,0
18142375,18142375,6,1,0,0
14456226,14456226,1,0,0,0.028050203
76987122,76987122,1,0,0,0.028050203
20615384,20615384,1,0,0,0.028050203
72480850,72480850,1,0,0,0.028050203
114702380,114702380,1,0,0,0.028050203
29716801,29716801,3,1,0,0
22640423,22640423,1,0,0,0.028050203
87959245,87959245,1,0,0,0.028050203
17917064,17917064,1,1,0,0
73623921,73623921,2,1,0,0
41657927,41657927,1,0,0,0.028050203
16376937,16376937,2,1,0,0
19001819,19001819,1,1,0,0
16935292,16935292,54,1.114754098,0,0
246296664,246296664,1,0,0,0.028050203
47574231,47574231,1,0,0,0.028050203
1672381,1672381,1,0,0,0.028050203
17673496,17673496,1,0,0,0.028050203
8370582,8370582,1,0,0,0.028050203
21474233,21474233,1,0,0,0.028050203
28339843,28339843,1,0,0,0.028050203
35784576,35784576,1,0,0,0.028050203
17346483,17346483,1,0,0,0.028050203
247816749,247816749,2,0,0,0.056100407
32418351,32418351,1,0,0,0.028050203
15912291,15912291,1,0,0,0.028050203
33507803,33507803,1,0,0,0.028050203
22570250,22570250,1,0,0,0.028050203
209432579,209432579,1,0,0,0.028050203
30368137,30368137,1,0,0,0.028050203
14296273,14296273,5,1,4,0.028050203
23260886,23260886,1,0,0,0.028050203
39584528,39584528,1,0,0,0.028050203
105323266,105323266,1,0,0,0.028050203
130662357,130662357,1,0,0,0.028050203
40486443,40486443,1,0,0,0.028050203
245691833,245691833,1,0,0,0.028050203
109670083,109670083,1,0,0,0.028050203
153807963,153807963,1,0,0,0.028050203
131093504,131093504,1,0,0,0.028050203
14861614,14861614,1,0,0,0.028050203
13530582,13530582,1,0,0,0.028050203
38667821,38667821,1,0,0,0.028050203
94566436,94566436,1,0,0,0.028050203
229132833,229132833,1,0,0,0.028050203
108913225,108913225,1,0,0,0.028050203
47523034,47523034,1,0,0,0.028050203
90755174,90755174,1,0,0,0.028050203
193453148,193453148,1,0,0,0.028050203
90670323,90670323,1,0,0,0.028050203
51496921,51496921,1,0,0,0.028050203
15817520,15817520,1,0,0,0.028050203
15216278,15216278,1,0,0,0.028050203
14988617,14988617,1,0,0,0.028050203
21906466,21906466,1,0,0,0.028050203
18133113,18133113,1,0,0,0.028050203
30353006,30353006,1,1,0,0
77659618,77659618,1,1,0,0
82416398,82416398,1,1,0,0
16488147,16488147,2,1.333333333,0,0
39639279,39639279,1,1,0,0
17838599,17838599,2,1,0,0
184139648,184139648,2,1,0,0
210429228,210429228,1,0,0,0.028050203
18480751,18480751,1,1,0,0
69019216,69019216,1,1,0,0
126289439,126289439,1,0,0,0.118281774
119139599,119139599,1,0,0,0.118281774
234532029,234532029,1,0,0,0.118281774
244427238,244427238,1,0,0,0.118281774
84065573,84065573,1,1,0,0
16080060,16080060,1,1,0,0
20353144,20353144,1,1,0,0
26331267,26331267,3,1.25,0,0
231732073,231732073,1,0,0,0.028050203
17446679,17446679,2,1,0,0
217476003,217476003,1,0,0,0.028050203
46165517,46165517,16,1,0,0
80274550,80274550,1,0,0,0.028050203
14843096,14843096,1,0,0,0.028050203
216883924,216883924,1,0,0,0.028050203
89243591,89243591,1,0,0,0.028050203
225060440,225060440,1,0,0,0.028050203
102728647,102728647,1,0,0,0.028050203
119791458,119791458,1,0,0,0.028050203
218679758,218679758,1,0,0,0.028050203
15413041,15413041,1,0,0,0.028050203
48319217,48319217,1,0,0,0.028050203
126578513,126578513,1,0,0,0.028050203
94250449,94250449,1,0,0,0.028050203
10095842,10095842,1,0,0,0.028050203
103041912,103041912,1,0,0,0.028050203
91426639,91426639,4,1,0,0
236593645,236593645,1,0,0,0.028050203
225174819,225174819,1,0,0,0.028050203
250703558,250703558,1,0,0,0.028050203
28327805,28327805,1,1,0,0
126625621,126625621,1,1,0,0
62811246,62811246,1,1,0,0
16541396,16541396,2,1,0,0
20457281,20457281,1,0,0,0.028050203
206986373,206986373,1,1,0,0
78782598,78782598,2,1,0,0
157796104,157796104,1,0,0,0.028050203
19533564,19533564,1,1,0,0
72517675,72517675,1,1,0,0
7707062,7707062,1,1.75,0,0
199862425,199862425,1,1,0,0
47567143,47567143,1,1,0,0
16958568,16958568,1,1,0,0
28870409,28870409,1,1,0,0
