666,0.00457990337553
272,0.00775229964344
25,0.0164152462759
1600,0.0305331544382
2045,0.0361525618895
1899,0.0410242904851
1421,0.0444770298461
486,0.0471477756499
209,0.0487217435806
1518,0.0588349951885
583,0.0619785556154
1770,0.065471356427
412,0.0660057930793
1310,0.0801090749604
139,0.0857616360055
188,0.100192275491
1184,0.104547118799
1701,0.107964706534
976,0.108402620307
1046,0.108617951731
572,0.115869341564
467,0.115940363819
115,0.117521309186
163,0.123980799489
1057,0.124718983331
559,0.134165850498
1550,0.147123079516
434,0.160846351626
934,0.168391050148
1860,0.17031502843
1039,0.170319108035
1564,0.170390625
1693,0.172231404959
1584,0.172522189349
903,0.177565789474
1117,0.183865784499
1509,0.190499932396
1235,0.19261822376
893,0.193600101198
2109,0.196557443544
650,0.196734693878
912,0.196936795568
1985,0.198619021001
1259,0.208516972126
1144,0.214444642221
1217,0.217120192216
1487,0.218714949527
1112,0.22056884096
1279,0.221812687438
1374,0.223783631099
179,0.227838010204
1841,0.228733459357
1592,0.233056838533
1752,0.248396049596
1674,0.248979591837
1401,0.253381893861
436,0.255580872587
125,0.256321192905
1463,0.256413556823
120,0.264657415847
256,0.268202401208
1294,0.272385728882
2006,0.274020676443
1010,0.274444810667
540,0.275261777946
1747,0.289940828402
2124,0.289940828402
524,0.295232566082
1242,0.299171597633
455,0.302653061224
1050,0.304838968114
1164,0.310848931307
925,0.311224489796
146,0.315489025978
1274,0.319927993514
2015,0.320537904913
1477,0.320713899405
1028,0.32102640594
1207,0.322235434007
268,0.32531899811
1953,0.326515830614
1496,0.330497055217
1009,0.330525224049
914,0.332388945281
1132,0.340490306041
959,0.347363945578
1933,0.354491662184
1408,0.360465116279
1528,0.36188680739
471,0.363619857833
638,0.366493482632
896,0.368538986307
1587,0.369049586777
13,0.370423061915
1687,0.37371779879
1370,0.375413141044
417,0.376861012864
1097,0.379285670542
1340,0.381000861461
1644,0.388408304498
1139,0.38849565615
504,0.389114110204
152,0.400184594302
11,0.402179810537
1121,0.406666573983
1972,0.407407407407
4,0.409724866801
2026,0.421918351169
8,0.422813576542
44,0.430170295442
603,0.434548024959
1681,0.436049970256
1505,0.437185369544
1739,0.437212360289
571,0.437302704764
1820,0.44
1385,0.441337828012
954,0.443835385394
15,0.444623984627
30,0.446221575895
14,0.446490280711
991,0.447418966932
1196,0.447815350208
961,0.457063711911
457,0.458424468428
1671,0.465735017468
421,0.468433397509
221,0.470141427732
1024,0.472634701527
1,0.475899928562
215,0.476351409634
942,0.481312765386
143,0.48144827632
1034,0.481481481481
918,0.482011567493
1746,0.482698961938
27,0.486856275226
1278,0.487379271163
1667,0.4887039239
1975,0.494092815438
1796,0.500003048316
1091,0.500113064616
1195,0.500271425457
1682,0.500328731098
1823,0.50074147306
1534,0.500855051162
117,0.503032272873
511,0.503145720571
1915,0.506114703434
941,0.507474212037
2043,0.507619063498
243,0.509094076452
1330,0.509130752374
45,0.509855322835
1481,0.511090991399
219,0.511470043689
1415,0.512048899373
1031,0.516714021472
1001,0.517239766694
639,0.517651612853
940,0.518265675132
1489,0.520606026344
1283,0.522497704316
1894,0.526627218935
548,0.528389343648
174,0.529447220932
1741,0.53125
1579,0.531304957669
1341,0.532245140908
1582,0.532849378983
979,0.533987018512
119,0.535760688526
1588,0.535900104058
963,0.53617414966
1932,0.53848074922
1651,0.539094650206
1241,0.540049839801
897,0.540119616826
1938,0.542892819979
1576,0.542968863153
1844,0.548395061728
939,0.549073184214
151,0.549511736726
182,0.549930843468
116,0.550030181111
1331,0.551020408163
1795,0.551231487364
470,0.551684985258
419,0.552873607892
1706,0.554218527399
1712,0.554218527399
1713,0.554218527399
1818,0.55501879005
284,0.558663946844
461,0.559168
1565,0.561723886048
1400,0.562223223317
2037,0.56242568371
1255,0.565767438389
1946,0.566776304897
1178,0.56737172998
1716,0.568330366679
1393,0.568422135295
506,0.568854060303
6,0.572801708793
654,0.573473106611
928,0.576559546314
953,0.576720670795
1206,0.579318674388
1094,0.58
196,0.581312051014
1422,0.58569592251
130,0.585864423112
56,0.586219212163
91,0.586219212163
94,0.586219212163
2105,0.586803677664
1148,0.587915181085
1730,0.590210846821
1556,0.595385655464
1007,0.596471307538
575,0.598116728224
1342,0.600791336943
1892,0.603305785124
1805,0.605192754704
1077,0.610146143991
171,0.611412165318
301,0.61303155671
1751,0.6152
1947,0.616612584092
294,0.617718579932
1480,0.622674469386
1282,0.625
231,0.626868713812
1100,0.628512709573
1375,0.630720091726
29,0.631131913114
1005,0.631595281114
924,0.633634745461
1286,0.637037235899
1797,0.638600538255
1744,0.640138408304
33,0.650205512842
1127,0.656659151141
2093,0.657868480726
28,0.658761511205
204,0.659951216114
1136,0.663265306122
1157,0.664042126116
593,0.664805993708
153,0.666109774009
1720,0.667552
106,0.671553958665
1209,0.673628826531
1064,0.674434867703
148,0.679888077105
1138,0.68
1655,0.68
39,0.681069789107
246,0.68112244898
42,0.683477321882
1169,0.685591012004
930,0.685950413223
24,0.686071527043
252,0.689287453602
1743,0.693994023955
539,0.694947464633
1513,0.697007177527
418,0.70195256355
1093,0.702479338843
1999,0.708672582316
1840,0.708872417876
48,0.70910909484
1357,0.71345272803
60,0.714710605508
170,0.716453444208
570,0.718063327408
254,0.719313313785
1981,0.719586555622
2031,0.721260387812
578,0.723384166502
291,0.723449444486
187,0.724218032073
900,0.727810650888
1658,0.72826880935
1366,0.7312
1799,0.7312
265,0.734072022161
350,0.734640635301
1846,0.736625514403
1414,0.743031526336
576,0.744722692903
276,0.748122128641
43,0.748574605592
1365,0.755102040816
495,0.761819198628
16,0.762549884478
112,0.764650283554
37,0.765227734845
1548,0.766252739226
1569,0.766252739226
2091,0.76719477134
1092,0.770736917052
1348,0.772594752187
1044,0.773156899811
1095,0.773156899811
1672,0.775234131113
65,0.776658503058
287,0.777271898869
648,0.777730634461
1850,0.779070160609
647,0.779940339381
416,0.780033785208
1081,0.78125
1303,0.78125
222,0.782279942332
118,0.782666279758
1037,0.783648709823
994,0.784208382709
505,0.784954670028
499,0.785848387433
1106,0.787723093564
985,0.789837293388
1484,0.792267200591
1129,0.792387543253
1266,0.793357131942
150,0.794246403603
993,0.795772609625
1004,0.795857988166
1234,0.79682880946
1402,0.799216803133
26,0.801548196674
2107,0.802469135802
483,0.805352325875
1875,0.806414356374
1824,0.807666104916
1109,0.808673469388
1966,0.808673469388
96,0.809639526046
129,0.811232478034
2134,0.814506539834
269,0.816850979127
266,0.818204772125
93,0.8195382987
1554,0.819726086039
1159,0.819938641782
1344,0.823615393922
2131,0.825182101977
10,0.827282540135
636,0.827664399093
1598,0.827664399093
608,0.828900302093
1155,0.82951868644
3,0.829590996893
1827,0.832834993873
1071,0.834074074074
1661,0.834179747615
454,0.834877536246
1673,0.83521012567
462,0.835988874358
200,0.836201733101
1983,0.836889933124
1832,0.839609899041
1849,0.839950754078
1023,0.841209829868
1315,0.841615196433
101,0.842093379009
502,0.844687933198
2005,0.847222222222
904,0.848897598426
1825,0.850679493908
173,0.852330735813
573,0.853287124554
577,0.853287124554
275,0.854108325721
1063,0.854981138546
501,0.855734982949
1507,0.85595703125
984,0.857213718821
286,0.857664580308
1042,0.85798816568
189,0.858960606128
1571,0.859059914096
1051,0.859156628929
1147,0.860793155278
227,0.862201303861
1108,0.862304487398
497,0.864414040816
1683,0.871419504105
141,0.872896360046
1858,0.872933884298
491,0.87304601166
466,0.873606309585
1343,0.873683424626
1336,0.874910271215
1335,0.875388336469
1065,0.87718486191
660,0.877896662094
280,0.878690438865
277,0.881827142866
220,0.882600104083
658,0.8828125
777,0.883146232719
1543,0.88504789671
281,0.88671861719
2062,0.886796221737
1012,0.886863124584
172,0.887702802674
1088,0.888980076261
500,0.890610840871
228,0.892225991857
1957,0.892904298499
1216,0.893389511315
1952,0.894314990582
1690,0.894985005939
1888,0.895061728395
1362,0.895599055949
1959,0.899368632491
844,0.900069464133
237,0.901693478238
184,0.903384847072
1119,0.905344900985
1462,0.905891579257
1831,0.90676662822
1338,0.91064453125
1460,0.912592506264
1868,0.912841596156
960,0.914803845998
144,0.914836166696
84,0.915129814963
279,0.915621216673
285,0.915821894077
923,0.915826114473
1929,0.916876811321
289,0.917679148682
138,0.918108895926
1580,0.919158320007
998,0.919184570312
9,0.919270833333
74,0.919283575217
587,0.920329406464
606,0.920329406464
741,0.920402645685
199,0.920672356842
2003,0.92071343773
2013,0.92071343773
2041,0.92071343773
2094,0.92071343773
283,0.920723559567
1244,0.921642585273
258,0.922931429485
164,0.923493101961
195,0.92468771335
484,0.92536217751
1949,0.926035502959
1152,0.926157040414
1494,0.926934786092
295,0.927600300508
1699,0.928100411494
1834,0.928157718868
790,0.928511799294
1387,0.928804634427
177,0.929125562723
932,0.930288556624
293,0.930909171604
1110,0.932182629199
1753,0.932182629199
168,0.93791917757
1388,0.938207333635
950,0.938418509408
594,0.938748001202
692,0.942801504811
1897,0.943014924116
1769,0.943606996144
1428,0.944902746583
1680,0.945043979355
562,0.945075614367
1709,0.945435518621
920,0.945890314297
1410,0.946349583829
675,0.946514525831
543,0.947149698999
1722,0.947252866889
86,0.948406885394
1003,0.949004562654
216,0.949418314597
1708,0.951919262051
415,0.952283199433
54,0.952699859961
399,0.95323290353
503,0.953918875583
1380,0.954153717296
851,0.954353435017
1021,0.95698765472
1913,0.957022500437
1359,0.957466918715
1610,0.957862682858
1619,0.957862682858
596,0.957925853608
989,0.958352195564
1368,0.958543944637
1213,0.958639158897
708,0.960919890172
774,0.961457231411
1142,0.961675985952
1392,0.961675985952
689,0.96174927202
1285,0.961751888021
1863,0.961751888021
1307,0.961876470786
494,0.962510728524
1718,0.962513692239
1583,0.96311266889
664,0.963203125
567,0.963374827243
1815,0.964206271701
1391,0.964297520661
61,0.964311979477
1837,0.964388305726
828,0.965255115172
66,0.965431622997
1499,0.9661117717
1161,0.96659675747
278,0.966691386407
226,0.967800039974
1305,0.968262226847
758,0.968549399754
1838,0.96875787352
2055,0.968972463454
604,0.969186592114
607,0.969186592114
610,0.969186592114
1802,0.96923828125
1812,0.96981527883
1188,0.970377070496
1298,0.971338271764
1072,0.971986977245
661,0.972293599167
561,0.973542135533
669,0.974262711186
742,0.974591482804
1962,0.975455698764
290,0.976453299674
1281,0.977275729951
5,0.977360719418
1545,0.979276883857
975,0.979383680556
51,0.98051741255
858,0.980943351082
97,0.981513190214
680,0.981968143166
1890,0.982048151649
32,0.982111642341
79,0.982111642341
841,0.983047129372
1076,0.983472222222
52,0.983772181575
536,0.984128
1130,0.984128
1737,0.984128
801,0.984405765698
391,0.984591051607
817,0.984612846741
1379,0.985149346086
400,0.985586800797
292,0.98650136162
206,0.986713761979
282,0.987501022229
288,0.987501022229
310,0.987501022229
747,0.988103353734
694,0.988311175226
839,0.988608216122
827,0.989976926732
720,0.99000672374
861,0.990163888848
809,0.990364428853
690,0.990722394455
724,0.991618449499
825,0.991738046793
677,0.991857673122
537,0.99227659403
740,0.99227659403
757,0.99227659403
464,0.992366409115
670,0.992366409115
704,0.992366409115
223,0.995535470259
465,0.998557574392
167,0.998820465653
762,0.999848944053
0,1.0
2,1.0
7,1.0
12,1.0
17,1.0
18,1.0
19,1.0
20,1.0
21,1.0
22,1.0
23,1.0
31,1.0
34,1.0
35,1.0
36,1.0
38,1.0
40,1.0
41,1.0
46,1.0
47,1.0
49,1.0
50,1.0
53,1.0
55,1.0
57,1.0
58,1.0
59,1.0
62,1.0
63,1.0
64,1.0
67,1.0
68,1.0
69,1.0
70,1.0
71,1.0
72,1.0
73,1.0
75,1.0
76,1.0
77,1.0
78,1.0
80,1.0
81,1.0
82,1.0
83,1.0
85,1.0
87,1.0
88,1.0
89,1.0
90,1.0
92,1.0
95,1.0
98,1.0
99,1.0
100,1.0
102,1.0
103,1.0
104,1.0
105,1.0
107,1.0
108,1.0
109,1.0
110,1.0
111,1.0
113,1.0
114,1.0
121,1.0
122,1.0
123,1.0
124,1.0
126,1.0
127,1.0
128,1.0
131,1.0
132,1.0
133,1.0
134,1.0
135,1.0
136,1.0
137,1.0
140,1.0
142,1.0
145,1.0
147,1.0
149,1.0
154,1.0
155,1.0
156,1.0
157,1.0
158,1.0
159,1.0
160,1.0
161,1.0
162,1.0
165,1.0
166,1.0
169,1.0
175,1.0
176,1.0
178,1.0
180,1.0
181,1.0
183,1.0
185,1.0
186,1.0
190,1.0
191,1.0
192,1.0
193,1.0
194,1.0
197,1.0
198,1.0
201,1.0
202,1.0
203,1.0
205,1.0
207,1.0
208,1.0
210,1.0
211,1.0
212,1.0
213,1.0
214,1.0
217,1.0
218,1.0
224,1.0
225,1.0
229,1.0
230,1.0
232,1.0
233,1.0
234,1.0
235,1.0
236,1.0
238,1.0
239,1.0
240,1.0
241,1.0
242,1.0
244,1.0
245,1.0
247,1.0
248,1.0
249,1.0
250,1.0
251,1.0
253,1.0
255,1.0
257,1.0
259,1.0
260,1.0
261,1.0
262,1.0
263,1.0
264,1.0
267,1.0
270,1.0
271,1.0
273,1.0
274,1.0
296,1.0
297,1.0
298,1.0
299,1.0
300,1.0
302,1.0
303,1.0
304,1.0
305,1.0
306,1.0
307,1.0
308,1.0
309,1.0
311,1.0
312,1.0
313,1.0
314,1.0
315,1.0
316,1.0
317,1.0
318,1.0
319,1.0
320,1.0
321,1.0
322,1.0
323,1.0
324,1.0
325,1.0
326,1.0
327,1.0
328,1.0
329,1.0
330,1.0
331,1.0
332,1.0
333,1.0
334,1.0
335,1.0
336,1.0
337,1.0
338,1.0
339,1.0
340,1.0
341,1.0
342,1.0
343,1.0
344,1.0
345,1.0
346,1.0
347,1.0
348,1.0
349,1.0
351,1.0
352,1.0
353,1.0
354,1.0
355,1.0
356,1.0
357,1.0
358,1.0
359,1.0
360,1.0
361,1.0
362,1.0
363,1.0
364,1.0
365,1.0
366,1.0
367,1.0
368,1.0
369,1.0
370,1.0
371,1.0
372,1.0
373,1.0
374,1.0
375,1.0
376,1.0
377,1.0
378,1.0
379,1.0
380,1.0
381,1.0
382,1.0
383,1.0
384,1.0
385,1.0
386,1.0
387,1.0
388,1.0
389,1.0
390,1.0
392,1.0
393,1.0
394,1.0
395,1.0
396,1.0
397,1.0
398,1.0
401,1.0
402,1.0
403,1.0
404,1.0
405,1.0
406,1.0
407,1.0
408,1.0
409,1.0
410,1.0
411,1.0
413,1.0
414,1.0
420,1.0
422,1.0
423,1.0
424,1.0
425,1.0
426,1.0
427,1.0
428,1.0
429,1.0
430,1.0
431,1.0
432,1.0
433,1.0
435,1.0
437,1.0
438,1.0
439,1.0
440,1.0
441,1.0
442,1.0
443,1.0
444,1.0
445,1.0
446,1.0
447,1.0
448,1.0
449,1.0
450,1.0
451,1.0
452,1.0
453,1.0
456,1.0
458,1.0
459,1.0
460,1.0
463,1.0
468,1.0
469,1.0
472,1.0
473,1.0
474,1.0
475,1.0
476,1.0
477,1.0
478,1.0
479,1.0
480,1.0
481,1.0
482,1.0
485,1.0
487,1.0
488,1.0
489,1.0
490,1.0
492,1.0
493,1.0
496,1.0
498,1.0
507,1.0
508,1.0
509,1.0
510,1.0
512,1.0
513,1.0
514,1.0
515,1.0
516,1.0
517,1.0
518,1.0
519,1.0
520,1.0
521,1.0
522,1.0
523,1.0
525,1.0
526,1.0
527,1.0
528,1.0
529,1.0
530,1.0
531,1.0
532,1.0
533,1.0
534,1.0
535,1.0
538,1.0
541,1.0
542,1.0
544,1.0
545,1.0
546,1.0
547,1.0
549,1.0
550,1.0
551,1.0
552,1.0
553,1.0
554,1.0
555,1.0
556,1.0
557,1.0
558,1.0
560,1.0
563,1.0
564,1.0
565,1.0
566,1.0
568,1.0
569,1.0
574,1.0
579,1.0
580,1.0
581,1.0
582,1.0
584,1.0
585,1.0
586,1.0
588,1.0
589,1.0
590,1.0
591,1.0
592,1.0
595,1.0
597,1.0
598,1.0
599,1.0
600,1.0
601,1.0
602,1.0
605,1.0
609,1.0
611,1.0
612,1.0
613,1.0
614,1.0
615,1.0
616,1.0
617,1.0
618,1.0
619,1.0
620,1.0
621,1.0
622,1.0
623,1.0
624,1.0
625,1.0
626,1.0
627,1.0
628,1.0
629,1.0
630,1.0
631,1.0
632,1.0
633,1.0
634,1.0
635,1.0
637,1.0
640,1.0
641,1.0
642,1.0
643,1.0
644,1.0
645,1.0
646,1.0
649,1.0
651,1.0
652,1.0
653,1.0
655,1.0
656,1.0
657,1.0
659,1.0
662,1.0
663,1.0
665,1.0
667,1.0
668,1.0
671,1.0
672,1.0
673,1.0
674,1.0
676,1.0
678,1.0
679,1.0
681,1.0
682,1.0
683,1.0
684,1.0
685,1.0
686,1.0
687,1.0
688,1.0
691,1.0
693,1.0
695,1.0
696,1.0
697,1.0
698,1.0
699,1.0
700,1.0
701,1.0
702,1.0
703,1.0
705,1.0
706,1.0
707,1.0
709,1.0
710,1.0
711,1.0
712,1.0
713,1.0
714,1.0
715,1.0
716,1.0
717,1.0
718,1.0
719,1.0
721,1.0
722,1.0
723,1.0
725,1.0
726,1.0
727,1.0
728,1.0
729,1.0
730,1.0
731,1.0
732,1.0
733,1.0
734,1.0
735,1.0
736,1.0
737,1.0
738,1.0
739,1.0
743,1.0
744,1.0
745,1.0
746,1.0
748,1.0
749,1.0
750,1.0
751,1.0
752,1.0
753,1.0
754,1.0
755,1.0
756,1.0
759,1.0
760,1.0
761,1.0
763,1.0
764,1.0
765,1.0
766,1.0
767,1.0
768,1.0
769,1.0
770,1.0
771,1.0
772,1.0
773,1.0
775,1.0
776,1.0
778,1.0
779,1.0
780,1.0
781,1.0
782,1.0
783,1.0
784,1.0
785,1.0
786,1.0
787,1.0
788,1.0
789,1.0
791,1.0
792,1.0
793,1.0
794,1.0
795,1.0
796,1.0
797,1.0
798,1.0
799,1.0
800,1.0
802,1.0
803,1.0
804,1.0
805,1.0
806,1.0
807,1.0
808,1.0
810,1.0
811,1.0
812,1.0
813,1.0
814,1.0
815,1.0
816,1.0
818,1.0
819,1.0
820,1.0
821,1.0
822,1.0
823,1.0
824,1.0
826,1.0
829,1.0
830,1.0
831,1.0
832,1.0
833,1.0
834,1.0
835,1.0
836,1.0
837,1.0
838,1.0
840,1.0
842,1.0
843,1.0
845,1.0
846,1.0
847,1.0
848,1.0
849,1.0
850,1.0
852,1.0
853,1.0
854,1.0
855,1.0
856,1.0
857,1.0
859,1.0
860,1.0
862,1.0
863,1.0
864,1.0
865,1.0
866,1.0
867,1.0
868,1.0
869,1.0
870,1.0
871,1.0
872,1.0
873,1.0
874,1.0
875,1.0
876,1.0
877,1.0
878,1.0
879,1.0
880,1.0
881,1.0
882,1.0
883,1.0
884,1.0
885,1.0
886,1.0
887,1.0
888,1.0
889,1.0
890,1.0
891,1.0
892,1.0
894,1.0
895,1.0
898,1.0
899,1.0
901,1.0
902,1.0
905,1.0
906,1.0
907,1.0
908,1.0
909,1.0
910,1.0
911,1.0
913,1.0
915,1.0
916,1.0
917,1.0
919,1.0
921,1.0
922,1.0
926,1.0
927,1.0
929,1.0
931,1.0
933,1.0
935,1.0
936,1.0
937,1.0
938,1.0
943,1.0
944,1.0
945,1.0
946,1.0
947,1.0
948,1.0
949,1.0
951,1.0
952,1.0
955,1.0
956,1.0
957,1.0
958,1.0
962,1.0
964,1.0
965,1.0
966,1.0
967,1.0
968,1.0
969,1.0
970,1.0
971,1.0
972,1.0
973,1.0
974,1.0
977,1.0
978,1.0
980,1.0
981,1.0
982,1.0
983,1.0
986,1.0
987,1.0
988,1.0
990,1.0
992,1.0
995,1.0
996,1.0
997,1.0
999,1.0
1000,1.0
1002,1.0
1006,1.0
1008,1.0
1011,1.0
1013,1.0
1014,1.0
1015,1.0
1016,1.0
1017,1.0
1018,1.0
1019,1.0
1020,1.0
1022,1.0
1025,1.0
1026,1.0
1027,1.0
1029,1.0
1030,1.0
1032,1.0
1033,1.0
1035,1.0
1036,1.0
1038,1.0
1040,1.0
1041,1.0
1043,1.0
1045,1.0
1047,1.0
1048,1.0
1049,1.0
1052,1.0
1053,1.0
1054,1.0
1055,1.0
1056,1.0
1058,1.0
1059,1.0
1060,1.0
1061,1.0
1062,1.0
1066,1.0
1067,1.0
1068,1.0
1069,1.0
1070,1.0
1073,1.0
1074,1.0
1075,1.0
1078,1.0
1079,1.0
1080,1.0
1082,1.0
1083,1.0
1084,1.0
1085,1.0
1086,1.0
1087,1.0
1089,1.0
1090,1.0
1096,1.0
1098,1.0
1099,1.0
1101,1.0
1102,1.0
1103,1.0
1104,1.0
1105,1.0
1107,1.0
1111,1.0
1113,1.0
1114,1.0
1115,1.0
1116,1.0
1118,1.0
1120,1.0
1122,1.0
1123,1.0
1124,1.0
1125,1.0
1126,1.0
1128,1.0
1131,1.0
1133,1.0
1134,1.0
1135,1.0
1137,1.0
1140,1.0
1141,1.0
1143,1.0
1145,1.0
1146,1.0
1149,1.0
1150,1.0
1151,1.0
1153,1.0
1154,1.0
1156,1.0
1158,1.0
1160,1.0
1162,1.0
1163,1.0
1165,1.0
1166,1.0
1167,1.0
1168,1.0
1170,1.0
1171,1.0
1172,1.0
1173,1.0
1174,1.0
1175,1.0
1176,1.0
1177,1.0
1179,1.0
1180,1.0
1181,1.0
1182,1.0
1183,1.0
1185,1.0
1186,1.0
1187,1.0
1189,1.0
1190,1.0
1191,1.0
1192,1.0
1193,1.0
1194,1.0
1197,1.0
1198,1.0
1199,1.0
1200,1.0
1201,1.0
1202,1.0
1203,1.0
1204,1.0
1205,1.0
1208,1.0
1210,1.0
1211,1.0
1212,1.0
1214,1.0
1215,1.0
1218,1.0
1219,1.0
1220,1.0
1221,1.0
1222,1.0
1223,1.0
1224,1.0
1225,1.0
1226,1.0
1227,1.0
1228,1.0
1229,1.0
1230,1.0
1231,1.0
1232,1.0
1233,1.0
1236,1.0
1237,1.0
1238,1.0
1239,1.0
1240,1.0
1243,1.0
1245,1.0
1246,1.0
1247,1.0
1248,1.0
1249,1.0
1250,1.0
1251,1.0
1252,1.0
1253,1.0
1254,1.0
1256,1.0
1257,1.0
1258,1.0
1260,1.0
1261,1.0
1262,1.0
1263,1.0
1264,1.0
1265,1.0
1267,1.0
1268,1.0
1269,1.0
1270,1.0
1271,1.0
1272,1.0
1273,1.0
1275,1.0
1276,1.0
1277,1.0
1280,1.0
1284,1.0
1287,1.0
1288,1.0
1289,1.0
1290,1.0
1291,1.0
1292,1.0
1293,1.0
1295,1.0
1296,1.0
1297,1.0
1299,1.0
1300,1.0
1301,1.0
1302,1.0
1304,1.0
1306,1.0
1308,1.0
1309,1.0
1311,1.0
1312,1.0
1313,1.0
1314,1.0
1316,1.0
1317,1.0
1318,1.0
1319,1.0
1320,1.0
1321,1.0
1322,1.0
1323,1.0
1324,1.0
1325,1.0
1326,1.0
1327,1.0
1328,1.0
1329,1.0
1332,1.0
1333,1.0
1334,1.0
1337,1.0
1339,1.0
1345,1.0
1346,1.0
1347,1.0
1349,1.0
1350,1.0
1351,1.0
1352,1.0
1353,1.0
1354,1.0
1355,1.0
1356,1.0
1358,1.0
1360,1.0
1361,1.0
1363,1.0
1364,1.0
1367,1.0
1369,1.0
1371,1.0
1372,1.0
1373,1.0
1376,1.0
1377,1.0
1378,1.0
1381,1.0
1382,1.0
1383,1.0
1384,1.0
1386,1.0
1389,1.0
1390,1.0
1394,1.0
1395,1.0
1396,1.0
1397,1.0
1398,1.0
1399,1.0
1403,1.0
1404,1.0
1405,1.0
1406,1.0
1407,1.0
1409,1.0
1411,1.0
1412,1.0
1413,1.0
1416,1.0
1417,1.0
1418,1.0
1419,1.0
1420,1.0
1423,1.0
1424,1.0
1425,1.0
1426,1.0
1427,1.0
1429,1.0
1430,1.0
1431,1.0
1432,1.0
1433,1.0
1434,1.0
1435,1.0
1436,1.0
1437,1.0
1438,1.0
1439,1.0
1440,1.0
1441,1.0
1442,1.0
1443,1.0
1444,1.0
1445,1.0
1446,1.0
1447,1.0
1448,1.0
1449,1.0
1450,1.0
1451,1.0
1452,1.0
1453,1.0
1454,1.0
1455,1.0
1456,1.0
1457,1.0
1458,1.0
1459,1.0
1461,1.0
1464,1.0
1465,1.0
1466,1.0
1467,1.0
1468,1.0
1469,1.0
1470,1.0
1471,1.0
1472,1.0
1473,1.0
1474,1.0
1475,1.0
1476,1.0
1478,1.0
1479,1.0
1482,1.0
1483,1.0
1485,1.0
1486,1.0
1488,1.0
1490,1.0
1491,1.0
1492,1.0
1493,1.0
1495,1.0
1497,1.0
1498,1.0
1500,1.0
1501,1.0
1502,1.0
1503,1.0
1504,1.0
1506,1.0
1508,1.0
1510,1.0
1511,1.0
1512,1.0
1514,1.0
1515,1.0
1516,1.0
1517,1.0
1519,1.0
1520,1.0
1521,1.0
1522,1.0
1523,1.0
1524,1.0
1525,1.0
1526,1.0
1527,1.0
1529,1.0
1530,1.0
1531,1.0
1532,1.0
1533,1.0
1535,1.0
1536,1.0
1537,1.0
1538,1.0
1539,1.0
1540,1.0
1541,1.0
1542,1.0
1544,1.0
1546,1.0
1547,1.0
1549,1.0
1551,1.0
1552,1.0
1553,1.0
1555,1.0
1557,1.0
1558,1.0
1559,1.0
1560,1.0
1561,1.0
1562,1.0
1563,1.0
1566,1.0
1567,1.0
1568,1.0
1570,1.0
1572,1.0
1573,1.0
1574,1.0
1575,1.0
1577,1.0
1578,1.0
1581,1.0
1585,1.0
1586,1.0
1589,1.0
1590,1.0
1591,1.0
1593,1.0
1594,1.0
1595,1.0
1596,1.0
1597,1.0
1599,1.0
1601,1.0
1602,1.0
1603,1.0
1604,1.0
1605,1.0
1606,1.0
1607,1.0
1608,1.0
1609,1.0
1611,1.0
1612,1.0
1613,1.0
1614,1.0
1615,1.0
1616,1.0
1617,1.0
1618,1.0
1620,1.0
1621,1.0
1622,1.0
1623,1.0
1624,1.0
1625,1.0
1626,1.0
1627,1.0
1628,1.0
1629,1.0
1630,1.0
1631,1.0
1632,1.0
1633,1.0
1634,1.0
1635,1.0
1636,1.0
1637,1.0
1638,1.0
1639,1.0
1640,1.0
1641,1.0
1642,1.0
1643,1.0
1645,1.0
1646,1.0
1647,1.0
1648,1.0
1649,1.0
1650,1.0
1652,1.0
1653,1.0
1654,1.0
1656,1.0
1657,1.0
1659,1.0
1660,1.0
1662,1.0
1663,1.0
1664,1.0
1665,1.0
1666,1.0
1668,1.0
1669,1.0
1670,1.0
1675,1.0
1676,1.0
1677,1.0
1678,1.0
1679,1.0
1684,1.0
1685,1.0
1686,1.0
1688,1.0
1689,1.0
1691,1.0
1692,1.0
1694,1.0
1695,1.0
1696,1.0
1697,1.0
1698,1.0
1700,1.0
1702,1.0
1703,1.0
1704,1.0
1705,1.0
1707,1.0
1710,1.0
1711,1.0
1714,1.0
1715,1.0
1717,1.0
1719,1.0
1721,1.0
1723,1.0
1724,1.0
1725,1.0
1726,1.0
1727,1.0
1728,1.0
1729,1.0
1731,1.0
1732,1.0
1733,1.0
1734,1.0
1735,1.0
1736,1.0
1738,1.0
1740,1.0
1742,1.0
1745,1.0
1748,1.0
1749,1.0
1750,1.0
1754,1.0
1755,1.0
1756,1.0
1757,1.0
1758,1.0
1759,1.0
1760,1.0
1761,1.0
1762,1.0
1763,1.0
1764,1.0
1765,1.0
1766,1.0
1767,1.0
1768,1.0
1771,1.0
1772,1.0
1773,1.0
1774,1.0
1775,1.0
1776,1.0
1777,1.0
1778,1.0
1779,1.0
1780,1.0
1781,1.0
1782,1.0
1783,1.0
1784,1.0
1785,1.0
1786,1.0
1787,1.0
1788,1.0
1789,1.0
1790,1.0
1791,1.0
1792,1.0
1793,1.0
1794,1.0
1798,1.0
1800,1.0
1801,1.0
1803,1.0
1804,1.0
1806,1.0
1807,1.0
1808,1.0
1809,1.0
1810,1.0
1811,1.0
1813,1.0
1814,1.0
1816,1.0
1817,1.0
1819,1.0
1821,1.0
1822,1.0
1826,1.0
1828,1.0
1829,1.0
1830,1.0
1833,1.0
1835,1.0
1836,1.0
1839,1.0
1842,1.0
1843,1.0
1845,1.0
1847,1.0
1848,1.0
1851,1.0
1852,1.0
1853,1.0
1854,1.0
1855,1.0
1856,1.0
1857,1.0
1859,1.0
1861,1.0
1862,1.0
1864,1.0
1865,1.0
1866,1.0
1867,1.0
1869,1.0
1870,1.0
1871,1.0
1872,1.0
1873,1.0
1874,1.0
1876,1.0
1877,1.0
1878,1.0
1879,1.0
1880,1.0
1881,1.0
1882,1.0
1883,1.0
1884,1.0
1885,1.0
1886,1.0
1887,1.0
1889,1.0
1891,1.0
1893,1.0
1895,1.0
1896,1.0
1898,1.0
1900,1.0
1901,1.0
1902,1.0
1903,1.0
1904,1.0
1905,1.0
1906,1.0
1907,1.0
1908,1.0
1909,1.0
1910,1.0
1911,1.0
1912,1.0
1914,1.0
1916,1.0
1917,1.0
1918,1.0
1919,1.0
1920,1.0
1921,1.0
1922,1.0
1923,1.0
1924,1.0
1925,1.0
1926,1.0
1927,1.0
1928,1.0
1930,1.0
1931,1.0
1934,1.0
1935,1.0
1936,1.0
1937,1.0
1939,1.0
1940,1.0
1941,1.0
1942,1.0
1943,1.0
1944,1.0
1945,1.0
1948,1.0
1950,1.0
1951,1.0
1954,1.0
1955,1.0
1956,1.0
1958,1.0
1960,1.0
1961,1.0
1963,1.0
1964,1.0
1965,1.0
1967,1.0
1968,1.0
1969,1.0
1970,1.0
1971,1.0
1973,1.0
1974,1.0
1976,1.0
1977,1.0
1978,1.0
1979,1.0
1980,1.0
1982,1.0
1984,1.0
1986,1.0
1987,1.0
1988,1.0
1989,1.0
1990,1.0
1991,1.0
1992,1.0
1993,1.0
1994,1.0
1995,1.0
1996,1.0
1997,1.0
1998,1.0
2000,1.0
2001,1.0
2002,1.0
2004,1.0
2007,1.0
2008,1.0
2009,1.0
2010,1.0
2011,1.0
2012,1.0
2014,1.0
2016,1.0
2017,1.0
2018,1.0
2019,1.0
2020,1.0
2021,1.0
2022,1.0
2023,1.0
2024,1.0
2025,1.0
2027,1.0
2028,1.0
2029,1.0
2030,1.0
2032,1.0
2033,1.0
2034,1.0
2035,1.0
2036,1.0
2038,1.0
2039,1.0
2040,1.0
2042,1.0
2044,1.0
2046,1.0
2047,1.0
2048,1.0
2049,1.0
2050,1.0
2051,1.0
2052,1.0
2053,1.0
2054,1.0
2056,1.0
2057,1.0
2058,1.0
2059,1.0
2060,1.0
2061,1.0
2063,1.0
2064,1.0
2065,1.0
2066,1.0
2067,1.0
2068,1.0
2069,1.0
2070,1.0
2071,1.0
2072,1.0
2073,1.0
2074,1.0
2075,1.0
2076,1.0
2077,1.0
2078,1.0
2079,1.0
2080,1.0
2081,1.0
2082,1.0
2083,1.0
2084,1.0
2085,1.0
2086,1.0
2087,1.0
2088,1.0
2089,1.0
2090,1.0
2092,1.0
2095,1.0
2096,1.0
2097,1.0
2098,1.0
2099,1.0
2100,1.0
2101,1.0
2102,1.0
2103,1.0
2104,1.0
2106,1.0
2108,1.0
2110,1.0
2111,1.0
2112,1.0
2113,1.0
2114,1.0
2115,1.0
2116,1.0
2117,1.0
2118,1.0
2119,1.0
2120,1.0
2121,1.0
2122,1.0
2123,1.0
2125,1.0
2126,1.0
2127,1.0
2128,1.0
2129,1.0
2130,1.0
2132,1.0
2133,1.0
2135,1.0
2136,1.0
2137,1.0
2138,1.0
2139,1.0
2140,1.0
2141,1.0
2142,1.0
