666
272
25
1600
2045
1899
1421
486
209
1518
583
1770
412
1310
139
188
1184
1701
976
1046
572
467
115
163
1057
559
1550
434
934
1860
1039
1564
1693
1584
903
1117
1509
1235
893
2109
650
912
1985
1259
1144
1217
1487
1112
1279
1374
179
1841
1592
1752
1674
1401
436
125
1463
120
256
1294
2006
1010
540
1747
2124
524
1242
455
1050
1164
925
146
1274
2015
1477
1028
1207
268
1953
1496
1009
914
1132
959
1933
1408
1528
471
638
896
1587
13
1687
1370
417
1097
1340
1644
1139
504
152
11
1121
1972
4
2026
8
44
603
1681
1505
1739
571
1820
1385
954
15
30
14
991
1196
961
457
1671
421
221
1024
1
215
942
143
1034
918
1746
27
1278
1667
1975
1796
1091
1195
1682
1823
1534
117
511
1915
941
2043
243
1330
45
1481
219
1415
1031
1001
639
940
1489
1283
1894
548
174
1741
1579
1341
1582
979
119
1588
963
1932
1651
1241
897
1938
1576
1844
939
151
182
116
1331
1795
470
419
1706
1712
1713
1818
284
461
1565
1400
2037
1255
1946
1178
1716
1393
506
6
654
928
953
1206
1094
196
1422
130
56
91
94
2105
1148
1730
1556
1007
575
1342
1892
1805
1077
171
301
1751
1947
294
1480
1282
231
1100
1375
29
1005
924
1286
1797
1744
33
1127
2093
28
204
1136
1157
593
153
1720
106
1209
1064
148
1138
1655
39
246
42
1169
930
24
252
1743
539
1513
418
1093
1999
1840
48
1357
60
170
570
254
1981
2031
578
291
187
900
1658
1366
1799
265
350
1846
1414
576
276
43
1365
495
16
112
37
1548
1569
2091
1092
1348
1044
1095
1672
65
287
648
1850
647
416
1081
1303
222
118
1037
994
505
499
1106
985
1484
1129
1266
150
993
1004
1234
1402
26
2107
483
1875
1824
1109
1966
96
129
2134
269
266
93
1554
1159
1344
2131
10
636
1598
608
1155
3
1827
1071
1661
454
1673
462
200
1983
1832
1849
1023
1315
101
502
2005
904
1825
173
573
577
275
1063
501
1507
984
286
1042
189
1571
1051
1147
227
1108
497
1683
141
1858
491
466
1343
1336
1335
1065
660
280
277
220
658
777
1543
281
2062
1012
172
1088
500
228
1957
1216
1952
1690
1888
1362
1959
844
237
184
1119
1462
1831
1338
1460
1868
960
144
84
279
285
923
1929
289
138
1580
998
9
74
587
606
741
199
2003
2013
2041
2094
283
1244
258
164
195
484
1949
1152
1494
295
1699
1834
790
1387
177
932
293
1110
1753
168
1388
950
594
692
1897
1769
1428
1680
562
1709
920
1410
675
543
1722
86
1003
216
1708
415
54
399
503
1380
851
1021
1913
1359
1610
1619
596
989
1368
1213
708
774
1142
1392
689
1285
1863
1307
494
1718
1583
664
567
1815
1391
61
1837
828
66
1499
1161
278
226
1305
758
1838
2055
604
607
610
1802
1812
1188
1298
1072
661
561
669
742
1962
290
1281
5
1545
975
51
858
97
680
1890
32
79
841
1076
52
536
1130
1737
801
391
817
1379
400
292
206
282
288
310
747
694
839
827
720
861
809
690
724
825
677
537
740
757
464
670
704
223
465
167
762
0
2
7
12
17
18
19
20
21
22
23
31
34
35
36
38
40
41
46
47
49
50
53
55
57
58
59
62
63
64
67
68
69
70
71
72
73
75
76
77
78
80
81
82
83
85
87
88
89
90
92
95
98
99
100
102
103
104
105
107
108
109
110
111
113
114
121
122
123
124
126
127
128
131
132
133
134
135
136
137
140
142
145
147
149
154
155
156
157
158
159
160
161
162
165
166
169
175
176
178
180
181
183
185
186
190
191
192
193
194
197
198
201
202
203
205
207
208
210
211
212
213
214
217
218
224
225
229
230
232
233
234
235
236
238
239
240
241
242
244
245
247
248
249
250
251
253
255
257
259
260
261
262
263
264
267
270
271
273
274
296
297
298
299
300
302
303
304
305
306
307
308
309
311
312
313
314
315
316
317
318
319
320
321
322
323
324
325
326
327
328
329
330
331
332
333
334
335
336
337
338
339
340
341
342
343
344
345
346
347
348
349
351
352
353
354
355
356
357
358
359
360
361
362
363
364
365
366
367
368
369
370
371
372
373
374
375
376
377
378
379
380
381
382
383
384
385
386
387
388
389
390
392
393
394
395
396
397
398
401
402
403
404
405
406
407
408
409
410
411
413
414
420
422
423
424
425
426
427
428
429
430
431
432
433
435
437
438
439
440
441
442
443
444
445
446
447
448
449
450
451
452
453
456
458
459
460
463
468
469
472
473
474
475
476
477
478
479
480
481
482
485
487
488
489
490
492
493
496
498
507
508
509
510
512
513
514
515
516
517
518
519
520
521
522
523
525
526
527
528
529
530
531
532
533
534
535
538
541
542
544
545
546
547
549
550
551
552
553
554
555
556
557
558
560
563
564
565
566
568
569
574
579
580
581
582
584
585
586
588
589
590
591
592
595
597
598
599
600
601
602
605
609
611
612
613
614
615
616
617
618
619
620
621
622
623
624
625
626
627
628
629
630
631
632
633
634
635
637
640
641
642
643
644
645
646
649
651
652
653
655
656
657
659
662
663
665
667
668
671
672
673
674
676
678
679
681
682
683
684
685
686
687
688
691
693
695
696
697
698
699
700
701
702
703
705
706
707
709
710
711
712
713
714
715
716
717
718
719
721
722
723
725
726
727
728
729
730
731
732
733
734
735
736
737
738
739
743
744
745
746
748
749
750
751
752
753
754
755
756
759
760
761
763
764
765
766
767
768
769
770
771
772
773
775
776
778
779
780
781
782
783
784
785
786
787
788
789
791
792
793
794
795
796
797
798
799
800
802
803
804
805
806
807
808
810
811
812
813
814
815
816
818
819
820
821
822
823
824
826
829
830
831
832
833
834
835
836
837
838
840
842
843
845
846
847
848
849
850
852
853
854
855
856
857
859
860
862
863
864
865
866
867
868
869
870
871
872
873
874
875
876
877
878
879
880
881
882
883
884
885
886
887
888
889
890
891
892
894
895
898
899
901
902
905
906
907
908
909
910
911
913
915
916
917
919
921
922
926
927
929
931
933
935
936
937
938
943
944
945
946
947
948
949
951
952
955
956
957
958
962
964
965
966
967
968
969
970
971
972
973
974
977
978
980
981
982
983
986
987
988
990
992
995
996
997
999
1000
1002
1006
1008
1011
1013
1014
1015
1016
1017
1018
1019
1020
1022
1025
1026
1027
1029
1030
1032
1033
1035
1036
1038
1040
1041
1043
1045
1047
1048
1049
1052
1053
1054
1055
1056
1058
1059
1060
1061
1062
1066
1067
1068
1069
1070
1073
1074
1075
1078
1079
1080
1082
1083
1084
1085
1086
1087
1089
1090
1096
1098
1099
1101
1102
1103
1104
1105
1107
1111
1113
1114
1115
1116
1118
1120
1122
1123
1124
1125
1126
1128
1131
1133
1134
1135
1137
1140
1141
1143
1145
1146
1149
1150
1151
1153
1154
1156
1158
1160
1162
1163
1165
1166
1167
1168
1170
1171
1172
1173
1174
1175
1176
1177
1179
1180
1181
1182
1183
1185
1186
1187
1189
1190
1191
1192
1193
1194
1197
1198
1199
1200
1201
1202
1203
1204
1205
1208
1210
1211
1212
1214
1215
1218
1219
1220
1221
1222
1223
1224
1225
1226
1227
1228
1229
1230
1231
1232
1233
1236
1237
1238
1239
1240
1243
1245
1246
1247
1248
1249
1250
1251
1252
1253
1254
1256
1257
1258
1260
1261
1262
1263
1264
1265
1267
1268
1269
1270
1271
1272
1273
1275
1276
1277
1280
1284
1287
1288
1289
1290
1291
1292
1293
1295
1296
1297
1299
1300
1301
1302
1304
1306
1308
1309
1311
1312
1313
1314
1316
1317
1318
1319
1320
1321
1322
1323
1324
1325
1326
1327
1328
1329
1332
1333
1334
1337
1339
1345
1346
1347
1349
1350
1351
1352
1353
1354
1355
1356
1358
1360
1361
1363
1364
1367
1369
1371
1372
1373
1376
1377
1378
1381
1382
1383
1384
1386
1389
1390
1394
1395
1396
1397
1398
1399
1403
1404
1405
1406
1407
1409
1411
1412
1413
1416
1417
1418
1419
1420
1423
1424
1425
1426
1427
1429
1430
1431
1432
1433
1434
1435
1436
1437
1438
1439
1440
1441
1442
1443
1444
1445
1446
1447
1448
1449
1450
1451
1452
1453
1454
1455
1456
1457
1458
1459
1461
1464
1465
1466
1467
1468
1469
1470
1471
1472
1473
1474
1475
1476
1478
1479
1482
1483
1485
1486
1488
1490
1491
1492
1493
1495
1497
1498
1500
1501
1502
1503
1504
1506
1508
1510
1511
1512
1514
1515
1516
1517
1519
1520
1521
1522
1523
1524
1525
1526
1527
1529
1530
1531
1532
1533
1535
1536
1537
1538
1539
1540
1541
1542
1544
1546
1547
1549
1551
1552
1553
1555
1557
1558
1559
1560
1561
1562
1563
1566
1567
1568
1570
1572
1573
1574
1575
1577
1578
1581
1585
1586
1589
1590
1591
1593
1594
1595
1596
1597
1599
1601
1602
1603
1604
1605
1606
1607
1608
1609
1611
1612
1613
1614
1615
1616
1617
1618
1620
1621
1622
1623
1624
1625
1626
1627
1628
1629
1630
1631
1632
1633
1634
1635
1636
1637
1638
1639
1640
1641
1642
1643
1645
1646
1647
1648
1649
1650
1652
1653
1654
1656
1657
1659
1660
1662
1663
1664
1665
1666
1668
1669
1670
1675
1676
1677
1678
1679
1684
1685
1686
1688
1689
1691
1692
1694
1695
1696
1697
1698
1700
1702
1703
1704
1705
1707
1710
1711
1714
1715
1717
1719
1721
1723
1724
1725
1726
1727
1728
1729
1731
1732
1733
1734
1735
1736
1738
1740
1742
1745
1748
1749
1750
1754
1755
1756
1757
1758
1759
1760
1761
1762
1763
1764
1765
1766
1767
1768
1771
1772
1773
1774
1775
1776
1777
1778
1779
1780
1781
1782
1783
1784
1785
1786
1787
1788
1789
1790
1791
1792
1793
1794
1798
1800
1801
1803
1804
1806
1807
1808
1809
1810
1811
1813
1814
1816
1817
1819
1821
1822
1826
1828
1829
1830
1833
1835
1836
1839
1842
1843
1845
1847
1848
1851
1852
1853
1854
1855
1856
1857
1859
1861
1862
1864
1865
1866
1867
1869
1870
1871
1872
1873
1874
1876
1877
1878
1879
1880
1881
1882
1883
1884
1885
1886
1887
1889
1891
1893
1895
1896
1898
1900
1901
1902
1903
1904
1905
1906
1907
1908
1909
1910
1911
1912
1914
1916
1917
1918
1919
1920
1921
1922
1923
1924
1925
1926
1927
1928
1930
1931
1934
1935
1936
1937
1939
1940
1941
1942
1943
1944
1945
1948
1950
1951
1954
1955
1956
1958
1960
1961
1963
1964
1965
1967
1968
1969
1970
1971
1973
1974
1976
1977
1978
1979
1980
1982
1984
1986
1987
1988
1989
1990
1991
1992
1993
1994
1995
1996
1997
1998
2000
2001
2002
2004
2007
2008
2009
2010
2011
2012
2014
2016
2017
2018
2019
2020
2021
2022
2023
2024
2025
2027
2028
2029
2030
2032
2033
2034
2035
2036
2038
2039
2040
2042
2044
2046
2047
2048
2049
2050
2051
2052
2053
2054
2056
2057
2058
2059
2060
2061
2063
2064
2065
2066
2067
2068
2069
2070
2071
2072
2073
2074
2075
2076
2077
2078
2079
2080
2081
2082
2083
2084
2085
2086
2087
2088
2089
2090
2092
2095
2096
2097
2098
2099
2100
2101
2102
2103
2104
2106
2108
2110
2111
2112
2113
2114
2115
2116
2117
2118
2119
2120
2121
2122
2123
2125
2126
2127
2128
2129
2130
2132
2133
2135
2136
2137
2138
2139
2140
2141
2142
