0,1
2,3
4,5
4,6
4,7
4,8
4,9
4,10
4,11
4,12
13,14
13,15
13,16
13,17
13,18
13,19
13,20
13,21
13,22
23,24
25,10
25,26
25,27
25,28
25,29
25,30
25,31
25,32
25,33
25,34
25,35
25,36
25,37
25,38
25,39
25,40
25,41
25,42
25,43
25,44
25,45
25,46
25,47
25,48
25,49
25,50
25,51
25,52
25,53
25,54
25,55
25,56
25,57
25,58
25,59
25,60
25,61
25,62
25,63
25,64
25,65
25,66
25,67
25,68
25,69
25,70
25,71
25,72
25,73
25,74
25,75
25,76
25,77
25,78
25,79
25,80
25,81
25,82
25,83
25,84
25,85
25,86
25,87
25,88
25,89
25,90
25,91
25,92
25,93
25,94
25,95
25,96
25,97
25,98
25,99
25,100
25,101
25,102
25,103
25,104
25,105
25,106
25,107
25,108
25,109
25,110
25,111
28,52
28,66
28,252
28,253
28,254
28,255
33,942
33,975
43,1141
79,1660
112,113
112,114
115,29
115,116
115,117
115,118
115,119
115,120
115,121
115,122
115,123
115,124
115,125
115,126
115,127
115,128
115,129
115,130
115,131
115,132
115,133
115,134
115,135
115,136
115,137
115,138
125,466
125,1639
125,1640
125,1641
125,1642
125,1643
139,3
139,29
139,45
139,140
139,141
139,142
139,143
139,144
139,145
139,146
139,147
139,148
139,149
139,150
139,151
139,152
139,153
139,154
139,155
139,156
139,157
139,158
139,159
139,160
139,161
139,162
163,27
163,42
163,164
163,165
163,166
163,167
163,168
163,169
163,170
163,171
163,172
163,173
163,174
163,175
163,176
163,177
163,178
179,6
179,180
179,181
179,182
179,183
179,184
179,185
186,187
188,33
188,44
188,173
188,189
188,190
188,191
188,192
188,193
188,194
188,195
188,196
188,197
188,198
188,199
188,200
188,201
188,202
188,203
188,204
188,205
188,206
188,207
188,208
204,206
204,491
204,2098
209,30
209,106
209,130
209,150
209,152
209,210
209,211
209,212
209,213
209,214
209,215
209,216
209,217
209,218
209,219
209,220
209,221
209,222
209,223
209,224
209,225
209,226
209,227
209,228
209,229
209,230
209,231
209,232
209,233
209,234
209,235
209,236
209,237
209,238
209,239
209,240
209,241
209,242
215,216
215,646
215,647
215,648
215,649
220,223
220,416
220,1086
220,1087
221,1206
228,143
243,118
243,244
243,245
246,221
246,247
246,248
246,249
246,250
246,251
256,86
256,152
256,257
256,258
256,259
256,260
256,261
256,262
256,263
256,264
265,266
265,267
268,24
268,266
268,269
268,270
268,271
272,27
272,56
272,91
272,94
272,138
272,187
272,189
272,200
272,273
272,274
272,275
272,276
272,277
272,278
272,279
272,280
272,281
272,282
272,283
272,284
272,285
272,286
272,287
272,288
272,289
272,290
272,291
272,292
272,293
272,294
272,295
272,296
272,297
272,298
272,299
272,300
272,301
272,302
272,303
272,304
272,305
272,306
272,307
272,308
272,309
272,310
272,311
272,312
272,313
272,314
272,315
272,316
272,317
272,318
272,319
272,320
272,321
272,322
272,323
272,324
272,325
272,326
272,327
272,328
272,329
272,330
272,331
272,332
272,333
272,334
272,335
272,336
272,337
272,338
272,339
272,340
272,341
272,342
272,343
272,344
272,345
272,346
272,347
272,348
272,349
272,350
272,351
272,352
272,353
272,354
272,355
272,356
272,357
272,358
272,359
272,360
272,361
272,362
272,363
272,364
272,365
272,366
272,367
272,368
272,369
272,370
272,371
272,372
272,373
272,374
272,375
272,376
272,377
272,378
272,379
272,380
272,381
272,382
272,383
272,384
272,385
272,386
272,387
272,388
272,389
272,390
272,391
272,392
272,393
272,394
272,395
272,396
272,397
272,398
272,399
272,400
272,401
272,402
272,403
272,404
272,405
272,406
272,407
272,408
272,409
272,410
272,411
282,1382
310,1968
412,24
412,43
412,93
412,182
412,285
412,413
412,414
412,415
412,416
412,417
412,418
412,419
412,420
412,421
412,422
412,423
412,424
412,425
412,426
412,427
412,428
412,429
412,430
412,431
412,432
412,433
415,1027
421,1400
434,141
434,170
434,280
434,287
434,435
434,436
434,437
434,438
434,439
434,440
434,441
434,442
434,443
434,444
434,445
434,446
434,447
434,448
434,449
434,450
434,451
434,452
434,453
434,454
455,144
455,456
455,457
455,458
455,459
455,460
461,24
461,462
463,464
465,466
467,28
467,39
467,42
467,60
467,116
467,150
467,222
467,275
467,468
467,469
467,470
467,471
467,472
467,473
467,474
467,475
467,476
467,477
467,478
467,479
467,480
467,481
482,483
484,485
486,1
486,44
486,170
486,174
486,276
486,466
486,487
486,488
486,489
486,490
486,491
486,492
486,493
486,494
486,495
486,496
486,497
486,498
486,499
486,500
486,501
486,502
486,503
486,504
486,505
486,506
486,507
486,508
486,509
486,510
486,511
486,512
486,513
486,514
486,515
486,516
486,517
486,518
486,519
486,520
486,521
486,522
486,523
499,1483
499,1484
499,1485
499,1486
524,153
524,200
524,525
524,526
524,527
524,528
524,529
524,530
524,531
524,532
524,533
524,534
535,269
536,537
536,538
539,170
539,540
539,541
539,542
540,120
540,170
540,269
540,471
540,543
540,544
540,545
540,546
540,547
540,548
540,549
540,550
540,551
540,552
540,553
540,554
540,555
540,556
540,557
558,24
559,30
559,117
559,151
559,436
559,560
559,561
559,562
559,563
559,564
559,565
559,566
559,567
559,568
559,569
559,570
559,571
572,573
572,574
572,575
572,576
572,577
572,578
572,579
572,580
572,581
572,582
583,511
583,584
583,585
583,586
583,587
583,588
583,589
583,590
583,591
583,592
583,593
583,594
583,595
583,596
583,597
583,598
583,599
583,600
583,601
583,602
583,603
583,604
583,605
583,606
583,607
583,608
583,609
583,610
583,611
583,612
583,613
583,614
583,615
583,616
583,617
583,618
583,619
583,620
583,621
583,622
583,623
583,624
583,625
583,626
583,627
583,628
583,629
583,630
583,631
583,632
583,633
583,634
583,635
594,1270
594,1271
607,1801
636,637
636,638
639,141
639,148
639,417
639,640
639,641
639,642
639,643
639,644
645,24
650,499
650,638
650,651
650,652
650,653
650,654
650,655
650,656
650,657
650,658
654,1501
654,1502
654,1503
654,1504
659,660
661,146
661,662
661,663
664,30
664,665
666,5
666,33
666,42
666,65
666,141
666,150
666,164
666,168
666,170
666,173
666,199
666,222
666,284
666,294
666,301
666,464
666,465
666,466
666,491
666,500
666,501
666,505
666,537
666,561
666,593
666,661
666,667
666,668
666,669
666,670
666,671
666,672
666,673
666,674
666,675
666,676
666,677
666,678
666,679
666,680
666,681
666,682
666,683
666,684
666,685
666,686
666,687
666,688
666,689
666,690
666,691
666,692
666,693
666,694
666,695
666,696
666,697
666,698
666,699
666,700
666,701
666,702
666,703
666,704
666,705
666,706
666,707
666,708
666,709
666,710
666,711
666,712
666,713
666,714
666,715
666,716
666,717
666,718
666,719
666,720
666,721
666,722
666,723
666,724
666,725
666,726
666,727
666,728
666,729
666,730
666,731
666,732
666,733
666,734
666,735
666,736
666,737
666,738
666,739
666,740
666,741
666,742
666,743
666,744
666,745
666,746
666,747
666,748
666,749
666,750
666,751
666,752
666,753
666,754
666,755
666,756
666,757
666,758
666,759
666,760
666,761
666,762
666,763
666,764
666,765
666,766
666,767
666,768
666,769
666,770
666,771
666,772
666,773
666,774
666,775
666,776
666,777
666,778
666,779
666,780
666,781
666,782
666,783
666,784
666,785
666,786
666,787
666,788
666,789
666,790
666,791
666,792
666,793
666,794
666,795
666,796
666,797
666,798
666,799
666,800
666,801
666,802
666,803
666,804
666,805
666,806
666,807
666,808
666,809
666,810
666,811
666,812
666,813
666,814
666,815
666,816
666,817
666,818
666,819
666,820
666,821
666,822
666,823
666,824
666,825
666,826
666,827
666,828
666,829
666,830
666,831
666,832
666,833
666,834
666,835
666,836
666,837
666,838
666,839
666,840
666,841
666,842
666,843
666,844
666,845
666,846
666,847
666,848
666,849
666,850
666,851
666,852
666,853
666,854
666,855
666,856
666,857
666,858
666,859
666,860
666,861
666,862
666,863
666,864
666,865
666,866
666,867
666,868
666,869
666,870
666,871
666,872
666,873
666,874
666,875
666,876
666,877
666,878
666,879
666,880
666,881
666,882
666,883
666,884
666,885
666,886
666,887
666,888
666,889
666,890
666,891
666,892
689,16
689,170
689,231
689,1075
689,1076
692,42
692,125
692,168
692,294
692,419
692,844
692,861
692,1083
692,1084
720,171
762,5
893,27
893,120
893,199
893,504
893,894
893,895
893,896
893,897
893,898
893,899
900,195
900,901
900,902
903,101
903,141
903,279
903,295
903,436
903,470
903,904
903,905
903,906
903,907
903,908
903,909
910,670
911,484
912,150
912,277
912,284
912,844
912,851
912,913
912,914
912,915
912,916
912,917
918,15
918,919
918,920
921,164
922,923
924,3
924,43
925,926
925,927
925,928
925,929
930,931
930,932
930,933
934,196
934,571
934,935
934,936
934,937
934,938
934,939
934,940
934,941
934,942
934,943
934,944
934,945
934,946
934,947
934,948
934,949
934,950
934,951
934,952
953,603
953,954
953,955
953,956
953,957
958,959
959,587
959,606
959,960
959,961
959,962
963,747
963,964
963,965
963,966
963,967
963,968
963,969
963,970
963,971
963,972
963,973
963,974
976,977
976,978
976,979
976,980
976,981
976,982
976,983
976,984
976,985
976,986
976,987
976,988
989,97
989,990
991,8
991,170
991,932
991,992
991,993
991,994
991,995
991,996
991,997
991,998
991,999
991,1000
991,1001
991,1002
1003,540
1003,1004
1005,690
1005,1006
1005,1007
1005,1008
1005,1009
1010,44
1010,45
1010,1011
1010,1012
1010,1013
1010,1014
1010,1015
1010,1016
1010,1017
1010,1018
1010,1019
1010,1020
1012,1355
1012,1356
1021,112
1021,163
1021,167
1021,1022
1023,1024
1023,1025
1026,37
1028,37
1028,39
1028,1029
1028,1030
1028,1031
1028,1032
1028,1033
1034,1035
1034,1036
1034,1037
1034,1038
1039,8
1039,11
1039,1007
1039,1040
1039,1041
1039,1042
1039,1043
1039,1044
1039,1045
1042,1420
1046,457
1046,1024
1046,1037
1046,1047
1046,1048
1046,1049
1046,1050
1046,1051
1046,1052
1046,1053
1046,1054
1046,1055
1046,1056
1050,143
1050,1251
1050,1252
1050,1253
1050,1254
1057,1058
1057,1059
1057,1060
1057,1061
1057,1062
1057,1063
1057,1064
1057,1065
1057,1066
1057,1067
1057,1068
1057,1069
1057,1070
1071,1072
1071,1073
1071,1074
1077,497
1077,809
1077,1078
1077,1079
1077,1080
1081,483
1081,1082
1085,9
1088,677
1088,1089
1088,1090
1088,1091
1092,543
1092,1093
1093,1094
1095,1063
1095,1096
1097,171
1097,454
1097,954
1097,1098
1097,1099
1097,1100
1097,1101
1097,1102
1097,1103
1097,1104
1105,1106
1107,1108
1109,1110
1109,1111
1112,143
1112,227
1112,243
1112,483
1112,1113
1112,1114
1112,1115
1112,1116
1117,1118
1117,1119
1117,1120
1117,1121
1117,1122
1117,1123
1117,1124
1117,1125
1117,1126
1117,1127
1117,1128
1117,1129
1130,740
1130,1131
1132,457
1132,928
1132,1133
1132,1134
1132,1135
1136,1137
1136,1138
1139,43
1139,54
1139,418
1139,1140
1142,44
1142,1143
1144,638
1144,994
1144,1009
1144,1145
1144,1146
1144,1147
1148,195
1148,1149
1148,1150
1148,1151
1152,708
1152,1153
1152,1154
1155,170
1155,1156
1155,1157
1155,1158
1159,462
1159,593
1159,979
1159,1160
1161,708
1161,1162
1163,708
1164,243
1164,578
1164,758
1164,858
1164,1165
1164,1166
1164,1167
1164,1168
1169,827
1169,1170
1169,1171
1169,1172
1169,1173
1169,1174
1169,1175
1169,1176
1169,1177
1178,494
1178,1179
1178,1180
1178,1181
1178,1182
1178,1183
1184,1
1184,120
1184,222
1184,284
1184,421
1184,548
1184,896
1184,897
1184,914
1184,920
1184,939
1184,1157
1184,1185
1184,1186
1184,1187
1184,1188
1184,1189
1184,1190
1184,1191
1184,1192
1184,1193
1184,1194
1184,1195
1188,1378
1196,694
1196,1009
1196,1197
1196,1198
1196,1199
1196,1200
1196,1201
1196,1202
1196,1203
1196,1204
1196,1205
1207,1208
1207,1209
1207,1210
1207,1211
1212,704
1213,1214
1215,1216
1217,278
1217,1218
1217,1219
1217,1220
1217,1221
1217,1222
1217,1223
1217,1224
1217,1225
1217,1226
1217,1227
1217,1228
1217,1229
1217,1230
1217,1231
1217,1232
1233,1234
1235,1236
1235,1237
1235,1238
1235,1239
1235,1240
1235,1241
1242,1243
1242,1244
1242,1245
1242,1246
1242,1247
1242,1248
1242,1249
1242,1250
1255,171
1255,503
1255,1256
1255,1257
1255,1258
1259,293
1259,576
1259,603
1259,669
1259,828
1259,1260
1259,1261
1259,1262
1259,1263
1259,1264
1259,1265
1266,5
1266,182
1266,1267
1266,1268
1269,593
1272,1106
1273,1065
1274,923
1274,1275
1274,1276
1277,279
1278,596
1278,1106
1278,1279
1280,1281
1282,562
1282,1283
1284,1285
1286,174
1286,1287
1286,1288
1286,1289
1286,1290
1286,1291
1292,258
1293,960
1294,96
1294,284
1294,436
1294,593
1294,914
1294,1295
1294,1296
1294,1297
1294,1298
1294,1299
1294,1300
1294,1301
1294,1302
1303,961
1303,1304
1305,281
1305,1306
1307,942
1307,1308
1307,1309
1310,1311
1310,1312
1310,1313
1310,1314
1310,1315
1310,1316
1310,1317
1310,1318
1310,1319
1310,1320
1310,1321
1310,1322
1310,1323
1310,1324
1310,1325
1310,1326
1310,1327
1310,1328
1310,1329
1330,470
1330,1279
1331,660
1331,1332
1331,1333
1334,593
1335,45
1335,1336
1335,1337
1338,1121
1338,1339
1340,1121
1340,1341
1340,1342
1340,1343
1341,1365
1344,491
1344,575
1344,1345
1344,1346
1344,1347
1348,742
1348,1349
1348,1350
1348,1351
1348,1352
1348,1353
1348,1354
1357,1358
1357,1359
1357,1360
1361,495
1362,51
1362,1363
1362,1364
1366,1367
1368,593
1368,1369
1370,74
1370,143
1370,758
1370,1371
1370,1372
1370,1373
1374,1234
1374,1341
1374,1342
1374,1375
1374,1376
1374,1377
1379,1380
1379,1381
1380,593
1383,32
1384,1279
1385,1009
1385,1386
1385,1387
1388,950
1388,1389
1390,573
1391,741
1391,1392
1393,934
1393,1216
1393,1375
1393,1394
1393,1395
1393,1396
1393,1397
1393,1398
1393,1399
1400,603
1401,1402
1401,1403
1401,1404
1401,1405
1401,1406
1401,1407
1408,290
1408,603
1408,1409
1408,1410
1408,1411
1408,1412
1408,1413
1414,10
1414,1415
1414,1416
1414,1417
1418,975
1419,567
1421,184
1421,243
1421,571
1421,741
1421,790
1421,1244
1421,1422
1421,1423
1421,1424
1421,1425
1421,1426
1421,1427
1421,1428
1421,1429
1421,1430
1421,1431
1421,1432
1421,1433
1421,1434
1421,1435
1421,1436
1421,1437
1421,1438
1421,1439
1421,1440
1421,1441
1421,1442
1421,1443
1421,1444
1421,1445
1421,1446
1421,1447
1421,1448
1421,1449
1421,1450
1421,1451
1421,1452
1421,1453
1421,1454
1421,1455
1421,1456
1421,1457
1421,1458
1421,1459
1460,1
1460,1461
1462,11
1462,593
1463,26
1463,42
1463,170
1463,1121
1463,1359
1463,1464
1463,1465
1463,1466
1463,1467
1463,1468
1463,1469
1463,1470
1463,1471
1463,1472
1463,1473
1463,1474
1463,1475
1463,1476
1477,1478
1477,1479
1477,1480
1477,1481
1482,61
1487,1100
1487,1488
1487,1489
1487,1490
1487,1491
1487,1492
1493,1
1494,226
1494,1495
1496,129
1496,254
1496,1031
1496,1497
1496,1498
1499,283
1499,1500
1505,222
1505,417
1505,501
1505,1506
1507,979
1507,1508
1509,152
1509,502
1509,504
1509,1402
1509,1510
1509,1511
1509,1512
1509,1513
1509,1514
1509,1515
1509,1516
1509,1517
1518,1031
1518,1274
1518,1519
1518,1520
1518,1521
1518,1522
1518,1523
1518,1524
1518,1525
1518,1526
1518,1527
1518,1528
1518,1529
1518,1530
1518,1531
1518,1532
1518,1533
1518,1534
1518,1535
1518,1536
1518,1537
1518,1538
1518,1539
1518,1540
1518,1541
1542,1543
1544,979
1545,801
1545,1546
1547,576
1548,15
1548,1549
1550,14
1550,37
1550,222
1550,289
1550,484
1550,941
1550,1422
1550,1551
1550,1552
1550,1553
1550,1554
1550,1555
1550,1556
1550,1557
1550,1558
1550,1559
1550,1560
1550,1561
1550,1562
1563,495
1564,993
1564,1480
1564,1489
1564,1565
1564,1566
1564,1567
1565,1575
1568,1050
1569,15
1569,1570
1571,724
1571,1213
1571,1572
1571,1573
1571,1574
1576,495
1576,593
1576,1577
1576,1578
1576,1579
1576,1580
1576,1581
1576,1582
1576,1583
1584,1585
1584,1586
1584,1587
1584,1588
1584,1589
1584,1590
1584,1591
1592,1024
1592,1064
1592,1108
1592,1593
1592,1594
1592,1595
1592,1596
1592,1597
1598,1009
1598,1599
1600,286
1600,1121
1600,1343
1600,1387
1600,1601
1600,1602
1600,1603
1600,1604
1600,1605
1600,1606
1600,1607
1600,1608
1600,1609
1600,1610
1600,1611
1600,1612
1600,1613
1600,1614
1600,1615
1600,1616
1600,1617
1600,1618
1600,1619
1600,1620
1600,1621
1600,1622
1600,1623
1600,1624
1600,1625
1600,1626
1600,1627
1600,1628
1600,1629
1600,1630
1600,1631
1600,1632
1600,1633
1600,1634
1600,1635
1600,1636
1600,1637
1600,1638
1619,1670
1644,6
1644,1645
1644,1646
1644,1647
1644,1648
1649,593
1650,604
1651,1044
1651,1652
1651,1653
1654,593
1655,1279
1656,1579
1657,1658
1659,593
1661,593
1661,1662
1661,1663
1661,1664
1661,1665
1666,1
1667,1588
1667,1668
1667,1669
1671,998
1671,1672
1671,1673
1674,1587
1674,1675
1674,1676
1674,1677
1674,1678
1674,1679
1680,801
1680,1091
1681,1682
1681,1683
1681,1684
1685,164
1686,1672
1687,1587
1687,1688
1687,1689
1687,1690
1687,1691
1687,1692
1693,1138
1693,1283
1693,1694
1693,1695
1693,1696
1693,1697
1698,1588
1699,603
1699,1700
1701,14
1701,146
1701,215
1701,283
1701,648
1701,1534
1701,1702
1701,1703
1701,1704
1701,1705
1701,1706
1701,1707
1701,1708
1701,1709
1701,1710
1701,1711
1701,1712
1701,1713
1701,1714
1701,1715
1716,841
1716,940
1716,1717
1716,1718
1716,1719
1720,27
1720,1721
1720,1722
1720,1723
1720,1724
1720,1725
1720,1726
1720,1727
1728,1279
1729,1718
1730,436
1730,1731
1730,1732
1730,1733
1730,1734
1730,1735
1736,288
1737,757
1737,1738
1739,1565
1739,1740
1739,1741
1742,984
1743,84
1743,222
1744,1745
1744,1746
1747,1682
1747,1748
1747,1749
1747,1750
1751,954
1751,1746
1752,119
1752,680
1752,1110
1752,1753
1752,1754
1752,1755
1752,1756
1752,1757
1752,1758
1752,1759
1752,1760
1752,1761
1752,1762
1752,1763
1752,1764
1752,1765
1752,1766
1752,1767
1768,593
1769,904
1769,1770
1770,30
1770,45
1770,48
1770,125
1770,146
1770,221
1770,471
1770,844
1770,896
1770,1206
1770,1771
1770,1772
1770,1773
1770,1774
1770,1775
1770,1776
1770,1777
1770,1778
1770,1779
1770,1780
1770,1781
1770,1782
1770,1783
1770,1784
1770,1785
1770,1786
1770,1787
1770,1788
1770,1789
1770,1790
1770,1791
1770,1792
1770,1793
1770,1794
1795,10
1795,501
1795,1796
1797,1564
1797,1798
1797,1799
1800,817
1802,66
1802,1803
1804,1365
1805,603
1805,961
1805,1806
1805,1807
1805,1808
1809,1722
1810,841
1811,1
1812,861
1812,1813
1812,1814
1815,817
1815,1281
1816,1410
1817,1708
1818,291
1819,593
1820,1336
1820,1821
1820,1822
1823,647
1823,1824
1823,1825
1826,61
1827,593
1827,1001
1827,1828
1827,1829
1830,1831
1832,292
1832,1415
1832,1833
1834,914
1834,1835
1836,1837
1838,173
1838,1839
1840,825
1840,1579
1841,1658
1841,1842
1841,1843
1841,1844
1841,1845
1846,1847
1846,1848
1846,1849
1850,828
1850,1851
1850,1852
1850,1853
1850,1854
1850,1855
1850,1856
1857,129
1858,1709
1858,1859
1860,219
1860,252
1860,506
1860,583
1860,608
1860,675
1860,934
1860,1129
1860,1285
1860,1861
1860,1862
1860,1863
1860,1864
1860,1865
1860,1866
1860,1867
1860,1868
1860,1869
1860,1870
1860,1871
1860,1872
1860,1873
1860,1874
1860,1875
1860,1876
1860,1877
1860,1878
1860,1879
1860,1880
1860,1881
1860,1882
1860,1883
1860,1884
1860,1885
1860,1886
1860,1887
1875,1849
1875,1942
1875,1943
1875,1944
1875,1945
1888,1298
1888,1889
1890,505
1890,1891
1892,1392
1892,1893
1894,1655
1894,1895
1894,1896
1897,173
1897,1824
1898,170
1899,287
1899,1195
1899,1274
1899,1528
1899,1706
1899,1712
1899,1713
1899,1900
1899,1901
1899,1902
1899,1903
1899,1904
1899,1905
1899,1906
1899,1907
1899,1908
1899,1909
1899,1910
1899,1911
1899,1912
1899,1913
1899,1914
1899,1915
1899,1916
1899,1917
1899,1918
1899,1919
1899,1920
1899,1921
1899,1922
1899,1923
1899,1924
1899,1925
1899,1926
1899,1927
1899,1928
1913,2029
1929,593
1929,1930
1929,1931
1932,177
1932,1690
1933,153
1933,1513
1933,1934
1933,1935
1933,1936
1933,1937
1938,940
1938,1844
1938,1939
1938,1940
1938,1941
1946,400
1946,1947
1947,170
1948,1
1949,215
1949,1950
1951,1799
1952,593
1953,172
1953,237
1953,1543
1953,1818
1953,1947
1953,1954
1953,1955
1953,1956
1957,708
1957,1673
1957,1958
1959,593
1959,1796
1959,1960
1961,610
1962,1963
1964,940
1965,593
1966,1753
1966,1967
1969,1690
1970,1610
1971,173
1972,1741
1972,1973
1972,1974
1975,1209
1975,1868
1975,1976
1975,1977
1975,1978
1975,1979
1975,1980
1981,1580
1981,1840
1981,1982
1983,501
1983,1582
1984,593
1985,281
1985,593
1985,774
1985,1064
1985,1274
1985,1484
1985,1528
1985,1915
1985,1986
1985,1987
1985,1988
1985,1989
1985,1990
1985,1991
1985,1992
1985,1993
1985,1994
1985,1995
1985,1996
1997,593
1998,593
1999,222
1999,1556
1999,1683
1999,2000
1999,2001
1999,2002
2003,1206
2003,2004
2005,499
2005,1241
2006,215
2006,1206
2006,1831
2006,2007
2006,2008
2006,2009
2006,2010
2006,2011
2006,2012
2013,1206
2013,2014
2015,593
2015,934
2015,2016
2015,2017
2015,2018
2015,2019
2015,2020
2015,2021
2015,2022
2015,2023
2015,2024
2015,2025
2026,603
2026,660
2026,839
2026,1837
2026,2027
2026,2028
2030,1076
2031,391
2031,2032
2031,2033
2031,2034
2031,2035
2031,2036
2037,985
2037,2038
2037,2039
2040,638
2041,1206
2041,2042
2043,173
2043,742
2044,1147
2045,33
2045,187
2045,291
2045,350
2045,504
2045,505
2045,570
2045,777
2045,1072
2045,1315
2045,1690
2045,1962
2045,2046
2045,2047
2045,2048
2045,2049
2045,2050
2045,2051
2045,2052
2045,2053
2045,2054
2045,2055
2045,2056
2045,2057
2045,2058
2045,2059
2045,2060
2045,2061
2045,2062
2045,2063
2045,2064
2045,2065
2045,2066
2045,2067
2045,2068
2045,2069
2045,2070
2045,2071
2045,2072
2045,2073
2045,2074
2045,2075
2045,2076
2045,2077
2045,2078
2045,2079
2045,2080
2045,2081
2045,2082
2045,2083
2045,2084
2045,2085
2045,2086
2045,2087
2062,1554
2062,2099
2062,2100
2062,2101
2088,1
2089,1094
2090,1
2091,1428
2091,1952
2092,1
2093,1127
2093,2055
2094,1206
2094,2095
2096,708
2097,1683
2102,1206
2103,1206
2104,1863
2105,1279
2105,1366
2105,2106
2107,1279
2107,2108
2109,399
2109,1825
2109,2110
2109,2111
2109,2112
2109,2113
2109,2114
2109,2115
2109,2116
2109,2117
2109,2118
2109,2119
2109,2120
2109,2121
2109,2122
2109,2123
2124,1481
2124,2125
2124,2126
2124,2127
2128,1206
2129,658
2130,150
2131,1051
2131,2132
2133,638
2134,1004
2134,2135
2136,1583
2137,1746
2138,243
2139,399
2140,1119
2141,9
2142,577
