0
1
2
6
10
11
12
15
16
18
21
22
24
25
28
29
30
32
33
34
36
39
41
43
45
50
51
52
53
54
68
69
71
79
86
89
92
93
96
104
106
114
116
117
118
119
121
143
144
146
154
162
173
180
190
197
202
204
207
212
215
216
218
222
224
225
228
230
232
233
243
245
246
248
250
251
252
260
266
270
277
278
283
287
290
291
293
296
297
303
310
311
316
321
322
326
328
334
335
337
346
351
354
355
359
360
363
366
370
372
393
397
400
401
402
407
410
413
414
416
417
418
419
420
431
439
441
444
446
454
455
458
463
465
474
480
485
487
490
491
493
501
506
508
512
515
516
517
522
524
525
526
527
535
544
556
560
561
562
566
572
583
588
595
598
600
608
609
618
632
633
647
650
655
661
668
669
674
680
682
684
691
692
695
697
704
706
709
718
721
722
725
726
727
729
731
734
735
736
738
740
742
744
747
750
754
759
767
771
774
793
798
802
810
816
817
821
823
825
828
831
834
847
851
855
867
869
871
879
881
884
890
893
896
898
899
901
904
906
914
919
920
923
925
930
932
935
940
942
946
947
949
951
960
961
962
965
966
976
981
982
985
987
993
1001
1015
1021
1022
1029
1030
1033
1043
1049
1051
1064
1067
1071
1075
1076
1079
1083
1091
1092
1095
1096
1098
1101
1103
1106
1115
1127
1131
1132
1136
1140
1145
1154
1155
1162
1180
1184
1188
1190
1194
1202
1205
1206
1207
1217
1219
1220
1226
1227
1240
1241
1242
1245
1249
1253
1256
1257
1260
1263
1265
1268
1271
1281
1289
1290
1292
1295
1298
1304
1306
1312
1315
1318
1322
1337
1345
1349
1353
1357
1369
1370
1371
1375
1377
1379
1392
1394
1418
1419
1426
1427
1434
1441
1444
1445
1448
1450
1454
1455
1457
1460
1471
1472
1477
1478
1485
1486
1487
1489
1492
1497
1499
1500
1503
1504
1508
1509
1513
1519
1532
1533
1537
1545
1546
1552
1553
1555
1566
1576
1579
1580
1597
1599
1601
1603
1604
1627
1636
1642
1647
1651
1652
1663
1666
1676
1677
1692
1696
1702
1706
1712
1714
1717
1720
1724
1728
1731
1735
1736
1737
1740
1743
1750
1751
1754
1760
1765
1768
1772
1774
1775
1778
1780
1783
1787
1789
1798
1801
1809
1825
1832
1833
1836
1845
1854
1857
1861
1862
1863
1866
1867
1868
1872
1875
1880
1881
1882
1884
1886
1888
1891
1892
1893
1894
1901
1904
1907
1913
1918
1920
1923
1928
1932
1934
1935
1942
1944
1947
1952
1954
1972
1976
1979
1980
1981
1987
1989
1996
1998
1999
2015
2019
2023
2034
2036
2052
2055
2058
2061
2063
2071
2073
2078
2086
2100
2102
2110
2113
2115
2122
2124
2126
2142
2143
2156
2157
2158
2159
2165
2168
2170
2174
2189
2192
2196
2204
2208
2213
2220
2229
2237
2240
2251
2271
2273
2275
2276
2282
2285
2293
2306
2309
2313
2314
2316
2318
2321
2325
2335
2336
2337
2346
2354
2357
2358
2365
2367
2376
2377
2383
2390
2399
2410
2411
2412
2422
2427
2433
2434
2437
2446
2453
2463
2465
2466
2470
2471
2475
2485
2492
2499
2503
2505
2510
2513
2515
2519
2523
2524
2526
2528
2531
2532
2537
2540
2546
2548
2549
2560
2562
2564
2581
2584
2586
2590
2591
2598
2605
2607
2608
2610
2619
2628
2637
2643
2655
2656
2669
2671
2674
2677
2681
2689
2692
2695
2696
2708
2716
2721
2722
2725
2727
2728
2730
2733
2735
2740
2741
2744
2745
2757
2763
2764
2767
2770
2772
2774
2782
2785
2787
2798
2799
2806
2815
2816
2818
2824
2826
2830
2832
2833
2841
2850
2851
2874
2878
2880
2892
2893
2905
2931
2935
2937
2938
2939
2941
2947
2948
2949
2951
2955
2961
2962
2965
2969
2973
2992
2998
2999
3003
3006
3015
3022
3027
3030
3031
3041
3048
3049
3061
3063
3064
3080
3089
3096
3105
3107
3108
3113
3122
3126
3128
3129
3132
3137
3140
3147
3153
3160
3162
3163
3167
3172
3179
3180
3181
3187
3196
3205
3207
3216
3240
3252
3255
3261
3265
3268
3270
3286
3288
3289
3293
3299
3302
3309
3316
3319
3325
3326
3330
3332
3335
3350
3359
3368
3373
3399
3400
3423
3427
3429
3435
3441
3442
3450
3454
3458
3459
3465
3490
3496
3502
3506
3511
3514
3520
3521
3526
3528
3537
3542
3546
3549
3552
3557
3558
3561
3565
3569
3575
3582
3584
3589
3590
3596
3599
3609
3612
3618
3639
3656
3668
3673
3679
3685
3695
3696
3705
3708
3711
3716
3720
3724
3725
3726
3735
3749
3752
3754
3765
3766
3774
3782
3783
3784
3812
3821
3823
3824
3826
3829
3831
3837
3855
3858
3862
3868
3873
3877
3878
3880
3882
3889
3892
3898
3922
3937
3941
3945
3947
3953
3959
3965
3966
3969
3972
3974
3985
4001
4003
4005
4018
4021
4022
4025
4028
4031
4032
4033
4039
4040
4049
4050
4058
4065
4071
4073
4090
4091
4092
4096
4103
4113
4117
4124
4125
4129
4131
4134
4139
4145
4151
4165
4169
4170
4171
4175
4203
4205
4209
4213
4239
4241
4245
4248
4254
4256
4263
4269
4287
4289
4290
4312
4313
4317
4319
4325
4332
4340
4343
4350
4355
4358
4365
4370
4385
4390
4391
4396
4400
4412
4413
4419
4421
4443
4446
4468
4498
4504
4511
4513
4523
4524
4527
4529
4533
4535
4540
4542
4547
4555
4561
4567
4570
4580
4581
4585
4586
4591
4594
4603
4606
4615
4618
4625
4632
4634
4635
4638
4644
4648
4652
4657
4661
4662
4665
4674
4693
4698
4701
4710
4723
4725
4732
4734
4740
4743
4749
4752
4771
4776
4784
4788
4807
4810
4811
4819
4828
4831
4846
4849
4856
4865
4868
4870
4874
4877
4878
4907
4924
4925
4927
4935
4937
4941
4955
4956
4958
4966
4973
4978
4983
4985
4987
4990
4994
4995
4999
5001
5013
5020
5023
5038
5039
5052
5054
5056
5059
5060
5064
5069
5081
5085
5093
5094
5096
5100
5104
5114
5115
5116
5121
5126
5127
5129
5136
5141
5167
5176
5180
5183
5185
5195
5201
5213
5225
5237
5239
5245
5246
5249
5251
5254
5258
5259
5283
5299
5300
5318
5325
5330
5331
5335
5345
5351
5354
5355
5361
5363
5388
5396
5412
5420
5423
5424
5427
5429
5436
5439
5440
5442
5451
5456
5472
5482
5483
5494
5548
5560
5565
5570
5587
5612
5619
5620
5626
5630
5637
5652
5653
5667
5669
5670
5694
5695
5718
5721
5722
5724
5739
5751
5757
5760
5767
5773
5774
5775
5776
5780
5786
5787
5789
5790
5821
5826
5827
5832
5834
5835
5840
5845
5849
5851
5858
5873
5876
5886
5889
5891
5924
5927
5928
5930
5936
5940
5943
5944
5951
5952
5961
5967
5991
5997
6014
6025
6028
6029
6030
6038
6043
6046
6050
6056
6066
6072
6078
6092
6100
6116
6117
6121
6133
6134
6146
6151
6153
6158
6159
6163
6171
6180
6191
6195
6197
6199
6211
6229
6254
6256
6259
6262
6274
6276
6277
6278
6285
6287
6294
6297
6299
6301
6309
6312
6324
6333
6334
6335
6348
6349
6350
6354
6356
6359
6364
6396
6406
6417
6420
6422
6424
6427
6434
6436
6447
6449
6452
6461
6463
6472
6473
6478
6480
6482
6485
6493
6494
6498
6502
6510
6511
6522
6547
6550
6561
6572
6576
6581
6582
6583
6615
6620
6625
6641
6646
6647
6661
6666
6687
6697
6709
6718
6727
6728
6746
6750
6753
6755
6758
6771
6782
6802
6804
6825
6827
6842
6843
6848
6859
6860
6864
6872
6877
6881
6892
6899
6907
6911
6935
6946
6948
6958
6960
6961
6964
6973
6978
6979
6990
6992
7000
7007
7028
7051
7059
7066
7085
7086
7089
7096
7104
7117
7120
7125
7128
7129
7130
7140
7151
7154
7156
7162
7172
7179
7182
7190
7196
7199
7200
7223
7232
7243
7260
7309
7322
7326
7328
7340
7345
7347
7355
7361
7383
7385
7389
7390
7397
7402
7404
7416
7417
7433
7441
7443
7444
7455
7464
7476
7487
7494
7502
7539
7541
7547
7555
7560
7566
7568
7571
7586
7589
7591
7594
7599
7606
7609
7621
7624
7631
7636
7642
7646
7674
7677
7678
7727
7744
7762
7772
7788
7795
7809
7811
7845
7867
7872
7900
7911
7913
7923
7928
7965
7967
7969
7981
7982
7995
8002
8014
8025
8031
8033
8037
8040
8041
8045
8066
8077
8079
8088
8098
8116
8120
8123
8126
8138
8141
8166
8168
8178
8180
8199
8214
8222
8224
8225
8233
8247
8249
8261
8264
8272
8280
8290
8292
8340
8343
8347
8348
8354
8366
8405
8424
8435
8499
8502
8534
8535
8563
8564
8635
