0,211.368421053
1,4039.0
2,4039.0
3,4039.0
4,4039.0
5,4039.0
6,4039.0
7,4039.0
8,4039.0
9,4039.0
10,4039.0
11,4039.0
12,4039.0
13,4039.0
14,4039.0
15,4039.0
16,4039.0
17,4039.0
18,4039.0
19,4039.0
20,4039.0
21,4039.0
22,4039.0
23,4039.0
24,4039.0
25,4039.0
26,4039.0
27,4039.0
28,4039.0
29,4039.0
30,4039.0
31,4039.0
32,4039.0
33,4039.0
34,4039.0
35,4039.0
36,4039.0
37,4039.0
38,4039.0
39,4039.0
40,4039.0
41,4039.0
42,4039.0
43,4039.0
44,4039.0
45,4039.0
46,4039.0
47,4039.0
48,4039.0
49,4039.0
50,4039.0
51,4039.0
52,4039.0
53,4039.0
54,4039.0
55,4039.0
56,4039.0
57,4039.0
58,4039.0
59,4039.0
60,4039.0
61,4039.0
62,4039.0
63,4039.0
64,4039.0
65,4039.0
66,4039.0
67,4039.0
68,4039.0
69,4039.0
70,4039.0
71,4039.0
72,4039.0
73,4039.0
74,4039.0
75,4039.0
76,4039.0
77,4039.0
78,4039.0
79,4039.0
80,4039.0
81,4039.0
82,4039.0
83,4039.0
84,4039.0
85,4039.0
86,4039.0
87,4039.0
88,4039.0
89,4039.0
90,4039.0
91,4039.0
92,4039.0
93,4039.0
94,4039.0
95,4039.0
96,4039.0
97,4039.0
98,4039.0
99,4039.0
100,4039.0
101,4039.0
102,4039.0
103,4039.0
104,4039.0
105,4039.0
106,4039.0
107,335.666666667
108,4039.0
109,4039.0
110,4039.0
111,4039.0
112,4039.0
113,4039.0
114,4039.0
115,4039.0
116,4039.0
117,4039.0
118,4039.0
119,4039.0
120,4039.0
121,4039.0
122,4039.0
123,4039.0
124,4039.0
125,4039.0
126,4039.0
127,4039.0
128,4039.0
129,4039.0
130,4039.0
131,4039.0
132,4039.0
133,4039.0
134,4039.0
135,4039.0
136,4039.0
137,4039.0
138,4039.0
139,4039.0
140,4039.0
141,4039.0
142,4039.0
143,4039.0
144,4039.0
145,4039.0
146,4039.0
147,4039.0
148,4039.0
149,4039.0
150,4039.0
151,4039.0
152,4039.0
153,4039.0
154,4039.0
155,4039.0
156,4039.0
157,4039.0
158,4039.0
159,4039.0
160,4039.0
161,4039.0
162,4039.0
163,4039.0
164,4039.0
165,4039.0
166,4039.0
167,4039.0
168,4039.0
169,4039.0
170,4039.0
171,4039.0
172,4039.0
173,4039.0
174,4039.0
175,4039.0
176,4039.0
177,4039.0
178,4039.0
179,4039.0
180,4039.0
181,4039.0
182,4039.0
183,4039.0
184,4039.0
185,4039.0
186,4039.0
187,4039.0
188,4039.0
189,4039.0
190,4039.0
191,4039.0
192,4039.0
193,4039.0
194,4039.0
195,4039.0
196,4039.0
197,4039.0
198,4039.0
199,4039.0
200,4039.0
201,4039.0
202,4039.0
203,4039.0
204,4039.0
205,4039.0
206,4039.0
207,4039.0
208,4039.0
209,4039.0
210,4039.0
211,4039.0
212,4039.0
213,4039.0
214,4039.0
215,4039.0
216,4039.0
217,4039.0
218,4039.0
219,4039.0
220,4039.0
221,4039.0
222,4039.0
223,4039.0
224,4039.0
225,4039.0
226,4039.0
227,4039.0
228,4039.0
229,4039.0
230,4039.0
231,4039.0
232,4039.0
233,4039.0
234,4039.0
235,4039.0
236,4039.0
237,4039.0
238,4039.0
239,4039.0
240,4039.0
241,4039.0
242,4039.0
243,4039.0
244,4039.0
245,4039.0
246,4039.0
247,4039.0
248,4039.0
249,4039.0
250,4039.0
251,4039.0
252,4039.0
253,4039.0
254,4039.0
255,4039.0
256,4039.0
257,4039.0
258,4039.0
259,4039.0
260,4039.0
261,4039.0
262,4039.0
263,4039.0
264,4039.0
265,4039.0
266,4039.0
267,4039.0
268,4039.0
269,4039.0
270,4039.0
271,4039.0
272,4039.0
273,4039.0
274,4039.0
275,4039.0
276,4039.0
277,4039.0
278,4039.0
279,4039.0
280,4039.0
281,4039.0
282,4039.0
283,4039.0
284,4039.0
285,4039.0
286,4039.0
287,4039.0
288,4039.0
289,4039.0
290,4039.0
291,4039.0
292,4039.0
293,4039.0
294,4039.0
295,4039.0
296,4039.0
297,4039.0
298,4039.0
299,4039.0
300,4039.0
301,4039.0
302,4039.0
303,4039.0
304,4039.0
305,4039.0
306,4039.0
307,4039.0
308,4039.0
309,4039.0
310,4039.0
311,4039.0
312,4039.0
313,4039.0
314,4039.0
315,4039.0
316,4039.0
317,4039.0
318,4039.0
319,4039.0
320,4039.0
321,4039.0
322,4039.0
323,4039.0
324,4039.0
325,4039.0
326,4039.0
327,4039.0
328,4039.0
329,4039.0
330,4039.0
331,4039.0
332,4039.0
333,4039.0
334,4039.0
335,4039.0
336,4039.0
337,4039.0
338,4039.0
339,4039.0
340,4039.0
341,4039.0
342,4039.0
343,4039.0
344,4039.0
345,4039.0
346,4039.0
347,4039.0
348,1009.0
349,4039.0
350,4039.0
351,4039.0
352,4039.0
353,4039.0
354,4039.0
355,4039.0
356,4039.0
357,4039.0
358,4039.0
359,4039.0
360,4039.0
361,4039.0
362,4039.0
363,4039.0
364,4039.0
365,4039.0
366,4039.0
367,4039.0
368,4039.0
369,4039.0
370,4039.0
371,4039.0
372,4039.0
373,4039.0
374,4039.0
375,4039.0
376,4039.0
377,4039.0
378,4039.0
379,4039.0
380,4039.0
381,4039.0
382,4039.0
383,4039.0
384,4039.0
385,4039.0
386,4039.0
387,4039.0
388,4039.0
389,4039.0
390,4039.0
391,4039.0
392,4039.0
393,4039.0
394,4039.0
395,4039.0
396,4039.0
397,4039.0
398,4039.0
399,4039.0
400,4039.0
401,4039.0
402,4039.0
403,4039.0
404,4039.0
405,4039.0
406,4039.0
407,4039.0
408,4039.0
409,4039.0
410,4039.0
411,4039.0
412,4039.0
413,4039.0
414,366.181818182
415,4039.0
416,4039.0
417,4039.0
418,4039.0
419,4039.0
420,4039.0
421,4039.0
422,4039.0
423,4039.0
424,4039.0
425,4039.0
426,4039.0
427,4039.0
428,4039.0
429,4039.0
430,4039.0
431,4039.0
432,4039.0
433,4039.0
434,4039.0
435,4039.0
436,4039.0
437,4039.0
438,4039.0
439,4039.0
440,4039.0
441,4039.0
442,4039.0
443,4039.0
444,4039.0
445,4039.0
446,4039.0
447,4039.0
448,4039.0
449,4039.0
450,4039.0
451,4039.0
452,4039.0
453,4039.0
454,4039.0
455,4039.0
456,4039.0
457,4039.0
458,4039.0
459,4039.0
460,4039.0
461,4039.0
462,4039.0
463,4039.0
464,4039.0
465,4039.0
466,4039.0
467,4039.0
468,4039.0
469,4039.0
470,4039.0
471,4039.0
472,4039.0
473,4039.0
474,4039.0
475,4039.0
476,4039.0
477,4039.0
478,4039.0
479,4039.0
480,4039.0
481,4039.0
482,4039.0
483,4039.0
484,4039.0
485,4039.0
486,4039.0
487,4039.0
488,4039.0
489,4039.0
490,4039.0
491,4039.0
492,4039.0
493,4039.0
494,4039.0
495,4039.0
496,4039.0
497,4039.0
498,4039.0
499,4039.0
500,4039.0
501,4039.0
502,4039.0
503,4039.0
504,4039.0
505,4039.0
506,4039.0
507,4039.0
508,4039.0
509,4039.0
510,4039.0
511,4039.0
512,4039.0
513,4039.0
514,4039.0
515,4039.0
516,4039.0
517,4039.0
518,4039.0
519,4039.0
520,4039.0
521,4039.0
522,4039.0
523,4039.0
524,4039.0
525,4039.0
526,4039.0
527,4039.0
528,4039.0
529,4039.0
530,4039.0
531,4039.0
532,4039.0
533,4039.0
534,4039.0
535,4039.0
536,4039.0
537,4039.0
538,4039.0
539,4039.0
540,4039.0
541,4039.0
542,4039.0
543,4039.0
544,4039.0
545,4039.0
546,4039.0
547,4039.0
548,4039.0
549,4039.0
550,4039.0
551,4039.0
552,4039.0
553,4039.0
554,4039.0
555,4039.0
556,4039.0
557,4039.0
558,4039.0
559,4039.0
560,4039.0
561,4039.0
562,4039.0
563,4039.0
564,4039.0
565,4039.0
566,4039.0
567,4039.0
568,4039.0
569,4039.0
570,4039.0
571,4039.0
572,4039.0
573,4039.0
574,4039.0
575,4039.0
576,4039.0
577,4039.0
578,4039.0
579,4039.0
580,4039.0
581,4039.0
582,4039.0
583,4039.0
584,4039.0
585,4039.0
586,4039.0
587,4039.0
588,4039.0
589,4039.0
590,4039.0
591,4039.0
592,4039.0
593,4039.0
594,1990.0
595,4039.0
596,4039.0
597,4039.0
598,4039.0
599,4039.0
600,4039.0
601,4039.0
602,4039.0
603,4039.0
604,4039.0
605,4039.0
606,4039.0
607,4039.0
608,4039.0
609,4039.0
610,4039.0
611,4039.0
612,4039.0
613,4039.0
614,4039.0
615,4039.0
616,4039.0
617,4039.0
618,4039.0
619,4039.0
620,4039.0
621,4039.0
622,4039.0
623,4039.0
624,4039.0
625,4039.0
626,4039.0
627,4039.0
628,4039.0
629,4039.0
630,4039.0
631,4039.0
632,4039.0
633,4039.0
634,4039.0
635,4039.0
636,4039.0
637,4039.0
638,4039.0
639,4039.0
640,4039.0
641,4039.0
642,4039.0
643,4039.0
644,4039.0
645,4039.0
646,4039.0
647,4039.0
648,4039.0
649,4039.0
650,4039.0
651,4039.0
652,4039.0
653,4039.0
654,4039.0
655,4039.0
656,4039.0
657,4039.0
658,4039.0
659,4039.0
660,4039.0
661,4039.0
662,4039.0
663,4039.0
664,4039.0
665,4039.0
666,4039.0
667,4039.0
668,4039.0
669,4039.0
670,4039.0
671,4039.0
672,4039.0
673,4039.0
674,4039.0
675,4039.0
676,4039.0
677,4039.0
678,4039.0
679,4039.0
680,4039.0
681,4039.0
682,4039.0
683,4039.0
684,4039.0
685,4039.0
686,1345.66666667
687,4039.0
688,4039.0
689,4039.0
690,4039.0
691,4039.0
692,4039.0
693,4039.0
694,4039.0
695,4039.0
696,4039.0
697,4039.0
698,640.5
699,4039.0
700,4039.0
701,4039.0
702,4039.0
703,4039.0
704,4039.0
705,4039.0
706,4039.0
707,4039.0
708,4039.0
709,4039.0
710,4039.0
711,4039.0
712,4039.0
713,4039.0
714,4039.0
715,4039.0
716,4039.0
717,4039.0
718,4039.0
719,4039.0
720,4039.0
721,4039.0
722,4039.0
723,4039.0
724,4039.0
725,4039.0
726,4039.0
727,4039.0
728,4039.0
729,4039.0
730,4039.0
731,4039.0
732,4039.0
733,4039.0
734,4039.0
735,4039.0
736,4039.0
737,4039.0
738,4039.0
739,4039.0
740,4039.0
741,4039.0
742,4039.0
743,4039.0
744,4039.0
745,4039.0
746,4039.0
747,4039.0
748,4039.0
749,4039.0
750,4039.0
751,4039.0
752,4039.0
753,4039.0
754,4039.0
755,4039.0
756,4039.0
757,4039.0
758,4039.0
759,4039.0
760,4039.0
761,4039.0
762,4039.0
763,4039.0
764,4039.0
765,4039.0
766,4039.0
767,4039.0
768,4039.0
769,4039.0
770,4039.0
771,4039.0
772,4039.0
773,4039.0
774,4039.0
775,4039.0
776,4039.0
777,4039.0
778,4039.0
779,4039.0
780,4039.0
781,4039.0
782,4039.0
783,4039.0
784,4039.0
785,4039.0
786,4039.0
787,4039.0
788,4039.0
789,4039.0
790,4039.0
791,4039.0
792,4039.0
793,4039.0
794,4039.0
795,4039.0
796,4039.0
797,4039.0
798,4039.0
799,4039.0
800,4039.0
801,4039.0
802,4039.0
803,4039.0
804,4039.0
805,4039.0
806,4039.0
807,4039.0
808,4039.0
809,4039.0
810,4039.0
811,4039.0
812,4039.0
813,4039.0
814,4039.0
815,4039.0
816,4039.0
817,4039.0
818,4039.0
819,4039.0
820,4039.0
821,4039.0
822,4039.0
823,4039.0
824,4039.0
825,4039.0
826,4039.0
827,4039.0
828,4039.0
829,4039.0
830,4039.0
831,4039.0
832,4039.0
833,4039.0
834,4039.0
835,4039.0
836,4039.0
837,4039.0
838,4039.0
839,4039.0
840,4039.0
841,4039.0
842,4039.0
843,4039.0
844,4039.0
845,4039.0
846,4039.0
847,4039.0
848,4039.0
849,4039.0
850,4039.0
851,4039.0
852,4039.0
853,4039.0
854,4039.0
855,4039.0
856,4039.0
857,4039.0
858,4039.0
859,4039.0
860,4039.0
861,4039.0
862,4039.0
863,4039.0
864,4039.0
865,4039.0
866,4039.0
867,4039.0
868,4039.0
869,4039.0
870,4039.0
871,4039.0
872,4039.0
873,4039.0
874,4039.0
875,4039.0
876,4039.0
877,4039.0
878,4039.0
879,4039.0
880,4039.0
881,4039.0
882,4039.0
883,4039.0
884,4039.0
885,4039.0
886,4039.0
887,4039.0
888,4039.0
889,4039.0
890,4039.0
891,4039.0
892,4039.0
893,4039.0
894,4039.0
895,4039.0
896,4039.0
897,4039.0
898,4039.0
899,4039.0
900,4039.0
901,4039.0
902,4039.0
903,4039.0
904,4039.0
905,4039.0
906,4039.0
907,4039.0
908,4039.0
909,4039.0
910,4039.0
911,4039.0
912,4039.0
913,4039.0
914,4039.0
915,4039.0
916,4039.0
917,4039.0
918,4039.0
919,4039.0
920,4039.0
921,4039.0
922,4039.0
923,4039.0
924,4039.0
925,4039.0
926,4039.0
927,4039.0
928,4039.0
929,4039.0
930,4039.0
931,4039.0
932,4039.0
933,4039.0
934,4039.0
935,4039.0
936,4039.0
937,4039.0
938,4039.0
939,4039.0
940,4039.0
941,4039.0
942,4039.0
943,4039.0
944,4039.0
945,4039.0
946,4039.0
947,4039.0
948,4039.0
949,4039.0
950,4039.0
951,4039.0
952,4039.0
953,4039.0
954,4039.0
955,4039.0
956,4039.0
957,4039.0
958,4039.0
959,4039.0
960,4039.0
961,4039.0
962,4039.0
963,4039.0
964,4039.0
965,4039.0
966,4039.0
967,4039.0
968,4039.0
969,4039.0
970,4039.0
971,4039.0
972,4039.0
973,4039.0
974,4039.0
975,4039.0
976,4039.0
977,4039.0
978,4039.0
979,4039.0
980,4039.0
981,4039.0
982,4039.0
983,4039.0
984,4039.0
985,4039.0
986,4039.0
987,4039.0
988,4039.0
989,4039.0
990,4039.0
991,4039.0
992,4039.0
993,4039.0
994,4039.0
995,4039.0
996,4039.0
997,4039.0
998,4039.0
999,4039.0
1000,4039.0
1001,4039.0
1002,4039.0
1003,4039.0
1004,4039.0
1005,4039.0
1006,4039.0
1007,4039.0
1008,4039.0
1009,4039.0
1010,4039.0
1011,4039.0
1012,4039.0
1013,4039.0
1014,4039.0
1015,4039.0
1016,4039.0
1017,4039.0
1018,4039.0
1019,4039.0
1020,4039.0
1021,4039.0
1022,4039.0
1023,4039.0
1024,4039.0
1025,4039.0
1026,4039.0
1027,4039.0
1028,4039.0
1029,4039.0
1030,4039.0
1031,4039.0
1032,4039.0
1033,4039.0
1034,4039.0
1035,4039.0
1036,4039.0
1037,4039.0
1038,4039.0
1039,4039.0
1040,4039.0
1041,4039.0
1042,4039.0
1043,4039.0
1044,4039.0
1045,4039.0
1046,4039.0
1047,4039.0
1048,4039.0
1049,4039.0
1050,4039.0
1051,4039.0
1052,4039.0
1053,4039.0
1054,4039.0
1055,4039.0
1056,4039.0
1057,4039.0
1058,4039.0
1059,4039.0
1060,4039.0
1061,4039.0
1062,4039.0
1063,4039.0
1064,4039.0
1065,4039.0
1066,4039.0
1067,4039.0
1068,4039.0
1069,4039.0
1070,4039.0
1071,4039.0
1072,4039.0
1073,4039.0
1074,4039.0
1075,4039.0
1076,4039.0
1077,4039.0
1078,4039.0
1079,4039.0
1080,4039.0
1081,4039.0
1082,4039.0
1083,4039.0
1084,4039.0
1085,4039.0
1086,4039.0
1087,4039.0
1088,4039.0
1089,4039.0
1090,4039.0
1091,4039.0
1092,4039.0
1093,4039.0
1094,4039.0
1095,4039.0
1096,4039.0
1097,4039.0
1098,4039.0
1099,4039.0
1100,4039.0
1101,4039.0
1102,4039.0
1103,4039.0
1104,4039.0
1105,4039.0
1106,4039.0
1107,4039.0
1108,4039.0
1109,4039.0
1110,4039.0
1111,4039.0
1112,4039.0
1113,4039.0
1114,4039.0
1115,4039.0
1116,4039.0
1117,4039.0
1118,4039.0
1119,4039.0
1120,4039.0
1121,4039.0
1122,4039.0
1123,4039.0
1124,4039.0
1125,4039.0
1126,4039.0
1127,4039.0
1128,4039.0
1129,4039.0
1130,4039.0
1131,4039.0
1132,4039.0
1133,4039.0
1134,4039.0
1135,4039.0
1136,4039.0
1137,4039.0
1138,4039.0
1139,4039.0
1140,4039.0
1141,4039.0
1142,4039.0
1143,4039.0
1144,4039.0
1145,4039.0
1146,4039.0
1147,4039.0
1148,4039.0
1149,4039.0
1150,4039.0
1151,4039.0
1152,4039.0
1153,4039.0
1154,4039.0
1155,4039.0
1156,4039.0
1157,4039.0
1158,4039.0
1159,4039.0
1160,4039.0
1161,4039.0
1162,4039.0
1163,4039.0
1164,4039.0
1165,4039.0
1166,4039.0
1167,4039.0
1168,4039.0
1169,4039.0
1170,4039.0
1171,4039.0
1172,4039.0
1173,4039.0
1174,4039.0
1175,4039.0
1176,4039.0
1177,4039.0
1178,4039.0
1179,4039.0
1180,4039.0
1181,4039.0
1182,4039.0
1183,4039.0
1184,4039.0
1185,4039.0
1186,4039.0
1187,4039.0
1188,4039.0
1189,4039.0
1190,4039.0
1191,4039.0
1192,4039.0
1193,4039.0
1194,4039.0
1195,4039.0
1196,4039.0
1197,4039.0
1198,4039.0
1199,4039.0
1200,4039.0
1201,4039.0
1202,4039.0
1203,4039.0
1204,4039.0
1205,4039.0
1206,4039.0
1207,4039.0
1208,4039.0
1209,4039.0
1210,4039.0
1211,4039.0
1212,4039.0
1213,4039.0
1214,4039.0
1215,4039.0
1216,4039.0
1217,4039.0
1218,4039.0
1219,4039.0
1220,4039.0
1221,4039.0
1222,4039.0
1223,4039.0
1224,4039.0
1225,4039.0
1226,4039.0
1227,4039.0
1228,4039.0
1229,4039.0
1230,4039.0
1231,4039.0
1232,4039.0
1233,4039.0
1234,4039.0
1235,4039.0
1236,4039.0
1237,4039.0
1238,4039.0
1239,4039.0
1240,4039.0
1241,4039.0
1242,4039.0
1243,4039.0
1244,4039.0
1245,4039.0
1246,4039.0
1247,4039.0
1248,4039.0
1249,4039.0
1250,4039.0
1251,4039.0
1252,4039.0
1253,4039.0
1254,4039.0
1255,4039.0
1256,4039.0
1257,4039.0
1258,4039.0
1259,4039.0
1260,4039.0
1261,4039.0
1262,4039.0
1263,4039.0
1264,4039.0
1265,4039.0
1266,4039.0
1267,4039.0
1268,4039.0
1269,4039.0
1270,4039.0
1271,4039.0
1272,4039.0
1273,4039.0
1274,4039.0
1275,4039.0
1276,4039.0
1277,4039.0
1278,4039.0
1279,4039.0
1280,4039.0
1281,4039.0
1282,4039.0
1283,4039.0
1284,4039.0
1285,4039.0
1286,4039.0
1287,4039.0
1288,4039.0
1289,4039.0
1290,4039.0
1291,4039.0
1292,4039.0
1293,4039.0
1294,4039.0
1295,4039.0
1296,4039.0
1297,4039.0
1298,4039.0
1299,4039.0
1300,4039.0
1301,4039.0
1302,4039.0
1303,4039.0
1304,4039.0
1305,4039.0
1306,4039.0
1307,4039.0
1308,4039.0
1309,4039.0
1310,4039.0
1311,4039.0
1312,4039.0
1313,4039.0
1314,4039.0
1315,4039.0
1316,4039.0
1317,4039.0
1318,4039.0
1319,4039.0
1320,4039.0
1321,4039.0
1322,4039.0
1323,4039.0
1324,4039.0
1325,4039.0
1326,4039.0
1327,4039.0
1328,4039.0
1329,4039.0
1330,4039.0
1331,4039.0
1332,4039.0
1333,4039.0
1334,4039.0
1335,4039.0
1336,4039.0
1337,4039.0
1338,4039.0
1339,4039.0
1340,4039.0
1341,4039.0
1342,4039.0
1343,4039.0
1344,4039.0
1345,4039.0
1346,4039.0
1347,4039.0
1348,4039.0
1349,4039.0
1350,4039.0
1351,4039.0
1352,4039.0
1353,4039.0
1354,4039.0
1355,4039.0
1356,4039.0
1357,4039.0
1358,4039.0
1359,4039.0
1360,4039.0
1361,4039.0
1362,4039.0
1363,4039.0
1364,4039.0
1365,4039.0
1366,4039.0
1367,4039.0
1368,4039.0
1369,4039.0
1370,4039.0
1371,4039.0
1372,4039.0
1373,4039.0
1374,4039.0
1375,4039.0
1376,4039.0
1377,4039.0
1378,4039.0
1379,4039.0
1380,4039.0
1381,4039.0
1382,4039.0
1383,4039.0
1384,4039.0
1385,4039.0
1386,4039.0
1387,4039.0
1388,4039.0
1389,4039.0
1390,4039.0
1391,4039.0
1392,4039.0
1393,4039.0
1394,4039.0
1395,4039.0
1396,4039.0
1397,4039.0
1398,4039.0
1399,4039.0
1400,4039.0
1401,4039.0
1402,4039.0
1403,4039.0
1404,4039.0
1405,4039.0
1406,4039.0
1407,4039.0
1408,4039.0
1409,4039.0
1410,4039.0
1411,4039.0
1412,4039.0
1413,4039.0
1414,4039.0
1415,4039.0
1416,4039.0
1417,4039.0
1418,4039.0
1419,4039.0
1420,4039.0
1421,4039.0
1422,4039.0
1423,4039.0
1424,4039.0
1425,4039.0
1426,4039.0
1427,4039.0
1428,4039.0
1429,4039.0
1430,4039.0
1431,4039.0
1432,4039.0
1433,4039.0
1434,4039.0
1435,4039.0
1436,4039.0
1437,4039.0
1438,4039.0
1439,4039.0
1440,4039.0
1441,4039.0
1442,4039.0
1443,4039.0
1444,4039.0
1445,4039.0
1446,4039.0
1447,4039.0
1448,4039.0
1449,4039.0
1450,4039.0
1451,4039.0
1452,4039.0
1453,4039.0
1454,4039.0
1455,4039.0
1456,4039.0
1457,4039.0
1458,4039.0
1459,4039.0
1460,4039.0
1461,4039.0
1462,4039.0
1463,4039.0
1464,4039.0
1465,4039.0
1466,4039.0
1467,4039.0
1468,4039.0
1469,4039.0
1470,4039.0
1471,4039.0
1472,4039.0
1473,4039.0
1474,4039.0
1475,4039.0
1476,4039.0
1477,4039.0
1478,4039.0
1479,4039.0
1480,4039.0
1481,4039.0
1482,4039.0
1483,4039.0
1484,4039.0
1485,4039.0
1486,4039.0
1487,4039.0
1488,4039.0
1489,4039.0
1490,4039.0
1491,4039.0
1492,4039.0
1493,4039.0
1494,4039.0
1495,4039.0
1496,4039.0
1497,4039.0
1498,4039.0
1499,4039.0
1500,4039.0
1501,4039.0
1502,4039.0
1503,4039.0
1504,4039.0
1505,4039.0
1506,4039.0
1507,4039.0
1508,4039.0
1509,4039.0
1510,4039.0
1511,4039.0
1512,4039.0
1513,4039.0
1514,4039.0
1515,4039.0
1516,4039.0
1517,4039.0
1518,4039.0
1519,4039.0
1520,4039.0
1521,4039.0
1522,4039.0
1523,4039.0
1524,4039.0
1525,4039.0
1526,4039.0
1527,4039.0
1528,4039.0
1529,4039.0
1530,4039.0
1531,4039.0
1532,4039.0
1533,4039.0
1534,4039.0
1535,4039.0
1536,4039.0
1537,4039.0
1538,4039.0
1539,4039.0
1540,4039.0
1541,4039.0
1542,4039.0
1543,4039.0
1544,4039.0
1545,4039.0
1546,4039.0
1547,4039.0
1548,4039.0
1549,4039.0
1550,4039.0
1551,4039.0
1552,4039.0
1553,4039.0
1554,4039.0
1555,4039.0
1556,4039.0
1557,4039.0
1558,4039.0
1559,4039.0
1560,4039.0
1561,4039.0
1562,4039.0
1563,4039.0
1564,4039.0
1565,4039.0
1566,4039.0
1567,4039.0
1568,4039.0
1569,4039.0
1570,4039.0
1571,4039.0
1572,4039.0
1573,4039.0
1574,4039.0
1575,4039.0
1576,4039.0
1577,4039.0
1578,4039.0
1579,4039.0
1580,4039.0
1581,4039.0
1582,4039.0
1583,4039.0
1584,4039.0
1585,4039.0
1586,4039.0
1587,4039.0
1588,4039.0
1589,4039.0
1590,4039.0
1591,4039.0
1592,4039.0
1593,4039.0
1594,4039.0
1595,4039.0
1596,4039.0
1597,4039.0
1598,4039.0
1599,4039.0
1600,4039.0
1601,4039.0
1602,4039.0
1603,4039.0
1604,4039.0
1605,4039.0
1606,4039.0
1607,4039.0
1608,4039.0
1609,4039.0
1610,4039.0
1611,4039.0
1612,4039.0
1613,4039.0
1614,4039.0
1615,4039.0
1616,4039.0
1617,4039.0
1618,4039.0
1619,4039.0
1620,4039.0
1621,4039.0
1622,4039.0
1623,4039.0
1624,4039.0
1625,4039.0
1626,4039.0
1627,4039.0
1628,4039.0
1629,4039.0
1630,4039.0
1631,4039.0
1632,4039.0
1633,4039.0
1634,4039.0
1635,4039.0
1636,4039.0
1637,4039.0
1638,4039.0
1639,4039.0
1640,4039.0
1641,4039.0
1642,4039.0
1643,4039.0
1644,4039.0
1645,4039.0
1646,4039.0
1647,4039.0
1648,4039.0
1649,4039.0
1650,4039.0
1651,4039.0
1652,4039.0
1653,4039.0
1654,4039.0
1655,4039.0
1656,4039.0
1657,4039.0
1658,4039.0
1659,4039.0
1660,4039.0
1661,4039.0
1662,4039.0
1663,4039.0
1664,4039.0
1665,4039.0
1666,4039.0
1667,4039.0
1668,4039.0
1669,4039.0
1670,4039.0
1671,4039.0
1672,4039.0
1673,4039.0
1674,4039.0
1675,4039.0
1676,4039.0
1677,4039.0
1678,4039.0
1679,4039.0
1680,4039.0
1681,4039.0
1682,4039.0
1683,4039.0
1684,447.0
1685,4039.0
1686,4039.0
1687,4039.0
1688,4039.0
1689,4039.0
1690,4039.0
1691,4039.0
1692,4039.0
1693,4039.0
1694,4039.0
1695,4039.0
1696,4039.0
1697,4039.0
1698,4039.0
1699,4039.0
1700,4039.0
1701,4039.0
1702,4039.0
1703,4039.0
1704,4039.0
1705,4039.0
1706,4039.0
1707,4039.0
1708,4039.0
1709,4039.0
1710,4039.0
1711,4039.0
1712,4039.0
1713,4039.0
1714,4039.0
1715,4039.0
1716,4039.0
1717,4039.0
1718,4039.0
1719,4039.0
1720,4039.0
1721,4039.0
1722,4039.0
1723,4039.0
1724,4039.0
1725,4039.0
1726,4039.0
1727,4039.0
1728,4039.0
1729,4039.0
1730,4039.0
1731,4039.0
1732,4039.0
1733,4039.0
1734,4039.0
1735,4039.0
1736,4039.0
1737,4039.0
1738,4039.0
1739,4039.0
1740,4039.0
1741,4039.0
1742,4039.0
1743,4039.0
1744,4039.0
1745,4039.0
1746,4039.0
1747,4039.0
1748,4039.0
1749,4039.0
1750,4039.0
1751,4039.0
1752,4039.0
1753,4039.0
1754,4039.0
1755,4039.0
1756,4039.0
1757,4039.0
1758,4039.0
1759,4039.0
1760,4039.0
1761,4039.0
1762,4039.0
1763,4039.0
1764,4039.0
1765,4039.0
1766,4039.0
1767,4039.0
1768,4039.0
1769,4039.0
1770,4039.0
1771,4039.0
1772,4039.0
1773,4039.0
1774,4039.0
1775,4039.0
1776,4039.0
1777,4039.0
1778,4039.0
1779,4039.0
1780,4039.0
1781,4039.0
1782,4039.0
1783,4039.0
1784,4039.0
1785,4039.0
1786,4039.0
1787,4039.0
1788,4039.0
1789,4039.0
1790,4039.0
1791,4039.0
1792,4039.0
1793,4039.0
1794,4039.0
1795,4039.0
1796,4039.0
1797,4039.0
1798,4039.0
1799,4039.0
1800,4039.0
1801,4039.0
1802,4039.0
1803,4039.0
1804,4039.0
1805,4039.0
1806,4039.0
1807,4039.0
1808,4039.0
1809,4039.0
1810,4039.0
1811,4039.0
1812,4039.0
1813,4039.0
1814,4039.0
1815,4039.0
1816,4039.0
1817,4039.0
1818,4039.0
1819,4039.0
1820,4039.0
1821,4039.0
1822,4039.0
1823,4039.0
1824,4039.0
1825,4039.0
1826,4039.0
1827,4039.0
1828,4039.0
1829,4039.0
1830,4039.0
1831,4039.0
1832,4039.0
1833,4039.0
1834,4039.0
1835,4039.0
1836,4039.0
1837,4039.0
1838,4039.0
1839,4039.0
1840,4039.0
1841,4039.0
1842,4039.0
1843,4039.0
1844,4039.0
1845,4039.0
1846,4039.0
1847,4039.0
1848,4039.0
1849,4039.0
1850,4039.0
1851,4039.0
1852,4039.0
1853,4039.0
1854,4039.0
1855,4039.0
1856,4039.0
1857,4039.0
1858,4039.0
1859,4039.0
1860,4039.0
1861,4039.0
1862,4039.0
1863,4039.0
1864,4039.0
1865,4039.0
1866,4039.0
1867,4039.0
1868,4039.0
1869,4039.0
1870,4039.0
1871,4039.0
1872,4039.0
1873,4039.0
1874,4039.0
1875,4039.0
1876,4039.0
1877,4039.0
1878,4039.0
1879,4039.0
1880,4039.0
1881,4039.0
1882,4039.0
1883,4039.0
1884,4039.0
1885,4039.0
1886,4039.0
1887,4039.0
1888,4039.0
1889,4039.0
1890,4039.0
1891,4039.0
1892,4039.0
1893,4039.0
1894,4039.0
1895,4039.0
1896,4039.0
1897,4039.0
1898,4039.0
1899,4039.0
1900,4039.0
1901,4039.0
1902,4039.0
1903,4039.0
1904,4039.0
1905,4039.0
1906,4039.0
1907,4039.0
1908,4039.0
1909,4039.0
1910,4039.0
1911,4039.0
1912,504.0
1913,4039.0
1914,4039.0
1915,4039.0
1916,4039.0
1917,4039.0
1918,4039.0
1919,4039.0
1920,4039.0
1921,4039.0
1922,4039.0
1923,4039.0
1924,4039.0
1925,4039.0
1926,4039.0
1927,4039.0
1928,4039.0
1929,4039.0
1930,4039.0
1931,4039.0
1932,4039.0
1933,4039.0
1934,4039.0
1935,4039.0
1936,4039.0
1937,4039.0
1938,4039.0
1939,4039.0
1940,4039.0
1941,4039.0
1942,4039.0
1943,4039.0
1944,4039.0
1945,4039.0
1946,4039.0
1947,4039.0
1948,4039.0
1949,4039.0
1950,4039.0
1951,4039.0
1952,4039.0
1953,4039.0
1954,4039.0
1955,4039.0
1956,4039.0
1957,4039.0
1958,4039.0
1959,4039.0
1960,4039.0
1961,4039.0
1962,4039.0
1963,4039.0
1964,4039.0
1965,4039.0
1966,4039.0
1967,4039.0
1968,4039.0
1969,4039.0
1970,4039.0
1971,4039.0
1972,4039.0
1973,4039.0
1974,4039.0
1975,4039.0
1976,4039.0
1977,4039.0
1978,4039.0
1979,4039.0
1980,4039.0
1981,4039.0
1982,4039.0
1983,4039.0
1984,4039.0
1985,4039.0
1986,4039.0
1987,4039.0
1988,4039.0
1989,4039.0
1990,4039.0
1991,4039.0
1992,4039.0
1993,4039.0
1994,4039.0
1995,4039.0
1996,4039.0
1997,4039.0
1998,4039.0
1999,4039.0
2000,4039.0
2001,4039.0
2002,4039.0
2003,4039.0
2004,4039.0
2005,4039.0
2006,4039.0
2007,4039.0
2008,4039.0
2009,4039.0
2010,4039.0
2011,4039.0
2012,4039.0
2013,4039.0
2014,4039.0
2015,4039.0
2016,4039.0
2017,4039.0
2018,4039.0
2019,4039.0
2020,4039.0
2021,4039.0
2022,4039.0
2023,4039.0
2024,4039.0
2025,4039.0
2026,4039.0
2027,4039.0
2028,4039.0
2029,4039.0
2030,4039.0
2031,4039.0
2032,4039.0
2033,4039.0
2034,4039.0
2035,4039.0
2036,4039.0
2037,4039.0
2038,4039.0
2039,4039.0
2040,4039.0
2041,4039.0
2042,4039.0
2043,4039.0
2044,4039.0
2045,4039.0
2046,4039.0
2047,4039.0
2048,4039.0
2049,4039.0
2050,4039.0
2051,4039.0
2052,4039.0
2053,4039.0
2054,4039.0
2055,4039.0
2056,4039.0
2057,4039.0
2058,4039.0
2059,4039.0
2060,4039.0
2061,4039.0
2062,4039.0
2063,4039.0
2064,4039.0
2065,4039.0
2066,4039.0
2067,4039.0
2068,4039.0
2069,4039.0
2070,4039.0
2071,4039.0
2072,4039.0
2073,4039.0
2074,4039.0
2075,4039.0
2076,4039.0
2077,4039.0
2078,4039.0
2079,4039.0
2080,4039.0
2081,4039.0
2082,4039.0
2083,4039.0
2084,4039.0
2085,4039.0
2086,4039.0
2087,4039.0
2088,4039.0
2089,4039.0
2090,4039.0
2091,4039.0
2092,4039.0
2093,4039.0
2094,4039.0
2095,4039.0
2096,4039.0
2097,4039.0
2098,4039.0
2099,4039.0
2100,4039.0
2101,4039.0
2102,4039.0
2103,4039.0
2104,4039.0
2105,4039.0
2106,4039.0
2107,4039.0
2108,4039.0
2109,4039.0
2110,4039.0
2111,4039.0
2112,4039.0
2113,4039.0
2114,4039.0
2115,4039.0
2116,4039.0
2117,4039.0
2118,4039.0
2119,4039.0
2120,4039.0
2121,4039.0
2122,4039.0
2123,4039.0
2124,4039.0
2125,4039.0
2126,4039.0
2127,4039.0
2128,4039.0
2129,4039.0
2130,4039.0
2131,4039.0
2132,4039.0
2133,4039.0
2134,4039.0
2135,4039.0
2136,4039.0
2137,4039.0
2138,4039.0
2139,4039.0
2140,4039.0
2141,4039.0
2142,4039.0
2143,4039.0
2144,4039.0
2145,4039.0
2146,4039.0
2147,4039.0
2148,4039.0
2149,4039.0
2150,4039.0
2151,4039.0
2152,4039.0
2153,4039.0
2154,4039.0
2155,4039.0
2156,4039.0
2157,4039.0
2158,4039.0
2159,4039.0
2160,4039.0
2161,4039.0
2162,4039.0
2163,4039.0
2164,4039.0
2165,4039.0
2166,4039.0
2167,4039.0
2168,4039.0
2169,4039.0
2170,4039.0
2171,4039.0
2172,4039.0
2173,4039.0
2174,4039.0
2175,4039.0
2176,4039.0
2177,4039.0
2178,4039.0
2179,4039.0
2180,4039.0
2181,4039.0
2182,4039.0
2183,4039.0
2184,4039.0
2185,4039.0
2186,4039.0
2187,4039.0
2188,4039.0
2189,4039.0
2190,4039.0
2191,4039.0
2192,4039.0
2193,4039.0
2194,4039.0
2195,4039.0
2196,4039.0
2197,4039.0
2198,4039.0
2199,4039.0
2200,4039.0
2201,4039.0
2202,4039.0
2203,4039.0
2204,4039.0
2205,4039.0
2206,4039.0
2207,4039.0
2208,4039.0
2209,4039.0
2210,4039.0
2211,4039.0
2212,4039.0
2213,4039.0
2214,4039.0
2215,4039.0
2216,4039.0
2217,4039.0
2218,4039.0
2219,4039.0
2220,4039.0
2221,4039.0
2222,4039.0
2223,4039.0
2224,4039.0
2225,4039.0
2226,4039.0
2227,4039.0
2228,4039.0
2229,4039.0
2230,4039.0
2231,4039.0
2232,4039.0
2233,4039.0
2234,4039.0
2235,4039.0
2236,4039.0
2237,4039.0
2238,4039.0
2239,4039.0
2240,4039.0
2241,4039.0
2242,4039.0
2243,4039.0
2244,4039.0
2245,4039.0
2246,4039.0
2247,4039.0
2248,4039.0
2249,4039.0
2250,4039.0
2251,4039.0
2252,4039.0
2253,4039.0
2254,4039.0
2255,4039.0
2256,4039.0
2257,4039.0
2258,4039.0
2259,4039.0
2260,4039.0
2261,4039.0
2262,4039.0
2263,4039.0
2264,4039.0
2265,4039.0
2266,4039.0
2267,4039.0
2268,4039.0
2269,4039.0
2270,4039.0
2271,4039.0
2272,4039.0
2273,4039.0
2274,4039.0
2275,4039.0
2276,4039.0
2277,4039.0
2278,4039.0
2279,4039.0
2280,4039.0
2281,4039.0
2282,4039.0
2283,4039.0
2284,4039.0
2285,4039.0
2286,4039.0
2287,4039.0
2288,4039.0
2289,4039.0
2290,4039.0
2291,4039.0
2292,4039.0
2293,4039.0
2294,4039.0
2295,4039.0
2296,4039.0
2297,4039.0
2298,4039.0
2299,4039.0
2300,4039.0
2301,4039.0
2302,4039.0
2303,4039.0
2304,4039.0
2305,4039.0
2306,4039.0
2307,4039.0
2308,4039.0
2309,4039.0
2310,4039.0
2311,4039.0
2312,4039.0
2313,4039.0
2314,4039.0
2315,4039.0
2316,4039.0
2317,4039.0
2318,4039.0
2319,4039.0
2320,4039.0
2321,4039.0
2322,4039.0
2323,4039.0
2324,4039.0
2325,4039.0
2326,4039.0
2327,4039.0
2328,4039.0
2329,4039.0
2330,4039.0
2331,4039.0
2332,4039.0
2333,4039.0
2334,4039.0
2335,4039.0
2336,4039.0
2337,4039.0
2338,4039.0
2339,4039.0
2340,4039.0
2341,4039.0
2342,4039.0
2343,4039.0
2344,4039.0
2345,4039.0
2346,4039.0
2347,4039.0
2348,4039.0
2349,4039.0
2350,4039.0
2351,4039.0
2352,4039.0
2353,4039.0
2354,4039.0
2355,4039.0
2356,4039.0
2357,4039.0
2358,4039.0
2359,4039.0
2360,4039.0
2361,4039.0
2362,4039.0
2363,4039.0
2364,4039.0
2365,4039.0
2366,4039.0
2367,4039.0
2368,4039.0
2369,4039.0
2370,4039.0
2371,4039.0
2372,4039.0
2373,4039.0
2374,4039.0
2375,4039.0
2376,4039.0
2377,4039.0
2378,4039.0
2379,4039.0
2380,4039.0
2381,4039.0
2382,4039.0
2383,4039.0
2384,4039.0
2385,4039.0
2386,4039.0
2387,4039.0
2388,4039.0
2389,4039.0
2390,4039.0
2391,4039.0
2392,4039.0
2393,4039.0
2394,4039.0
2395,4039.0
2396,4039.0
2397,4039.0
2398,4039.0
2399,4039.0
2400,4039.0
2401,4039.0
2402,4039.0
2403,4039.0
2404,4039.0
2405,4039.0
2406,4039.0
2407,4039.0
2408,4039.0
2409,4039.0
2410,4039.0
2411,4039.0
2412,4039.0
2413,4039.0
2414,4039.0
2415,4039.0
2416,4039.0
2417,4039.0
2418,4039.0
2419,4039.0
2420,4039.0
2421,4039.0
2422,4039.0
2423,4039.0
2424,4039.0
2425,4039.0
2426,4039.0
2427,4039.0
2428,4039.0
2429,4039.0
2430,4039.0
2431,4039.0
2432,4039.0
2433,4039.0
2434,4039.0
2435,4039.0
2436,4039.0
2437,4039.0
2438,4039.0
2439,4039.0
2440,4039.0
2441,4039.0
2442,4039.0
2443,4039.0
2444,4039.0
2445,4039.0
2446,4039.0
2447,4039.0
2448,4039.0
2449,4039.0
2450,4039.0
2451,4039.0
2452,4039.0
2453,4039.0
2454,4039.0
2455,4039.0
2456,4039.0
2457,4039.0
2458,4039.0
2459,4039.0
2460,4039.0
2461,4039.0
2462,4039.0
2463,4039.0
2464,4039.0
2465,4039.0
2466,4039.0
2467,4039.0
2468,4039.0
2469,4039.0
2470,4039.0
2471,4039.0
2472,4039.0
2473,4039.0
2474,4039.0
2475,4039.0
2476,4039.0
2477,4039.0
2478,4039.0
2479,4039.0
2480,4039.0
2481,4039.0
2482,4039.0
2483,4039.0
2484,4039.0
2485,4039.0
2486,4039.0
2487,4039.0
2488,4039.0
2489,4039.0
2490,4039.0
2491,4039.0
2492,4039.0
2493,4039.0
2494,4039.0
2495,4039.0
2496,4039.0
2497,4039.0
2498,4039.0
2499,4039.0
2500,4039.0
2501,4039.0
2502,4039.0
2503,4039.0
2504,4039.0
2505,4039.0
2506,4039.0
2507,4039.0
2508,4039.0
2509,4039.0
2510,4039.0
2511,4039.0
2512,4039.0
2513,4039.0
2514,4039.0
2515,4039.0
2516,4039.0
2517,4039.0
2518,4039.0
2519,4039.0
2520,4039.0
2521,4039.0
2522,4039.0
2523,4039.0
2524,4039.0
2525,4039.0
2526,4039.0
2527,4039.0
2528,4039.0
2529,4039.0
2530,4039.0
2531,4039.0
2532,4039.0
2533,4039.0
2534,4039.0
2535,4039.0
2536,4039.0
2537,4039.0
2538,4039.0
2539,4039.0
2540,4039.0
2541,4039.0
2542,4039.0
2543,4039.0
2544,4039.0
2545,4039.0
2546,4039.0
2547,4039.0
2548,4039.0
2549,4039.0
2550,4039.0
2551,4039.0
2552,4039.0
2553,4039.0
2554,4039.0
2555,4039.0
2556,4039.0
2557,4039.0
2558,4039.0
2559,4039.0
2560,4039.0
2561,4039.0
2562,4039.0
2563,4039.0
2564,4039.0
2565,4039.0
2566,4039.0
2567,4039.0
2568,4039.0
2569,4039.0
2570,4039.0
2571,4039.0
2572,4039.0
2573,4039.0
2574,4039.0
2575,4039.0
2576,4039.0
2577,4039.0
2578,4039.0
2579,4039.0
2580,4039.0
2581,4039.0
2582,4039.0
2583,4039.0
2584,4039.0
2585,4039.0
2586,4039.0
2587,4039.0
2588,4039.0
2589,4039.0
2590,4039.0
2591,4039.0
2592,4039.0
2593,4039.0
2594,4039.0
2595,4039.0
2596,4039.0
2597,4039.0
2598,4039.0
2599,4039.0
2600,4039.0
2601,4039.0
2602,4039.0
2603,4039.0
2604,4039.0
2605,4039.0
2606,4039.0
2607,4039.0
2608,4039.0
2609,4039.0
2610,4039.0
2611,4039.0
2612,4039.0
2613,4039.0
2614,4039.0
2615,4039.0
2616,4039.0
2617,4039.0
2618,4039.0
2619,4039.0
2620,4039.0
2621,4039.0
2622,4039.0
2623,4039.0
2624,4039.0
2625,4039.0
2626,4039.0
2627,4039.0
2628,4039.0
2629,4039.0
2630,4039.0
2631,4039.0
2632,4039.0
2633,4039.0
2634,4039.0
2635,4039.0
2636,4039.0
2637,4039.0
2638,4039.0
2639,4039.0
2640,4039.0
2641,4039.0
2642,4039.0
2643,4039.0
2644,4039.0
2645,4039.0
2646,4039.0
2647,4039.0
2648,4039.0
2649,4039.0
2650,4039.0
2651,4039.0
2652,4039.0
2653,4039.0
2654,4039.0
2655,4039.0
2656,4039.0
2657,4039.0
2658,4039.0
2659,4039.0
2660,4039.0
2661,4039.0
2662,4039.0
2663,4039.0
2664,4039.0
2665,4039.0
2666,4039.0
2667,4039.0
2668,4039.0
2669,4039.0
2670,4039.0
2671,4039.0
2672,4039.0
2673,4039.0
2674,4039.0
2675,4039.0
2676,4039.0
2677,4039.0
2678,4039.0
2679,4039.0
2680,4039.0
2681,4039.0
2682,4039.0
2683,4039.0
2684,4039.0
2685,4039.0
2686,4039.0
2687,4039.0
2688,4039.0
2689,4039.0
2690,4039.0
2691,4039.0
2692,4039.0
2693,4039.0
2694,4039.0
2695,4039.0
2696,4039.0
2697,4039.0
2698,4039.0
2699,4039.0
2700,4039.0
2701,4039.0
2702,4039.0
2703,4039.0
2704,4039.0
2705,4039.0
2706,4039.0
2707,4039.0
2708,4039.0
2709,4039.0
2710,4039.0
2711,4039.0
2712,4039.0
2713,4039.0
2714,4039.0
2715,4039.0
2716,4039.0
2717,4039.0
2718,4039.0
2719,4039.0
2720,4039.0
2721,4039.0
2722,4039.0
2723,4039.0
2724,4039.0
2725,4039.0
2726,4039.0
2727,4039.0
2728,4039.0
2729,4039.0
2730,4039.0
2731,4039.0
2732,4039.0
2733,4039.0
2734,4039.0
2735,4039.0
2736,4039.0
2737,4039.0
2738,4039.0
2739,4039.0
2740,4039.0
2741,4039.0
2742,4039.0
2743,4039.0
2744,4039.0
2745,4039.0
2746,4039.0
2747,4039.0
2748,4039.0
2749,4039.0
2750,4039.0
2751,4039.0
2752,4039.0
2753,4039.0
2754,4039.0
2755,4039.0
2756,4039.0
2757,4039.0
2758,4039.0
2759,4039.0
2760,4039.0
2761,4039.0
2762,4039.0
2763,4039.0
2764,4039.0
2765,4039.0
2766,4039.0
2767,4039.0
2768,4039.0
2769,4039.0
2770,4039.0
2771,4039.0
2772,4039.0
2773,4039.0
2774,4039.0
2775,4039.0
2776,4039.0
2777,4039.0
2778,4039.0
2779,4039.0
2780,4039.0
2781,4039.0
2782,4039.0
2783,4039.0
2784,4039.0
2785,4039.0
2786,4039.0
2787,4039.0
2788,4039.0
2789,4039.0
2790,4039.0
2791,4039.0
2792,4039.0
2793,4039.0
2794,4039.0
2795,4039.0
2796,4039.0
2797,4039.0
2798,4039.0
2799,4039.0
2800,4039.0
2801,4039.0
2802,4039.0
2803,4039.0
2804,4039.0
2805,4039.0
2806,4039.0
2807,4039.0
2808,4039.0
2809,4039.0
2810,4039.0
2811,4039.0
2812,4039.0
2813,4039.0
2814,4039.0
2815,4039.0
2816,4039.0
2817,4039.0
2818,4039.0
2819,4039.0
2820,4039.0
2821,4039.0
2822,4039.0
2823,4039.0
2824,4039.0
2825,4039.0
2826,4039.0
2827,4039.0
2828,4039.0
2829,4039.0
2830,4039.0
2831,4039.0
2832,4039.0
2833,4039.0
2834,4039.0
2835,4039.0
2836,4039.0
2837,4039.0
2838,4039.0
2839,4039.0
2840,4039.0
2841,4039.0
2842,4039.0
2843,4039.0
2844,4039.0
2845,4039.0
2846,4039.0
2847,4039.0
2848,4039.0
2849,4039.0
2850,4039.0
2851,4039.0
2852,4039.0
2853,4039.0
2854,4039.0
2855,4039.0
2856,4039.0
2857,4039.0
2858,4039.0
2859,4039.0
2860,4039.0
2861,4039.0
2862,4039.0
2863,4039.0
2864,4039.0
2865,4039.0
2866,4039.0
2867,4039.0
2868,4039.0
2869,4039.0
2870,4039.0
2871,4039.0
2872,4039.0
2873,4039.0
2874,4039.0
2875,4039.0
2876,4039.0
2877,4039.0
2878,4039.0
2879,4039.0
2880,4039.0
2881,4039.0
2882,4039.0
2883,4039.0
2884,4039.0
2885,4039.0
2886,4039.0
2887,4039.0
2888,4039.0
2889,4039.0
2890,4039.0
2891,4039.0
2892,4039.0
2893,4039.0
2894,4039.0
2895,4039.0
2896,4039.0
2897,4039.0
2898,4039.0
2899,4039.0
2900,4039.0
2901,4039.0
2902,4039.0
2903,4039.0
2904,4039.0
2905,4039.0
2906,4039.0
2907,4039.0
2908,4039.0
2909,4039.0
2910,4039.0
2911,4039.0
2912,4039.0
2913,4039.0
2914,4039.0
2915,4039.0
2916,4039.0
2917,4039.0
2918,4039.0
2919,4039.0
2920,4039.0
2921,4039.0
2922,4039.0
2923,4039.0
2924,4039.0
2925,4039.0
2926,4039.0
2927,4039.0
2928,4039.0
2929,4039.0
2930,4039.0
2931,4039.0
2932,4039.0
2933,4039.0
2934,4039.0
2935,4039.0
2936,4039.0
2937,4039.0
2938,4039.0
2939,4039.0
2940,4039.0
2941,4039.0
2942,4039.0
2943,4039.0
2944,4039.0
2945,4039.0
2946,4039.0
2947,4039.0
2948,4039.0
2949,4039.0
2950,4039.0
2951,4039.0
2952,4039.0
2953,4039.0
2954,4039.0
2955,4039.0
2956,4039.0
2957,4039.0
2958,4039.0
2959,4039.0
2960,4039.0
2961,4039.0
2962,4039.0
2963,4039.0
2964,4039.0
2965,4039.0
2966,4039.0
2967,4039.0
2968,4039.0
2969,4039.0
2970,4039.0
2971,4039.0
2972,4039.0
2973,4039.0
2974,4039.0
2975,4039.0
2976,4039.0
2977,4039.0
2978,4039.0
2979,4039.0
2980,4039.0
2981,4039.0
2982,4039.0
2983,4039.0
2984,4039.0
2985,4039.0
2986,4039.0
2987,4039.0
2988,4039.0
2989,4039.0
2990,4039.0
2991,4039.0
2992,4039.0
2993,4039.0
2994,4039.0
2995,4039.0
2996,4039.0
2997,4039.0
2998,4039.0
2999,4039.0
3000,4039.0
3001,4039.0
3002,4039.0
3003,4039.0
3004,4039.0
3005,4039.0
3006,4039.0
3007,4039.0
3008,4039.0
3009,4039.0
3010,4039.0
3011,4039.0
3012,4039.0
3013,4039.0
3014,4039.0
3015,4039.0
3016,4039.0
3017,4039.0
3018,4039.0
3019,4039.0
3020,4039.0
3021,4039.0
3022,4039.0
3023,4039.0
3024,4039.0
3025,4039.0
3026,4039.0
3027,4039.0
3028,4039.0
3029,4039.0
3030,4039.0
3031,4039.0
3032,4039.0
3033,4039.0
3034,4039.0
3035,4039.0
3036,4039.0
3037,4039.0
3038,4039.0
3039,4039.0
3040,4039.0
3041,4039.0
3042,4039.0
3043,4039.0
3044,4039.0
3045,4039.0
3046,4039.0
3047,4039.0
3048,4039.0
3049,4039.0
3050,4039.0
3051,4039.0
3052,4039.0
3053,4039.0
3054,4039.0
3055,4039.0
3056,4039.0
3057,4039.0
3058,4039.0
3059,4039.0
3060,4039.0
3061,4039.0
3062,4039.0
3063,4039.0
3064,4039.0
3065,4039.0
3066,4039.0
3067,4039.0
3068,4039.0
3069,4039.0
3070,4039.0
3071,4039.0
3072,4039.0
3073,4039.0
3074,4039.0
3075,4039.0
3076,4039.0
3077,4039.0
3078,4039.0
3079,4039.0
3080,4039.0
3081,4039.0
3082,4039.0
3083,4039.0
3084,4039.0
3085,4039.0
3086,4039.0
3087,4039.0
3088,4039.0
3089,4039.0
3090,4039.0
3091,4039.0
3092,4039.0
3093,4039.0
3094,4039.0
3095,4039.0
3096,4039.0
3097,4039.0
3098,4039.0
3099,4039.0
3100,4039.0
3101,4039.0
3102,4039.0
3103,4039.0
3104,4039.0
3105,4039.0
3106,4039.0
3107,4039.0
3108,4039.0
3109,4039.0
3110,4039.0
3111,4039.0
3112,4039.0
3113,4039.0
3114,4039.0
3115,4039.0
3116,4039.0
3117,4039.0
3118,4039.0
3119,4039.0
3120,4039.0
3121,4039.0
3122,4039.0
3123,4039.0
3124,4039.0
3125,4039.0
3126,4039.0
3127,4039.0
3128,4039.0
3129,4039.0
3130,4039.0
3131,4039.0
3132,4039.0
3133,4039.0
3134,4039.0
3135,4039.0
3136,4039.0
3137,4039.0
3138,4039.0
3139,4039.0
3140,4039.0
3141,4039.0
3142,4039.0
3143,4039.0
3144,4039.0
3145,4039.0
3146,4039.0
3147,4039.0
3148,4039.0
3149,4039.0
3150,4039.0
3151,4039.0
3152,4039.0
3153,4039.0
3154,4039.0
3155,4039.0
3156,4039.0
3157,4039.0
3158,4039.0
3159,4039.0
3160,4039.0
3161,4039.0
3162,4039.0
3163,4039.0
3164,4039.0
3165,4039.0
3166,4039.0
3167,4039.0
3168,4039.0
3169,4039.0
3170,4039.0
3171,4039.0
3172,4039.0
3173,4039.0
3174,4039.0
3175,4039.0
3176,4039.0
3177,4039.0
3178,4039.0
3179,4039.0
3180,4039.0
3181,4039.0
3182,4039.0
3183,4039.0
3184,4039.0
3185,4039.0
3186,4039.0
3187,4039.0
3188,4039.0
3189,4039.0
3190,4039.0
3191,4039.0
3192,4039.0
3193,4039.0
3194,4039.0
3195,4039.0
3196,4039.0
3197,4039.0
3198,4039.0
3199,4039.0
3200,4039.0
3201,4039.0
3202,4039.0
3203,4039.0
3204,4039.0
3205,4039.0
3206,4039.0
3207,4039.0
3208,4039.0
3209,4039.0
3210,4039.0
3211,4039.0
3212,4039.0
3213,4039.0
3214,4039.0
3215,4039.0
3216,4039.0
3217,4039.0
3218,4039.0
3219,4039.0
3220,4039.0
3221,4039.0
3222,4039.0
3223,4039.0
3224,4039.0
3225,4039.0
3226,4039.0
3227,4039.0
3228,4039.0
3229,4039.0
3230,4039.0
3231,4039.0
3232,4039.0
3233,4039.0
3234,4039.0
3235,4039.0
3236,4039.0
3237,4039.0
3238,4039.0
3239,4039.0
3240,4039.0
3241,4039.0
3242,4039.0
3243,4039.0
3244,4039.0
3245,4039.0
3246,4039.0
3247,4039.0
3248,4039.0
3249,4039.0
3250,4039.0
3251,4039.0
3252,4039.0
3253,4039.0
3254,4039.0
3255,4039.0
3256,4039.0
3257,4039.0
3258,4039.0
3259,4039.0
3260,4039.0
3261,4039.0
3262,4039.0
3263,4039.0
3264,4039.0
3265,4039.0
3266,4039.0
3267,4039.0
3268,4039.0
3269,4039.0
3270,4039.0
3271,4039.0
3272,4039.0
3273,4039.0
3274,4039.0
3275,4039.0
3276,4039.0
3277,4039.0
3278,4039.0
3279,4039.0
3280,4039.0
3281,4039.0
3282,4039.0
3283,4039.0
3284,4039.0
3285,4039.0
3286,4039.0
3287,4039.0
3288,4039.0
3289,4039.0
3290,4039.0
3291,4039.0
3292,4039.0
3293,4039.0
3294,4039.0
3295,4039.0
3296,4039.0
3297,4039.0
3298,4039.0
3299,4039.0
3300,4039.0
3301,4039.0
3302,4039.0
3303,4039.0
3304,4039.0
3305,4039.0
3306,4039.0
3307,4039.0
3308,4039.0
3309,4039.0
3310,4039.0
3311,4039.0
3312,4039.0
3313,4039.0
3314,4039.0
3315,4039.0
3316,4039.0
3317,4039.0
3318,4039.0
3319,4039.0
3320,4039.0
3321,4039.0
3322,4039.0
3323,4039.0
3324,4039.0
3325,4039.0
3326,4039.0
3327,4039.0
3328,4039.0
3329,4039.0
3330,4039.0
3331,4039.0
3332,4039.0
3333,4039.0
3334,4039.0
3335,4039.0
3336,4039.0
3337,4039.0
3338,4039.0
3339,4039.0
3340,4039.0
3341,4039.0
3342,4039.0
3343,4039.0
3344,4039.0
3345,4039.0
3346,4039.0
3347,4039.0
3348,4039.0
3349,4039.0
3350,4039.0
3351,4039.0
3352,4039.0
3353,4039.0
3354,4039.0
3355,4039.0
3356,4039.0
3357,4039.0
3358,4039.0
3359,4039.0
3360,4039.0
3361,4039.0
3362,4039.0
3363,4039.0
3364,4039.0
3365,4039.0
3366,4039.0
3367,4039.0
3368,4039.0
3369,4039.0
3370,4039.0
3371,4039.0
3372,4039.0
3373,4039.0
3374,4039.0
3375,4039.0
3376,4039.0
3377,4039.0
3378,4039.0
3379,4039.0
3380,4039.0
3381,4039.0
3382,4039.0
3383,4039.0
3384,4039.0
3385,4039.0
3386,4039.0
3387,4039.0
3388,4039.0
3389,4039.0
3390,4039.0
3391,4039.0
3392,4039.0
3393,4039.0
3394,4039.0
3395,4039.0
3396,4039.0
3397,4039.0
3398,4039.0
3399,4039.0
3400,4039.0
3401,4039.0
3402,4039.0
3403,4039.0
3404,4039.0
3405,4039.0
3406,4039.0
3407,4039.0
3408,4039.0
3409,4039.0
3410,4039.0
3411,4039.0
3412,4039.0
3413,4039.0
3414,4039.0
3415,4039.0
3416,4039.0
3417,4039.0
3418,4039.0
3419,4039.0
3420,4039.0
3421,4039.0
3422,4039.0
3423,4039.0
3424,4039.0
3425,4039.0
3426,4039.0
3427,4039.0
3428,4039.0
3429,4039.0
3430,4039.0
3431,4039.0
3432,4039.0
3433,4039.0
3434,4039.0
3435,4039.0
3436,4039.0
3437,268.266666667
3438,4039.0
3439,4039.0
3440,4039.0
3441,4039.0
3442,4039.0
3443,4039.0
3444,4039.0
3445,4039.0
3446,4039.0
3447,4039.0
3448,4039.0
3449,4039.0
3450,4039.0
3451,4039.0
3452,4039.0
3453,4039.0
3454,4039.0
3455,4039.0
3456,4039.0
3457,4039.0
3458,4039.0
3459,4039.0
3460,4039.0
3461,4039.0
3462,4039.0
3463,4039.0
3464,4039.0
3465,4039.0
3466,4039.0
3467,4039.0
3468,4039.0
3469,4039.0
3470,4039.0
3471,4039.0
3472,4039.0
3473,4039.0
3474,4039.0
3475,4039.0
3476,4039.0
3477,4039.0
3478,4039.0
3479,4039.0
3480,4039.0
3481,4039.0
3482,4039.0
3483,4039.0
3484,4039.0
3485,4039.0
3486,4039.0
3487,4039.0
3488,4039.0
3489,4039.0
3490,4039.0
3491,4039.0
3492,4039.0
3493,4039.0
3494,4039.0
3495,4039.0
3496,4039.0
3497,4039.0
3498,4039.0
3499,4039.0
3500,4039.0
3501,4039.0
3502,4039.0
3503,4039.0
3504,4039.0
3505,4039.0
3506,4039.0
3507,4039.0
3508,4039.0
3509,4039.0
3510,4039.0
3511,4039.0
3512,4039.0
3513,4039.0
3514,4039.0
3515,4039.0
3516,4039.0
3517,4039.0
3518,4039.0
3519,4039.0
3520,4039.0
3521,4039.0
3522,4039.0
3523,4039.0
3524,4039.0
3525,4039.0
3526,4039.0
3527,4039.0
3528,4039.0
3529,4039.0
3530,4039.0
3531,4039.0
3532,4039.0
3533,4039.0
3534,4039.0
3535,4039.0
3536,4039.0
3537,4039.0
3538,4039.0
3539,4039.0
3540,4039.0
3541,4039.0
3542,4039.0
3543,4039.0
3544,4039.0
3545,4039.0
3546,4039.0
3547,4039.0
3548,4039.0
3549,4039.0
3550,4039.0
3551,4039.0
3552,4039.0
3553,4039.0
3554,4039.0
3555,4039.0
3556,4039.0
3557,4039.0
3558,4039.0
3559,4039.0
3560,4039.0
3561,4039.0
3562,4039.0
3563,4039.0
3564,4039.0
3565,4039.0
3566,4039.0
3567,4039.0
3568,4039.0
3569,4039.0
3570,4039.0
3571,4039.0
3572,4039.0
3573,4039.0
3574,4039.0
3575,4039.0
3576,4039.0
3577,4039.0
3578,4039.0
3579,4039.0
3580,4039.0
3581,4039.0
3582,4039.0
3583,4039.0
3584,4039.0
3585,4039.0
3586,4039.0
3587,4039.0
3588,4039.0
3589,4039.0
3590,4039.0
3591,4039.0
3592,4039.0
3593,4039.0
3594,4039.0
3595,4039.0
3596,4039.0
3597,4039.0
3598,4039.0
3599,4039.0
3600,4039.0
3601,4039.0
3602,4039.0
3603,4039.0
3604,4039.0
3605,4039.0
3606,4039.0
3607,4039.0
3608,4039.0
3609,4039.0
3610,4039.0
3611,4039.0
3612,4039.0
3613,4039.0
3614,4039.0
3615,4039.0
3616,4039.0
3617,4039.0
3618,4039.0
3619,4039.0
3620,4039.0
3621,4039.0
3622,4039.0
3623,4039.0
3624,4039.0
3625,4039.0
3626,4039.0
3627,4039.0
3628,4039.0
3629,4039.0
3630,4039.0
3631,4039.0
3632,4039.0
3633,4039.0
3634,4039.0
3635,4039.0
3636,4039.0
3637,4039.0
3638,4039.0
3639,4039.0
3640,4039.0
3641,4039.0
3642,4039.0
3643,4039.0
3644,4039.0
3645,4039.0
3646,4039.0
3647,4039.0
3648,4039.0
3649,4039.0
3650,4039.0
3651,4039.0
3652,4039.0
3653,4039.0
3654,4039.0
3655,4039.0
3656,4039.0
3657,4039.0
3658,4039.0
3659,4039.0
3660,4039.0
3661,4039.0
3662,4039.0
3663,4039.0
3664,4039.0
3665,4039.0
3666,4039.0
3667,4039.0
3668,4039.0
3669,4039.0
3670,4039.0
3671,4039.0
3672,4039.0
3673,4039.0
3674,4039.0
3675,4039.0
3676,4039.0
3677,4039.0
3678,4039.0
3679,4039.0
3680,4039.0
3681,4039.0
3682,4039.0
3683,4039.0
3684,4039.0
3685,4039.0
3686,4039.0
3687,4039.0
3688,4039.0
3689,4039.0
3690,4039.0
3691,4039.0
3692,4039.0
3693,4039.0
3694,4039.0
3695,4039.0
3696,4039.0
3697,4039.0
3698,4039.0
3699,4039.0
3700,4039.0
3701,4039.0
3702,4039.0
3703,4039.0
3704,4039.0
3705,4039.0
3706,4039.0
3707,4039.0
3708,4039.0
3709,4039.0
3710,4039.0
3711,4039.0
3712,4039.0
3713,4039.0
3714,4039.0
3715,4039.0
3716,4039.0
3717,4039.0
3718,4039.0
3719,4039.0
3720,4039.0
3721,4039.0
3722,4039.0
3723,4039.0
3724,4039.0
3725,4039.0
3726,4039.0
3727,4039.0
3728,4039.0
3729,4039.0
3730,4039.0
3731,4039.0
3732,4039.0
3733,4039.0
3734,4039.0
3735,4039.0
3736,4039.0
3737,4039.0
3738,4039.0
3739,4039.0
3740,4039.0
3741,4039.0
3742,4039.0
3743,4039.0
3744,4039.0
3745,4039.0
3746,4039.0
3747,4039.0
3748,4039.0
3749,4039.0
3750,4039.0
3751,4039.0
3752,4039.0
3753,4039.0
3754,4039.0
3755,4039.0
3756,4039.0
3757,4039.0
3758,4039.0
3759,4039.0
3760,4039.0
3761,4039.0
3762,4039.0
3763,4039.0
3764,4039.0
3765,4039.0
3766,4039.0
3767,4039.0
3768,4039.0
3769,4039.0
3770,4039.0
3771,4039.0
3772,4039.0
3773,4039.0
3774,4039.0
3775,4039.0
3776,4039.0
3777,4039.0
3778,4039.0
3779,4039.0
3780,4039.0
3781,4039.0
3782,4039.0
3783,4039.0
3784,4039.0
3785,4039.0
3786,4039.0
3787,4039.0
3788,4039.0
3789,4039.0
3790,4039.0
3791,4039.0
3792,4039.0
3793,4039.0
3794,4039.0
3795,4039.0
3796,4039.0
3797,4039.0
3798,4039.0
3799,4039.0
3800,4039.0
3801,4039.0
3802,4039.0
3803,4039.0
3804,4039.0
3805,4039.0
3806,4039.0
3807,4039.0
3808,4039.0
3809,4039.0
3810,4039.0
3811,4039.0
3812,4039.0
3813,4039.0
3814,4039.0
3815,4039.0
3816,4039.0
3817,4039.0
3818,4039.0
3819,4039.0
3820,4039.0
3821,4039.0
3822,4039.0
3823,4039.0
3824,4039.0
3825,4039.0
3826,4039.0
3827,4039.0
3828,4039.0
3829,4039.0
3830,4039.0
3831,4039.0
3832,4039.0
3833,4039.0
3834,4039.0
3835,4039.0
3836,4039.0
3837,4039.0
3838,4039.0
3839,4039.0
3840,4039.0
3841,4039.0
3842,4039.0
3843,4039.0
3844,4039.0
3845,4039.0
3846,4039.0
3847,4039.0
3848,4039.0
3849,4039.0
3850,4039.0
3851,4039.0
3852,4039.0
3853,4039.0
3854,4039.0
3855,4039.0
3856,4039.0
3857,4039.0
3858,4039.0
3859,4039.0
3860,4039.0
3861,4039.0
3862,4039.0
3863,4039.0
3864,4039.0
3865,4039.0
3866,4039.0
3867,4039.0
3868,4039.0
3869,4039.0
3870,4039.0
3871,4039.0
3872,4039.0
3873,4039.0
3874,4039.0
3875,4039.0
3876,4039.0
3877,4039.0
3878,4039.0
3879,4039.0
3880,4039.0
3881,4039.0
3882,4039.0
3883,4039.0
3884,4039.0
3885,4039.0
3886,4039.0
3887,4039.0
3888,4039.0
3889,4039.0
3890,4039.0
3891,4039.0
3892,4039.0
3893,4039.0
3894,4039.0
3895,4039.0
3896,4039.0
3897,4039.0
3898,4039.0
3899,4039.0
3900,4039.0
3901,4039.0
3902,4039.0
3903,4039.0
3904,4039.0
3905,4039.0
3906,4039.0
3907,4039.0
3908,4039.0
3909,4039.0
3910,4039.0
3911,4039.0
3912,4039.0
3913,4039.0
3914,4039.0
3915,4039.0
3916,4039.0
3917,4039.0
3918,4039.0
3919,4039.0
3920,4039.0
3921,4039.0
3922,4039.0
3923,4039.0
3924,4039.0
3925,4039.0
3926,4039.0
3927,4039.0
3928,4039.0
3929,4039.0
3930,4039.0
3931,4039.0
3932,4039.0
3933,4039.0
3934,4039.0
3935,4039.0
3936,4039.0
3937,4039.0
3938,4039.0
3939,4039.0
3940,4039.0
3941,4039.0
3942,4039.0
3943,4039.0
3944,4039.0
3945,4039.0
3946,4039.0
3947,4039.0
3948,4039.0
3949,4039.0
3950,4039.0
3951,4039.0
3952,4039.0
3953,4039.0
3954,4039.0
3955,4039.0
3956,4039.0
3957,4039.0
3958,4039.0
3959,4039.0
3960,4039.0
3961,4039.0
3962,4039.0
3963,4039.0
3964,4039.0
3965,4039.0
3966,4039.0
3967,4039.0
3968,4039.0
3969,4039.0
3970,4039.0
3971,4039.0
3972,4039.0
3973,4039.0
3974,4039.0
3975,4039.0
3976,4039.0
3977,4039.0
3978,4039.0
3979,4039.0
3980,365.818181818
3981,4039.0
3982,4039.0
3983,4039.0
3984,4039.0
3985,4039.0
3986,4039.0
3987,4039.0
3988,4039.0
3989,4039.0
3990,4039.0
3991,4039.0
3992,4039.0
3993,4039.0
3994,4039.0
3995,4039.0
3996,4039.0
3997,4039.0
3998,4039.0
3999,4039.0
4000,4039.0
4001,4039.0
4002,4039.0
4003,4039.0
4004,4039.0
4005,4039.0
4006,4039.0
4007,4039.0
4008,4039.0
4009,4039.0
4010,4039.0
4011,4039.0
4012,4039.0
4013,4039.0
4014,4039.0
4015,4039.0
4016,4039.0
4017,4039.0
4018,4039.0
4019,4039.0
4020,4039.0
4021,4039.0
4022,4039.0
4023,4039.0
4024,4039.0
4025,4039.0
4026,4039.0
4027,4039.0
4028,4039.0
4029,4039.0
4030,4039.0
4031,4039.0
4032,4039.0
4033,4039.0
4034,4039.0
4035,4039.0
4036,4039.0
4037,4039.0
4038,4039.0
