3437,0.000475296410597
107,0.000684745956559
1684,0.00120768864946
1912,0.00143140059046
0,0.00275274124355
3980,0.00334105640861
414,0.00364854204842
348,0.00521935866844
686,0.00570512353551
698,0.0091183014086
594,0.0159945728736
2543,0.0161382697371
2347,0.0161413677729
1941,0.0161818032535
1985,0.0162488549775
2468,0.0162531817962
2233,0.0162745367174
2266,0.0162764386211
2142,0.0162869164043
2560,0.016302395326
2542,0.0163042671544
2206,0.0163051247799
2324,0.0163052486117
2229,0.0163059961828
2611,0.0163070339785
2218,0.0163078200826
2410,0.0163086004171
2078,0.0163087667099
2123,0.0163099408395
2240,0.0163100672704
2464,0.0163107622925
1993,0.0163115345321
2369,0.0163116893944
2607,0.0163124025391
2244,0.0163129482226
2309,0.0163141199573
2507,0.0163143094042
2602,0.0163144976198
2604,0.0163145538965
2088,0.0163149795378
2131,0.0163153131496
2340,0.0163160201091
2590,0.0163160690455
1983,0.016316235986
2601,0.0163163527323
2059,0.0163169765907
2526,0.0163172300848
2600,0.0163177808339
2188,0.0163179599239
2073,0.0163183572674
2220,0.0163183918708
2150,0.0163186838033
1946,0.0163190962399
2172,0.0163191528248
2428,0.0163196568112
1917,0.0163200741889
2414,0.0163202913549
2331,0.0163212011547
2564,0.0163218176286
2201,0.0163218750299
1938,0.0163221739808
2090,0.0163226890383
2323,0.0163231899818
2593,0.0163232724193
1943,0.0163233152954
2625,0.0163235629124
2339,0.0163235668962
2624,0.0163236199118
2586,0.0163238126932
2615,0.0163245918682
2184,0.0163247095699
2118,0.0163247415273
2030,0.0163249666026
2290,0.0163250923107
2275,0.0163257343184
2064,0.0163257897838
2104,0.0163269737115
2500,0.0163271755154
1962,0.0163272942581
2278,0.0163274483767
1979,0.0163278374465
2492,0.0163278774647
2395,0.0163279376956
2376,0.0163281222568
2103,0.0163283485841
2409,0.0163293587621
2200,0.0163293811389
2271,0.016329741392
2381,0.0163304234643
2045,0.0163304608182
2326,0.0163305884191
2033,0.016330780425
2551,0.0163311114723
1971,0.0163322057227
2354,0.0163323049857
2553,0.0163332033957
1984,0.0163337575954
2139,0.0163340866641
2093,0.0163341627837
2043,0.0163344400758
2037,0.0163360402164
2630,0.0163363359677
2460,0.016337400483
2423,0.0163376352949
2352,0.0163377265102
2404,0.0163380831404
2140,0.0163388318757
2190,0.0163390721729
2619,0.0163398104553
1966,0.0163398438552
2356,0.0163400364887
2520,0.0163408072381
2374,0.0163408740935
2069,0.0163409622088
1918,0.0163410768858
2124,0.0163416086277
2363,0.0163416892915
2559,0.0163416919504
2550,0.0163422034471
2638,0.016342226748
2655,0.0163427683356
2108,0.0163440063414
2112,0.0163446658098
2446,0.0163456777962
2578,0.0163461103203
2549,0.0163466263463
2074,0.0163466444764
2257,0.0163466841764
2095,0.0163469277507
2299,0.0163482565189
1986,0.0163483271877
2040,0.016348491984
2154,0.0163486734362
2253,0.0163489892759
2005,0.0163496323291
2020,0.0163511196632
2121,0.0163511400269
2370,0.0163513052041
2482,0.016351770907
2504,0.0163521235122
2276,0.0163525728514
2308,0.016352872655
2561,0.0163538149183
2408,0.0163552651329
2495,0.0163553888702
2348,0.0163555972276
2654,0.0163563603035
2573,0.0163581463761
1929,0.0163597168173
2359,0.0163608739354
2433,0.0163610246618
2083,0.0163611993582
2575,0.0163613541447
2122,0.0163613901749
2546,0.0163622114603
2063,0.0163625274534
2334,0.0163662740781
2430,0.0163665913313
2539,0.016368483639
2084,0.0163694510498
2521,0.0163697349759
2307,0.0163698498216
2212,0.0163710575371
2115,0.0163715197514
2086,0.0163715834048
2485,0.0163720578606
2646,0.0163734378935
2109,0.016373608806
1997,0.0163750170843
2386,0.0163750326078
2556,0.0163767300067
2623,0.0163773200213
2469,0.0163796692715
2467,0.016380920467
2261,0.0163809682809
2216,0.0163840672061
1925,0.0163843209154
2165,0.0163868959555
2077,0.0163907714203
2484,0.0163915752694
2237,0.0163917785397
2329,0.0163922181461
2046,0.016395185579
1953,0.0163956126948
2506,0.0163958819757
2098,0.0164027954732
2418,0.0164033568781
2007,0.0164059473153
2477,0.0164064358958
2579,0.0164091057336
2300,0.0164094065351
2631,0.0164132637031
2306,0.0164137784959
2552,0.016414984638
2563,0.0164182342381
2056,0.0164222422436
2489,0.0164245850591
2213,0.0164288427022
2532,0.0164313246023
2060,0.016432819982
2210,0.0164333173362
2574,0.0164356609766
1888,0.0164426714113
2462,0.0164468236743
2392,0.0164523592751
1663,0.0164540380692
1800,0.0164551704247
2591,0.0164570646513
1352,0.0164617344938
2164,0.016463651713
2554,0.0164643453806
2179,0.0164649971829
1199,0.0164763936313
1989,0.0164799392225
1730,0.0164815918994
2407,0.0164818784095
1431,0.0164830147945
1589,0.0164832305057
1963,0.0164879036063
2353,0.0164880091784
1584,0.016492083502
1746,0.0164932328938
2499,0.0164938421917
1804,0.0164938722516
1126,0.0164973437502
1833,0.0165001250457
2429,0.0165012693114
1078,0.0165033299388
1714,0.0165045846685
1390,0.0165047875829
1768,0.0165051345719
1621,0.0165061590664
1559,0.0165073789156
1707,0.0165082409348
1086,0.0165111823083
1613,0.0165122969549
1718,0.0165146092732
1377,0.0165182077221
2189,0.0165184978527
1827,0.0165185092688
1612,0.0165188459239
2081,0.0165225126103
2384,0.0165234239869
1610,0.0165234394916
1391,0.0165280689431
1399,0.0165283723855
1376,0.0165285193139
1622,0.0165287886563
2328,0.0165340173446
2478,0.0165359301933
1835,0.0165361183349
2111,0.0165367747799
1211,0.0165377557103
1551,0.0165388465144
2606,0.0165401207275
2336,0.0165413983772
2199,0.0165437326286
1516,0.0165453624298
2136,0.0165497301063
1577,0.0165504124518
2292,0.016550919737
2598,0.0165514123306
2055,0.0165519882457
1471,0.0165526535405
1839,0.0165536624974
2054,0.0165560256093
1522,0.0165571546991
1059,0.0165585506694
2333,0.0165592400007
1367,0.0165631586968
1554,0.0165631893553
2026,0.0165632202683
946,0.016563546978
1736,0.0165640508343
1185,0.0165644531826
2058,0.0165667655234
2283,0.0165670365247
2087,0.0165677651833
1879,0.0165685183114
1184,0.016571011825
993,0.0165723165205
1662,0.016572698981
2512,0.0165733535102
1793,0.0165758681285
925,0.0165779809001
2153,0.0165781941731
916,0.0165817874325
1945,0.0165821234769
2282,0.016582250017
1603,0.016582648508
2032,0.0165842337683
2187,0.0165843529517
2287,0.0165881300702
1799,0.0165894305952
2068,0.0165904027597
2511,0.0165911919288
1331,0.016593254089
1017,0.0165934033844
2510,0.0165952176087
1076,0.0165958073962
2471,0.0165976018275
1132,0.0165988547466
2555,0.0165997157392
2279,0.0166008305202
1717,0.0166025728151
1146,0.0166026421364
1557,0.0166029761068
1420,0.0166037336327
1813,0.0166037817246
2183,0.0166043037884
2138,0.0166046355524
1107,0.0166059607238
2509,0.0166132627443
1669,0.0166137804126
1238,0.0166161054005
1816,0.016616470749
2047,0.0166176048619
1791,0.0166202968171
2463,0.0166215094189
2072,0.0166217848667
2289,0.0166233444424
2629,0.0166236907751
2102,0.0166244772642
1335,0.0166246053327
2567,0.0166250696605
2224,0.0166254339551
1153,0.0166256943674
1902,0.0166264772389
2133,0.0166267565922
2592,0.0166278983373
2302,0.0166285641117
2117,0.0166288772027
2319,0.0166293072778
2071,0.0166293862037
2327,0.0166302244263
2461,0.01663090803
1920,0.0166321083385
1823,0.0166325376439
1222,0.0166326586911
2149,0.0166329473258
1250,0.0166334375158
1757,0.0166337074078
1006,0.0166343770565
1604,0.0166351059231
2649,0.016635988309
1230,0.0166379761511
1509,0.0166381967058
1361,0.0166382609482
2125,0.0166384339126
2536,0.0166395169344
1598,0.0166396818904
2491,0.0166403726784
2241,0.0166410250037
1849,0.0166432932713
1959,0.0166437124306
2180,0.0166438265788
1341,0.0166462775657
1447,0.0166467050804
1488,0.0166477489005
1267,0.0166492977163
1491,0.0166504401796
1547,0.0166506048596
1117,0.0166523586906
2398,0.0166531297182
1926,0.0166533514063
2294,0.0166536449682
1256,0.0166537988894
1269,0.0166550351
1175,0.0166551289032
1079,0.0166552798737
2391,0.016655601187
2174,0.0166570149873
2223,0.0166570673732
2247,0.0166574509503
2053,0.0166580800913
1750,0.0166585708666
1665,0.016658888653
1689,0.0166591113553
1456,0.0166603078801
1329,0.016661975007
2169,0.016663499871
2268,0.0166636401282
1101,0.0166641091325
1947,0.0166654105167
2351,0.0166675801806
1255,0.0166682219589
2344,0.0166685834032
2039,0.0166696736866
1291,0.0166699803391
2338,0.0166701823881
2617,0.0166716572656
1668,0.0166716589394
2451,0.0166726839014
2597,0.0166731937034
2196,0.0166739160744
1330,0.0166747283728
1617,0.0166750707427
136,0.0166768765992
1842,0.0166771592418
2127,0.0166778861872
2052,0.0166788380757
980,0.016680496849
1004,0.0166816667544
2194,0.0166817716592
1721,0.0166829058597
1608,0.0166832470032
1948,0.0166836281366
1172,0.0166844510263
947,0.0166858604401
1302,0.0166875113206
1530,0.0166904760317
2642,0.01669110795
2250,0.0166912400627
1125,0.0166935377076
1570,0.0166939642766
2533,0.016696209003
1683,0.0166965039223
1867,0.0166987845423
1752,0.0166998041278
1124,0.0167021562596
1467,0.0167031954573
966,0.0167032907959
1563,0.0167033830206
1520,0.0167043843336
1597,0.0167052469267
2372,0.0167052608055
1600,0.0167063969295
2475,0.016707105086
2028,0.0167099269889
2508,0.0167133445735
1868,0.0167140976273
1940,0.0167158645806
1955,0.0167166221927
2582,0.0167173485688
1191,0.0167174884713
2038,0.0167191066125
1243,0.0167191917841
2332,0.0167193208968
2458,0.0167194133113
2436,0.0167208897887
2643,0.0167218387826
2616,0.0167225111498
1932,0.0167257681172
2128,0.0167260187307
1735,0.0167261446413
2143,0.0167264660852
1416,0.0167271597826
2203,0.0167319613118
2042,0.0167356373148
1761,0.0167359557197
1619,0.0167369076874
1741,0.0167375125912
2246,0.0167375765366
1643,0.0167377861772
2608,0.0167395813279
1826,0.0167404613471
2419,0.0167412415929
1675,0.016741434467
1370,0.0167431388162
1465,0.0167435824456
1214,0.0167437279343
1620,0.0167454493855
1789,0.0167486249655
978,0.0167501175612
2176,0.0167511586692
2151,0.0167524857129
1886,0.0167547017161
953,0.0167552640297
2516,0.0167555672238
1149,0.0167560674427
1864,0.0167562614262
2273,0.0167576119308
2594,0.0167581353348
2254,0.0167596278708
921,0.0167599808033
2002,0.0167600771829
1809,0.0167602868488
1712,0.0167606462247
2191,0.0167615111804
2588,0.016762585758
2377,0.0167628991993
1623,0.0167639909407
1810,0.0167640635523
2498,0.0167672542567
1156,0.0167682111393
2135,0.0167770057947
1339,0.0167807211551
2148,0.0167808416819
2010,0.0167854409341
1163,0.0167857057223
1083,0.0167864594191
2420,0.0167869905776
2343,0.0167904635167
2267,0.0167906645237
2394,0.0167907687358
2134,0.016795388809
2311,0.0167965481389
2258,0.0167987322413
1289,0.0168004032519
2132,0.0168007652547
1205,0.0168085278816
1685,0.0168086315015
1409,0.0168088215923
2537,0.0168095593144
1048,0.0168135012442
1128,0.0168161286652
960,0.0168199060086
967,0.0168206485658
2368,0.0168206712348
1181,0.0168207898144
1954,0.0168209075121
2589,0.0168215405991
1898,0.0168226751276
952,0.0168232952638
1173,0.0168233803473
1305,0.016825416891
2144,0.0168286836973
2264,0.0168296811565
934,0.0168304510444
1795,0.016836495771
1271,0.0168409986458
1198,0.0168443074943
1637,0.0168463004317
1242,0.0168499442722
997,0.016852751795
2653,0.0168563824247
1380,0.0168591288611
1605,0.016862467651
1483,0.0168633179792
2434,0.0168652390683
1539,0.0168653350767
2501,0.0168696240357
1861,0.0168702695194
1845,0.0168703102131
1916,0.0168742374157
1288,0.0168756066486
1003,0.0168771315103
2445,0.0168809483519
2062,0.0168824923907
2315,0.0168842834708
400,0.016884322903
1609,0.0168858348625
2399,0.0168881652061
1753,0.0168972237486
1580,0.0169010484987
1344,0.0169012907708
1632,0.0169073250319
1652,0.0169095074532
999,0.0169126127467
1290,0.0169135222744
1449,0.0169160562664
1334,0.0169175185032
2472,0.0169177350884
1388,0.0169210394904
1819,0.0169225206916
1659,0.0169253869893
2161,0.0169256262408
1272,0.0169295519455
1737,0.0169301894411
1994,0.0169350453117
1939,0.0169374298238
1024,0.0169415759114
1160,0.0169476040373
1287,0.0169647452742
1402,0.016968197472
1480,0.0169684081257
1796,0.0169732462636
1026,0.0169772750737
1351,0.0169852405504
412,0.0169863385497
1312,0.0169874165968
1323,0.0169923278018
1590,0.0169938816315
1653,0.0169954498432
513,0.0170035399279
2547,0.0170063238107
906,0.0170066973403
2465,0.0170127002682
2417,0.0170129920906
2576,0.0170137667942
373,0.0170162821733
1359,0.0170189055525
1049,0.0170193678493
2293,0.0170311399886
1028,0.0170320457403
2137,0.0170329861102
1688,0.0170329955961
1891,0.017035024035
559,0.0170352293968
1639,0.0170365482928
456,0.017039717924
1614,0.0170420007992
2285,0.0170437012235
1538,0.0170495409876
1209,0.0170514849235
2198,0.0170539437414
423,0.0170580867609
561,0.0170586333551
500,0.0170618306715
553,0.0170637740651
927,0.0170648255739
2101,0.0170664935581
2215,0.0170681460896
1375,0.0170687614901
497,0.0170716198702
1280,0.0170763547005
1207,0.0170767923123
460,0.0170781718074
1075,0.0170802100399
2304,0.0170834826525
465,0.0170986479626
1135,0.0171090730973
2385,0.0171096455546
2387,0.0171107207716
402,0.0171222512965
395,0.0171246816741
2396,0.0171262726087
982,0.0171389265874
1457,0.0171390364284
1130,0.0171399222359
2232,0.01714157139
1970,0.0171442937715
1182,0.0171478727236
1782,0.0171512035289
1047,0.0171582769391
438,0.0171613284318
431,0.0171626594929
556,0.0171642182895
2449,0.0171659004302
506,0.0171676183469
1877,0.0171688664446
1772,0.0171751899529
1811,0.0171765020392
2609,0.0171797886227
492,0.017181204919
2280,0.0171823522195
544,0.0171939863545
2330,0.0171958685998
524,0.0171992388029
2235,0.017200854795
2438,0.0172032890775
514,0.0172063500042
378,0.0172098073463
374,0.0172099465147
525,0.0172118852168
2259,0.017213710152
2518,0.017214343684
1470,0.0172153788453
370,0.0172161161042
1340,0.0172246425233
1528,0.017226140221
1644,0.0172283896019
1040,0.0172298087466
545,0.0172302178948
2021,0.0172310865489
515,0.0172371101597
439,0.0172402248688
2603,0.0172413476662
436,0.0172421628581
2613,0.017248529612
1029,0.0172526192108
567,0.0172532209802
1201,0.0172592745448
1123,0.0172672961924
391,0.017268090466
1535,0.0172682452238
2243,0.0172689599576
2147,0.0172712339186
2325,0.0172743323996
2239,0.0172757997964
417,0.0172797737444
1074,0.0172809744086
1336,0.0172819580325
507,0.0172882969903
983,0.0172887450031
1219,0.0172892163095
542,0.0172921884029
1765,0.0173125830006
1293,0.0173150673108
1723,0.0173180598776
1056,0.0173231892311
932,0.0173251378434
1542,0.017328049148
523,0.017348901119
1571,0.0173567746538
683,0.0173757519793
1754,0.0173772770466
394,0.0173799838176
1734,0.0173833420903
1981,0.0173842076378
1110,0.0173846130214
503,0.0173899489134
419,0.0173944701906
360,0.0173964760901
1523,0.0174030554204
2092,0.0174033321895
461,0.0174147094654
432,0.0174289368821
408,0.0174291760485
591,0.0174318824132
2057,0.0174355797834
526,0.0174479099436
520,0.0174502367812
493,0.0174574228838
387,0.0174576396403
1112,0.0174580804785
1285,0.0174652120022
1092,0.0174723922994
2476,0.0174737010266
452,0.01748110276
2473,0.0174863210268
471,0.0174880758448
1942,0.0174928768131
1180,0.0174959840812
1724,0.0175050567042
404,0.0175183721988
527,0.017518376068
2839,0.0175326839714
897,0.0175329230558
434,0.017538101382
3363,0.0175461883495
1389,0.0175503745285
995,0.0175508921594
444,0.0175511110644
2367,0.0175537013114
1054,0.0175581366884
1195,0.017571638679
2345,0.0175741045405
3078,0.0175785872887
1437,0.0175790613729
409,0.0175805619105
2754,0.0175809728582
368,0.0175822663593
2652,0.0175901820953
1393,0.0175958584553
496,0.017601705197
3232,0.0176065887415
1365,0.0176070295197
2390,0.0176083541488
1068,0.0176159407598
2502,0.0176275127288
2966,0.0176307570125
1722,0.0176329884193
2003,0.0176330840643
2075,0.0176332671921
645,0.0176348063268
511,0.0176353067773
488,0.0176364409891
1540,0.0176396285144
2669,0.017655737363
1987,0.0176577712545
451,0.0176589916169
2986,0.0176620520127
2877,0.0176627128186
2906,0.0176645841997
392,0.0176652454941
570,0.0176675964841
1524,0.0176793353651
2479,0.0176796600485
2519,0.017680498331
430,0.017686572874
2694,0.0176927905748
1964,0.0176938025387
3426,0.017698208509
512,0.0176989978432
2944,0.0177067749039
2782,0.0177070536036
604,0.01770791665
3387,0.0177108928528
2755,0.0177149646534
3082,0.0177159806739
537,0.0177176951876
2960,0.0177193326317
2786,0.017723265193
2750,0.017724730648
2927,0.0177264800545
3101,0.0177273502727
2956,0.0177291849187
2910,0.0177314180581
1485,0.0177340407151
422,0.0177511630073
398,0.0177646979094
2679,0.017781301837
669,0.0177823159628
2800,0.0177866279712
828,0.0177866586315
2742,0.0177881272357
3348,0.017793076179
1832,0.0177944938132
504,0.0177951620757
482,0.0177954779238
388,0.0177975293382
483,0.0177996963037
1398,0.017800080835
2916,0.0178011532587
3434,0.0178044275595
3033,0.0178060728522
2110,0.0178108582082
2664,0.0178121909996
445,0.0178148156401
3000,0.0178183249796
3022,0.0178241110505
614,0.0178300774756
3417,0.0178317926448
3291,0.0178334610754
3397,0.0178338968391
2661,0.0178340250812
2777,0.0178384954606
2757,0.0178398159741
1843,0.017842197157
3026,0.0178453341913
3226,0.0178560817901
2163,0.0178664705629
3116,0.0178666971466
2793,0.0178668770914
3096,0.0178739134249
3054,0.0178781310099
2928,0.0178811226462
3174,0.0178818389679
495,0.0178884409857
1532,0.017890901825
2872,0.0178909937371
3201,0.0178935767591
2913,0.0178947365916
2676,0.0178955718848
1513,0.0178980813745
2827,0.0178985610681
2530,0.0179018199538
2544,0.0179093414304
2226,0.0179096409883
3339,0.0179096556061
479,0.0179109732983
2867,0.0179177241611
2866,0.0179192329167
2905,0.017924079767
2915,0.0179253842022
3252,0.0179273333531
2303,0.0179357494171
2698,0.0179366755899
548,0.0179386342754
3051,0.0179395536482
2864,0.0179431904044
805,0.0179435409538
2350,0.0179457062526
3090,0.0179466557591
487,0.0179500340271
2890,0.0179511474959
2925,0.0179523780863
3132,0.017952761293
3284,0.0179546060865
719,0.0179586640295
2719,0.0179605036278
2393,0.0179680133618
2943,0.017971745024
3320,0.0179720441702
421,0.0179735395871
3195,0.0179761544859
2833,0.0179788108732
1572,0.017979625929
959,0.0179799673106
3035,0.0179852690866
2969,0.0179856035213
3280,0.0179859178141
2065,0.0179870088657
2529,0.0179892329831
2863,0.017990542202
2919,0.0179956123511
2909,0.0179976124118
3056,0.0179998987709
705,0.0180018140591
415,0.0180038390109
2415,0.0180046144221
3351,0.0180053583051
2911,0.0180071520166
713,0.0180107602634
463,0.0180116745942
2427,0.0180151442245
2849,0.0180154156346
2920,0.0180155946105
3330,0.0180175330926
1517,0.0180211359374
823,0.0180255000658
2862,0.0180279411309
2828,0.0180282758301
1923,0.0180299413958
555,0.0180311008144
3150,0.0180345834815
1460,0.0180370085784
2778,0.0180380206947
2067,0.0180616987668
2383,0.0180681602922
3049,0.0180766581986
3347,0.0180777552852
824,0.0180786932715
830,0.0180806487242
2940,0.0180812835312
3324,0.0180872592019
565,0.0180877112631
3108,0.0180890063656
2222,0.0180911175464
397,0.0180937215825
747,0.018094367553
3098,0.0180960716496
3120,0.0181013310788
455,0.018102247484
3064,0.0181069886678
2155,0.0181078864869
2985,0.0181092718929
2689,0.0181093775731
355,0.0181114948269
3152,0.018117379376
2880,0.0181205407821
3149,0.0181262822891
3104,0.018127005703
2912,0.0181300271249
3344,0.0181364052093
697,0.0181408762769
2274,0.0181444503934
3362,0.018144849191
745,0.0181479909316
676,0.0181499431785
376,0.0181536940673
2973,0.018175695445
2031,0.0181771914747
781,0.018182836476
2939,0.0181902485484
3277,0.0181977651493
418,0.0181982463597
2873,0.018204191788
458,0.0182048762763
2666,0.0182157820194
2974,0.0182162761476
2674,0.0182165380774
3038,0.0182179680864
428,0.0182188551892
694,0.0182284748084
2379,0.0182309852119
3267,0.0182319090811
352,0.0182506090045
473,0.0182562380613
3247,0.0182656509709
2208,0.0182662028606
560,0.0182681613647
3142,0.0182723576055
2991,0.0182807453291
2738,0.0182905955844
2992,0.0182922221965
3433,0.0182939084412
2717,0.018299506042
3060,0.0183060119737
2869,0.0183131043223
2815,0.018316573716
3350,0.0183215434398
3119,0.0183231681505
3169,0.0183306864481
3297,0.0183346506131
3113,0.0183350423706
2716,0.0183353334908
475,0.0183355130882
827,0.0183355502635
2221,0.0183362980556
2044,0.0183390316095
484,0.0183398467684
3185,0.0183404012029
546,0.0183430963067
2994,0.0183483678203
688,0.018350360897
3239,0.018351877984
2683,0.018355442219
2897,0.0183556504666
2853,0.0183564039036
1435,0.0183581452088
3070,0.0183585027037
834,0.0183627420492
724,0.0183650036316
2496,0.0183724385715
2988,0.0183731415564
3004,0.0183738180853
2571,0.0183770431545
2901,0.0183806113126
3198,0.0183856116369
774,0.0183922020012
536,0.0183988329108
1407,0.018400001844
1851,0.0184031822964
3047,0.0184050292294
853,0.0184053217758
3065,0.0184066680593
1774,0.0184114976715
3040,0.0184132459092
2706,0.0184163949533
1278,0.0184234550573
3076,0.0184237247481
3106,0.0184248082312
815,0.0184273068642
3419,0.0184320590309
1821,0.0184335104387
2749,0.0184357829398
695,0.0184383911443
557,0.0184413999696
3115,0.0184419020839
752,0.018447707179
3084,0.0184500933079
3073,0.0184523898663
703,0.0184610130564
67,0.0184686433924
510,0.0184698768851
558,0.0184759920259
56,0.0184781127636
3146,0.0184817516969
3381,0.0184888039569
800,0.0184894579799
3391,0.0184915037513
1277,0.0184918658501
2680,0.0184961558535
3335,0.0185001411558
1369,0.0185002053124
820,0.0185009637446
819,0.0185038635116
1863,0.0185152562007
2211,0.0185181952091
773,0.0185229213479
896,0.0185251506735
425,0.0185259373425
3145,0.0185274942991
1204,0.018531979148
2234,0.0185320982328
3293,0.0185369097648
637,0.0185409206137
3184,0.0185432571847
2748,0.0185435882882
2355,0.0185449426515
3117,0.0185541551527
2796,0.0185542174105
2242,0.0185557367711
3332,0.0185578881239
2295,0.0185585415864
810,0.0185601665873
566,0.0185610071259
517,0.0185653551814
3355,0.0185668292919
1164,0.0185673812322
3220,0.0185679235219
3406,0.0185792381037
2773,0.0185798741362
2781,0.0185861832088
766,0.0185905428939
2937,0.0185923876841
3179,0.0185938279371
3182,0.0185970149437
3206,0.0185998118424
3321,0.0186017540522
3102,0.0186027130243
726,0.0186039744654
780,0.0186096302792
367,0.0186130363092
3396,0.0186226466032
1116,0.0186228986478
3172,0.0186230640635
696,0.0186254218118
3085,0.0186267440507
2763,0.0186292778751
1235,0.0186309068209
1405,0.0186400821181
784,0.0186441745223
2753,0.0186454571408
569,0.0186500208736
2810,0.0186515345584
3240,0.0186547746555
3416,0.0186573128241
1192,0.0186578819996
271,0.0186622210506
1439,0.0186652604296
2993,0.0186695490507
2989,0.0186745940468
842,0.0186778205559
3029,0.0186785282692
2741,0.018679593208
3021,0.0186831658118
122,0.0186908245091
1104,0.0186946314943
426,0.0186968393907
2896,0.0186988672827
531,0.0186997728806
760,0.0187018394123
26,0.0187059442768
2936,0.0187077892958
2945,0.0187156645638
2835,0.0187208588395
3364,0.0187230420474
252,0.0187296624428
728,0.0187495414332
21,0.0187525400462
634,0.0187607693564
3378,0.0187638374193
521,0.0187683209614
322,0.0187864671935
2904,0.0187918255321
3345,0.0187941734205
708,0.0188015549561
3017,0.0188019333171
754,0.0188026592548
304,0.0188082966473
856,0.0188143298524
1459,0.0188165953763
2610,0.0188197704301
3224,0.0188215158557
547,0.0188234682724
494,0.0188240656398
2946,0.0188268887447
3384,0.0188319320473
3360,0.0188370469521
353,0.018848428343
1014,0.0188544598532
2116,0.0188695644377
239,0.0188708387683
3411,0.0188719865506
277,0.0188747329505
375,0.0188766094153
2931,0.0188768337478
2432,0.0188791286744
731,0.0188890733917
840,0.018890198178
1786,0.0188906099149
203,0.0188926909686
3154,0.0188986482797
2929,0.0188996699762
3265,0.0189087085753
3158,0.0189093233758
2029,0.0189100168111
1556,0.01891003706
2765,0.0189224656776
462,0.0189269382697
200,0.0189324081353
285,0.0189354464711
1345,0.0189360271809
315,0.0189382033985
1573,0.0189414657424
2729,0.0189418568483
2970,0.0189418741597
718,0.018944893352
3435,0.0189453277279
829,0.0189456060986
2681,0.0189461627059
363,0.018949327029
2525,0.0189502476437
1039,0.018951051384
413,0.0189518147333
98,0.0189627551138
847,0.0189652877493
362,0.0189683241958
2572,0.0189747415926
1583,0.0189759059856
1893,0.018977397762
1327,0.0189781166983
2249,0.0189980512759
1591,0.0190078648008
2770,0.0190085345773
366,0.0190133957353
849,0.019019014916
3386,0.0190230845223
1479,0.0190330532811
2209,0.0190342603446
9,0.0190392786852
1265,0.0190407827862
1227,0.0190456370921
2712,0.0190570807866
3204,0.0190579930702
3288,0.0190592436441
1475,0.0190592913079
3014,0.019064527176
1347,0.0190666655684
481,0.0190841763067
508,0.0190915401813
1899,0.0190976762953
25,0.0190988788044
739,0.0191045287208
2894,0.0191059167235
519,0.0191066182076
2366,0.0191074468081
3261,0.0191089339043
687,0.0191101022683
609,0.0191144214247
3250,0.0191191915827
845,0.0191200119768
1846,0.0191240499672
2637,0.0191241796598
354,0.0191283240803
2743,0.0191306544726
1067,0.0191383113527
1661,0.019138414721
563,0.0191400773039
3353,0.0191415340786
814,0.0191420155201
3052,0.0191438922789
3238,0.0191463341328
1322,0.0191494119338
1636,0.0191501780366
606,0.0191588214025
3299,0.0191633294919
1973,0.0191646059522
727,0.0191655801741
1158,0.0191672257644
3301,0.0191702413673
440,0.0191715765205
446,0.0191744717467
350,0.0191760184516
2875,0.0191774495141
2720,0.0191879297574
3399,0.019193619724
764,0.0191983103797
1596,0.0191987033488
119,0.0192001056833
1871,0.0192052398418
188,0.0192053950261
416,0.0192144099525
2756,0.0192153385752
1783,0.0192160212161
1462,0.0192161805849
3140,0.0192170520659
199,0.0192205531275
142,0.0192210656193
170,0.019221346789
630,0.019221609903
2806,0.0192230537793
2874,0.0192348792518
1611,0.0192367032694
1972,0.0192378389351
186,0.0192397084987
2951,0.0192408433113
1628,0.0192421417127
538,0.0192529048497
1742,0.0192562898248
1298,0.019265280224
113,0.0192691363535
450,0.0192727066554
620,0.0192756674834
3025,0.0192779388074
1231,0.0192814476681
3342,0.0192976159944
1032,0.0193023669332
3274,0.0193034413194
787,0.0193066337235
169,0.0193067612842
646,0.0193078050738
332,0.0193111543268
917,0.0193231951941
817,0.0193271581851
1515,0.0193308261871
1715,0.0193453059919
1857,0.0193503737546
701,0.0193553307347
2524,0.0193554510628
280,0.0193608009764
738,0.0193615283477
1423,0.0193623099532
325,0.0193627652309
469,0.0193657751585
1148,0.019366199877
543,0.0193687473918
3228,0.0193689070793
2850,0.0193719169808
772,0.0193784194343
2145,0.0193854428456
539,0.0193878259404
1680,0.0193910335338
3027,0.019392602435
957,0.0194144645183
2635,0.0194237318145
109,0.0194353651306
1487,0.0194366899474
1458,0.0194410494367
40,0.0194431419303
442,0.0194537128562
3316,0.0194571772639
706,0.0194742152343
1021,0.0194793771117
3188,0.0194854035286
2557,0.0194921665681
1060,0.0194934675461
1426,0.0194942400317
2416,0.0195064223104
838,0.0195085033611
396,0.0195284447221
1373,0.0195345726391
792,0.0195367792152
2924,0.0195386932012
323,0.0195411700709
1284,0.0195456270677
3257,0.0195473451669
734,0.0195593074335
1100,0.0195669658028
3089,0.0195683520331
1716,0.0195698153583
1237,0.0195767451193
1282,0.0195804523325
1900,0.0195872330489
1495,0.0195953240739
3296,0.0195967895777
2950,0.019601954065
359,0.0196035565492
1502,0.0196056020978
403,0.0196076967603
3938,0.0196111235906
1729,0.0196131302288
848,0.0196217781689
272,0.0196252190158
1576,0.0196283703573
3258,0.0196299038488
1036,0.0196348175884
342,0.0196372370773
1484,0.0196506021947
580,0.0196506283548
1066,0.0196622800395
1587,0.0196655758168
2953,0.0196664294878
2318,0.0196723065445
1691,0.0196768711901
1196,0.0196883176091
104,0.0196937340284
1292,0.0196962235618
1261,0.0197055571693
1413,0.0197074506039
2310,0.0197154844857
2322,0.0197159450041
2425,0.0197165722083
3596,0.0197220077785
711,0.0197286140801
770,0.0197309587158
975,0.0197385001886
2296,0.0197417169633
1894,0.0197483020829
1019,0.0197531695457
1448,0.01975767564
1020,0.0197612479041
2887,0.0197621543996
489,0.0197670329062
1129,0.019770589743
3302,0.0197746734462
3545,0.0197747585831
2780,0.0197757325936
13,0.0197766468066
1909,0.0197770070592
1082,0.0197817615661
1009,0.019789621174
2605,0.0197896426288
3272,0.0197929174644
3111,0.0197957480939
797,0.0198004805483
1221,0.0198049168709
2443,0.0198049452827
2288,0.0198077265315
128,0.0198111974032
1519,0.0198178264588
1836,0.0198192466528
2454,0.0198203268319
313,0.0198212719079
297,0.0198219778931
3166,0.0198281992649
651,0.0198284585494
1824,0.0198346351228
737,0.0198349668388
1091,0.0198361834224
369,0.0198378918448
1379,0.0198438874076
172,0.0198497483701
2908,0.0198522437162
1881,0.019869544282
1595,0.0198761348277
2787,0.0198774471629
807,0.0198781226356
1404,0.0198804549372
223,0.0198810063609
954,0.0198944348136
118,0.0198957895624
236,0.0199030223341
2096,0.0199122071874
777,0.0199147691765
2185,0.0199169281465
1257,0.019916967138
1769,0.019919477368
641,0.0199206031044
2305,0.0199235249092
1432,0.0199284159456
835,0.0199304536173
3403,0.0199405614454
3422,0.0199494889988
1820,0.0199534646636
2389,0.0199534674793
213,0.0199565876239
3633,0.0199647152859
3213,0.0199649945882
3304,0.0199652812084
1063,0.0199672653321
3114,0.0199688580515
2406,0.0199711020542
3851,0.0199815013601
1018,0.0199830937808
3129,0.0199884051776
590,0.0199933151912
291,0.0199977369414
1120,0.0199978374485
3298,0.0200005987354
1273,0.0200047202597
748,0.0200055948335
2171,0.0200114627244
922,0.0200127127663
942,0.0200139186948
2599,0.0200349596532
1655,0.0200374829225
1720,0.0200376459033
1702,0.0200411132756
709,0.0200427230474
1812,0.0200427636598
1454,0.0200460227638
261,0.0200467190762
2640,0.0200562027098
161,0.0200724484418
926,0.0200762167452
902,0.0200766798867
2538,0.0200772294455
1862,0.0200821141946
2272,0.0200912625706
2976,0.0200981780552
2364,0.0201126473914
1859,0.020113502714
2001,0.0201139329285
3135,0.0201162797377
1303,0.0201166125445
1166,0.0201231439268
1995,0.0201244617677
3002,0.0201247279336
1872,0.0201295305984
741,0.0201355297789
3036,0.0201363206223
1647,0.0201388479101
3830,0.020143638982
1951,0.0201471195134
981,0.0201497878495
3137,0.0201547772489
1873,0.0201596730127
1771,0.0201634113898
3604,0.020168572432
1841,0.0201711575402
844,0.0201719565529
2459,0.0201834236586
474,0.0201901354316
141,0.0201903193779
831,0.0201910153397
224,0.0201942594492
2823,0.0201947709685
778,0.0201966335341
3577,0.0202072283934
758,0.0202087297684
3501,0.0202109075773
2009,0.0202127321734
1099,0.0202157103634
361,0.0202164524994
2024,0.0202195357028
803,0.0202235537481
2018,0.0202323237326
3756,0.0202398942726
3456,0.0202406194151
1427,0.0202410646497
988,0.0202424980691
3287,0.0202471571061
3023,0.0202488482485
3243,0.0202526998546
1102,0.0202599630736
3684,0.0202690483408
3948,0.0202694934625
2612,0.0202776740045
2581,0.0202798280334
528,0.0202882866515
1828,0.0202897984405
232,0.0202986849161
2907,0.0202998301834
1358,0.0203008647486
2531,0.020302157834
2914,0.0203040442395
334,0.0203087346524
972,0.0203163075272
1473,0.0203174726679
2665,0.0203201015808
185,0.0203205399541
984,0.0203210765288
2745,0.0203238463798
3877,0.0203273379688
653,0.0203278263989
3079,0.0203306156502
2522,0.0203335505646
693,0.0203377398726
1392,0.0203383003315
1396,0.0203409549344
3734,0.0203477206391
779,0.0203481174787
2977,0.0203576937231
1618,0.0203772133107
1944,0.0203775976852
211,0.0203875535034
2673,0.0203886596592
1069,0.0203887965424
2004,0.0203895703146
2705,0.0204029535912
941,0.0204112210986
1309,0.0204167111049
2313,0.0204167172321
1190,0.0204177328173
654,0.0204210464411
880,0.02042604349
762,0.0204292792707
2378,0.0204330464826
3448,0.0204382796438
324,0.0204394233973
502,0.0204443304409
755,0.0204469304193
3400,0.020456975112
2620,0.0204575143677
308,0.0204603881507
1279,0.0204650517999
1229,0.0204694324279
3800,0.0204705071052
2365,0.0204734349345
3495,0.0204774862681
1108,0.0204853705171
1706,0.0204858294463
2447,0.0204978283039
3449,0.0205015657873
1751,0.0205058257585
722,0.0205093882795
3611,0.0205109079625
2672,0.0205110768351
644,0.0205113737845
587,0.0205206380341
3253,0.0205327376515
2284,0.0205374325067
2708,0.0205460616885
1315,0.0205492903689
62,0.0205507479927
265,0.0205507732256
1732,0.0205588105137
3962,0.0205596683942
1919,0.0205615237975
783,0.0205622416248
2400,0.0205640621397
2785,0.0205729939764
3824,0.0205782455859
809,0.020591669677
72,0.0205992151979
372,0.0205996110518
1682,0.0206017464738
2022,0.0206020467883
751,0.0206030442901
2583,0.02060424518
3005,0.0206089088719
3191,0.0206163337262
1927,0.0206199085434
410,0.0206234439772
2730,0.0206314107723
490,0.0206426519407
1976,0.0206455815861
2645,0.0206471561938
794,0.0206658775104
82,0.0206669067903
1324,0.0206728928572
678,0.0206782915989
3034,0.0206842863377
1980,0.0206859946209
1998,0.0206916230876
1844,0.0206953832388
2141,0.0207019926931
1155,0.0207222622108
405,0.0207330576343
1080,0.0207332221595
1382,0.0207354523553
1903,0.0207516158837
1245,0.0207635779073
1550,0.0207680183786
795,0.0207733181609
2027,0.0207755238495
1281,0.0207755908109
3212,0.0207861224643
968,0.0207891775527
720,0.0207918788262
2854,0.0207974739182
1991,0.020798644808
2362,0.0207989733322
1638,0.020806904801
3838,0.0208155719071
3797,0.0208223476684
3692,0.0208267471538
913,0.0208326036082
3677,0.0208336251735
1921,0.0208415731117
2159,0.020846060346
2647,0.0208514509246
2648,0.0208575425233
2099,0.0208659014629
491,0.0208686162808
666,0.020871969638
2214,0.0208731095527
3118,0.0208764120351
1320,0.0208768506
55,0.0208801883624
3971,0.020880268862
2202,0.0208940218555
1700,0.020900370684
1935,0.0209064593547
1015,0.0209065030882
843,0.0209070734723
3303,0.0209130686652
1536,0.0209159646964
2660,0.0209182860268
1215,0.0209240191718
2006,0.0209244950167
2657,0.0209254568488
1574,0.0209292361477
2048,0.0209322904001
793,0.0209324440921
2987,0.0209334718461
3123,0.0209359005667
3586,0.0209385428846
1553,0.0209429344066
989,0.0209444737609
541,0.0209468851797
3097,0.0209549410927
3170,0.0209628286839
134,0.0209671055043
3966,0.0209735225963
765,0.0209801684404
3804,0.0209802352063
1848,0.0209960634892
1578,0.0209975378027
248,0.0210021052363
1907,0.0210036389877
3968,0.0210126910166
2061,0.0210174647161
3234,0.0210235325265
3926,0.021027050912
1582,0.0210329436063
2157,0.0210357396911
103,0.0210376899788
1115,0.0210409024208
3943,0.0210421815631
3488,0.0210448212291
2662,0.0210478511114
2225,0.0210528602819
3163,0.0210549903962
680,0.0210557175686
723,0.0210570178599
3160,0.0210600279398
2480,0.0210632538881
1913,0.0210776910692
2627,0.0210904118183
158,0.0210991168817
769,0.0211014514925
1914,0.0211045560471
3214,0.0211095257814
3674,0.0211193822401
3046,0.0211384678485
3366,0.0211431903809
1952,0.0211436131333
3860,0.0211450617558
470,0.0211489226587
3019,0.0211511003868
1438,0.0211560678798
1885,0.0211563712266
3651,0.0211577214332
3514,0.0211600324935
2019,0.0211634043976
3884,0.0211666421836
1626,0.0211752681255
2881,0.021178496008
276,0.0211898256661
1217,0.0212126965215
1790,0.0212166212648
2298,0.0212316945113
715,0.0212318849921
3841,0.0212341533554
3873,0.021239546126
3605,0.0212407968828
123,0.021244941113
837,0.0212505411052
238,0.0212632612375
2751,0.0212665554191
1911,0.0212688772066
1001,0.0212709291557
3790,0.0212737702718
1931,0.0212760155748
3136,0.0212787025553
592,0.0212906085935
3576,0.0212922301019
3687,0.0212942099743
730,0.0212952739452
2996,0.0212963042734
2636,0.0212963445019
1968,0.0212965323524
3702,0.0213001907983
1884,0.0213004418784
579,0.0213044764269
3016,0.0213103317456
3100,0.0213104856149
449,0.0213161000335
753,0.0213197221638
3721,0.0213277650246
1122,0.0213310001968
1508,0.021342083878
1429,0.021344260038
3902,0.0213548683522
66,0.021359362397
212,0.0213630018166
2761,0.0213632261584
2192,0.0213637569009
2659,0.021367939565
1451,0.0213701162676
2177,0.021370210822
3390,0.0213705528828
1692,0.0213736685598
759,0.0213775567411
3737,0.0213795666987
1635,0.0213797869599
407,0.0213884986634
1381,0.021391357214
3842,0.0213917011002
826,0.0213954265411
2011,0.0214063627687
1645,0.0214135086699
303,0.0214159763577
1616,0.0214201925401
596,0.0214206340414
2585,0.0214221683214
1807,0.0214237524608
1179,0.0214298131762
2921,0.0214454382249
1374,0.0214491220113
2840,0.0214507567398
1882,0.0214543998043
31,0.021456421142
2252,0.0214647821219
3625,0.021481152779
3377,0.021488989199
3672,0.021497303647
1794,0.021498139452
3385,0.0214998608357
1999,0.0215016120335
3148,0.0215225384351
540,0.0215227982708
2633,0.0215247648092
618,0.0215390946741
2413,0.0215527265712
3640,0.0215854771027
2731,0.0215880710461
2783,0.0216037391162
1350,0.0216044081872
1316,0.0216185939666
3107,0.0216199969176
2639,0.0216215142233
3260,0.021622199741
427,0.0216319795232
898,0.0216325621172
3237,0.02164626004
331,0.0216497929012
2494,0.0216545439342
3930,0.0216704570852
1982,0.021672119044
59,0.0216843924855
516,0.0216874265428
1957,0.0216900938172
3858,0.0216919421827
2297,0.0216921241351
1366,0.0217020305339
2958,0.0217024707612
357,0.021707002633
1497,0.0217088825789
1081,0.0217120789395
610,0.0217158106984
2684,0.0217161965403
3609,0.0217314626848
756,0.0217346748925
518,0.0217384566778
231,0.0217385612523
2641,0.0217469610872
1401,0.0217652765723
1159,0.0217672281051
2337,0.0217691806121
636,0.0217807957607
2871,0.0217828312436
2566,0.021783299496
290,0.0217848308695
3199,0.0217888827029
3518,0.021797432154
3203,0.0217979289252
1649,0.0217990723527
3750,0.0217992084715
3225,0.021801025578
2097,0.0218031590443
2981,0.0218283214351
919,0.021836611346
3007,0.021843115246
1728,0.0218631831295
385,0.0218645314892
3731,0.0218704598834
420,0.0218706450782
3233,0.0218887411254
3540,0.0218940108029
1630,0.0218950179809
2658,0.0218969530909
345,0.0218995909605
2891,0.0219012455515
3528,0.021936743593
619,0.021940779177
1874,0.0219452371773
339,0.0219502469553
1875,0.0219684198627
3475,0.0219717322202
2346,0.0219837154703
2713,0.0219865487888
79,0.0219866195569
2967,0.0219882289007
1318,0.0219885185678
3828,0.0219921321912
1313,0.0219967576699
2675,0.0219980855585
2724,0.0219999025786
3168,0.0220020355123
3525,0.0220143789725
1070,0.0220301920196
2733,0.0220361921
435,0.022036287856
1673,0.0220376469654
1406,0.0220413754257
1044,0.0220538834997
3,0.0220603602633
1525,0.0220766912638
3313,0.0220772719009
3693,0.022082133689
3162,0.0220916674836
3557,0.0220923897482
3440,0.0220936776401
617,0.0220946720793
1012,0.022104375712
148,0.0221087790849
3011,0.0221099220094
457,0.0221111959515
365,0.0221126442453
2797,0.0221200226147
690,0.0221273286331
1338,0.0221298481503
869,0.0221324559436
30,0.0221357953154
3578,0.0221506899434
969,0.0221539719194
382,0.0221670353511
2701,0.0221733187826
763,0.0221832428899
329,0.0221880528057
1113,0.0221909550811
597,0.0222149605446
2746,0.0222219027362
2000,0.0222241086199
2036,0.0222316543698
133,0.0222323822932
936,0.0222401284047
3480,0.0222466989237
1710,0.022250193245
1958,0.0222544866591
176,0.0222586869797
3319,0.0222603162443
1114,0.0222615593116
1764,0.0222688323506
75,0.0222755352319
3886,0.0222842943964
1565,0.0222911635381
930,0.022308599419
1436,0.022314998639
994,0.0223209471748
3087,0.0223252613088
1286,0.022328139524
1349,0.0223294430469
257,0.0223306064395
1514,0.0223314865455
3394,0.0223323660696
2085,0.022336315894
1767,0.0223454237932
1463,0.0223456171332
1740,0.022349305959
390,0.022349736146
1472,0.0223702698503
1569,0.0223719997452
1897,0.022373696731
1677,0.0223757761292
2845,0.0223875353799
2758,0.0223920342306
1703,0.0223920527306
1025,0.0223968520078
836,0.0224025660196
3072,0.0224062926007
971,0.0224149841263
554,0.0224242494423
2312,0.0224268347136
3635,0.0224322120432
3256,0.0224440826203
804,0.0224552846941
1744,0.0224655312025
3286,0.0224661151861
573,0.0224685854137
799,0.0224705273232
3041,0.0224817640995
1778,0.0224850106697
3542,0.022488563084
584,0.0224905528983
535,0.0224963454349
2917,0.0224965535465
761,0.0225032760363
589,0.0225045985454
677,0.0225140798056
549,0.0225179875914
246,0.022522335621
3263,0.0225404870689
1332,0.0225424880905
34,0.0225644467396
3219,0.0225661418536
1052,0.0225803639481
890,0.0225883359483
3327,0.0225934591578
1444,0.0225998418072
1818,0.0226064043129
3395,0.0226138497847
716,0.0226141683609
1300,0.0226427155159
2846,0.0226443513919
821,0.0226565131172
3177,0.0226618709721
2687,0.0226689931082
1512,0.0226747752445
1805,0.0226759523579
574,0.0226860899424
2718,0.0226866810168
1051,0.0226881893127
3294,0.0226996614311
2291,0.0227048549259
1501,0.0227108411319
1727,0.0227412564614
3527,0.0227607693263
1928,0.0227610263115
1592,0.0227611524076
105,0.0227657494649
812,0.0227728046294
2186,0.0227771195089
341,0.0227873423699
3039,0.0228014536654
3193,0.0228270672985
1170,0.0228282545384
1504,0.0228371106857
3697,0.022838294095
3207,0.0228436149308
3010,0.0228483481016
1446,0.0228603222448
2955,0.0228704513886
685,0.022873275842
2025,0.0228756233066
2205,0.0228794659486
2626,0.0228998202317
2844,0.0229072423334
1440,0.022911653264
1275,0.0229185668728
3741,0.0229252327006
3077,0.0229348822929
2932,0.0229401222137
1606,0.0229478262491
477,0.0229508826042
3491,0.0229663948502
710,0.0229747721512
2262,0.0229773719441
2126,0.0229937101811
1766,0.0230030700127
593,0.0230056179284
3209,0.0230093889369
1543,0.0230229734249
7,0.0230389308001
1545,0.0230489434689
3471,0.0230555089178
3730,0.0230738296949
3412,0.0230745100061
3018,0.0230885230154
1679,0.0230893297868
3306,0.0230957894242
1085,0.023102076828
1709,0.0231080215679
1699,0.0231145457898
1876,0.0231155705668
616,0.0231180485252
3438,0.0231216641755
3262,0.0231253816073
2435,0.0231302639504
1210,0.0231315791956
605,0.0231323011286
2584,0.0231491650174
3379,0.0231502481977
1357,0.0231922395444
586,0.0231930400039
3042,0.0232056430001
156,0.0232201182982
1780,0.0232235771931
3295,0.0232326883023
811,0.0232333790872
3618,0.0232513475619
1258,0.023255022696
933,0.0232553384284
3831,0.0232601302148
2832,0.023279178386
39,0.0232797430624
1965,0.0232879589541
889,0.0233041842961
3365,0.0233050378367
551,0.0233267800824
3889,0.0233413216985
1084,0.0233434382313
424,0.0233782079498
1878,0.0233867472905
3656,0.0233872801065
132,0.0233950328873
3670,0.02340574606
2948,0.0234145193526
2768,0.0234182733269
2715,0.0234372416996
3497,0.0234527076339
1674,0.0234554015035
3086,0.0234761565104
2984,0.0234794115994
3414,0.0234809344145
1321,0.0234863814355
1529,0.0234981378038
1850,0.0235085590946
1534,0.0235105710996
48,0.023512322762
1183,0.0235132748404
3913,0.0235181971843
3430,0.0235257981638
3215,0.0235325389954
3415,0.0235359020587
1142,0.0235414427783
3380,0.0235546905015
1503,0.0235609217438
10,0.0235700513075
3124,0.0235876834251
486,0.0235941580137
3341,0.0235951934312
3852,0.0236014244702
1408,0.023605164416
173,0.0236073360107
3080,0.0236078679573
87,0.0236104744388
1725,0.0236120042933
601,0.0236278368046
2830,0.0236286302189
2175,0.0236330682361
2361,0.0236354852914
948,0.0236370219153
2794,0.023641537659
1763,0.0236499184467
88,0.0236525720398
3462,0.02366695384
652,0.0236680717843
673,0.0236680717843
3196,0.0236754109232
598,0.0236755038255
3013,0.0237100949296
861,0.0237149651419
1549,0.0237260784971
625,0.0237313066196
2440,0.0237408029399
3421,0.023751899694
3845,0.0237540402761
2892,0.0237788235001
534,0.0238062676972
1505,0.0238107059872
1658,0.0238125801818
2711,0.0238174060573
862,0.0238284025593
45,0.023831298483
85,0.0238320615809
915,0.0238346339917
2728,0.0238404068953
1469,0.023849766835
3346,0.0238715814383
612,0.0238718994475
274,0.0238787069897
433,0.0238888310411
684,0.0239007230724
664,0.0239105184086
1496,0.0239245439883
381,0.0239268933079
663,0.023928688783
3642,0.0239334097412
1489,0.0239643591399
478,0.0239744876294
298,0.0239813032488
2050,0.0239829392547
1694,0.0239856237381
639,0.0240063424873
1095,0.0240142331123
480,0.0240364832139
3559,0.0240512676383
2737,0.0240545707533
3202,0.0240571067831
505,0.0240602534981
682,0.0240790531039
813,0.0240871292163
907,0.0240933501999
258,0.0240974970405
459,0.0240979569496
3009,0.0241000867139
2852,0.0241226312802
635,0.0241252569823
3331,0.024128415297
1283,0.0241468931389
818,0.0241502106348
2772,0.0241527076222
3517,0.0241651045748
509,0.0241836578335
1646,0.0242120153479
3259,0.0242539536528
603,0.0242559506476
3369,0.0242625934925
2739,0.0242632164717
3450,0.0242686281437
2231,0.0242733283733
1482,0.0242783845054
976,0.0242838572375
3667,0.0242852194556
1666,0.024297761683
700,0.0243131862137
53,0.0243196703391
65,0.0243202699777
655,0.0243287478141
863,0.0243294938429
876,0.0243294938429
1343,0.0243326135738
2859,0.0243337988685
2107,0.0243490038665
2568,0.0243491367518
1246,0.024356819129
2663,0.0243725880783
729,0.0243737826387
1770,0.0243787906944
1260,0.0243947348308
623,0.0243961760922
878,0.0244025995422
146,0.0244040500344
529,0.0244155759699
69,0.0244292282631
3785,0.0244303968152
3573,0.0244342031184
2775,0.0244355806255
268,0.0244360639743
1425,0.0244381902322
3337,0.0244392527506
626,0.0244529696569
1695,0.024469805492
2668,0.0244768696892
1037,0.0244771177522
631,0.0245062349405
3627,0.0245119332863
1858,0.0245150083962
1400,0.0245203821188
3062,0.024530763132
888,0.0245360894622
3707,0.0245451599382
3186,0.0245466781748
1239,0.024569559927
920,0.0245765684179
1686,0.0245837932215
924,0.024584332729
318,0.0245906740402
58,0.0245944596942
3075,0.0245986494796
2474,0.0246032370633
944,0.0246145996574
3187,0.0246298763785
2819,0.0246414810272
3255,0.0246500703817
130,0.0246552728841
371,0.0246586000253
1870,0.0246608320536
1,0.0246745903296
1397,0.024691640311
2371,0.0247023698661
3521,0.0247030998707
2066,0.0247054337156
656,0.0247100559747
2016,0.0247139269384
633,0.0247309109248
808,0.0247309284947
2540,0.0247340892181
882,0.0247466323551
1660,0.0247623234041
1704,0.0247733887259
1259,0.0247735415787
1656,0.0247938030616
568,0.0248023857567
314,0.024809914012
1738,0.0248135547898
611,0.0248220677361
1561,0.024832777619
588,0.0248525629774
3194,0.02486091146
3891,0.0248613420201
1171,0.0248682833944
3593,0.0248751496621
60,0.0249033437202
389,0.024911053754
1758,0.0249301476836
1355,0.024930809909
2829,0.0249477176841
2843,0.0249654169049
3924,0.0249769108289
2812,0.0249872154582
165,0.02500092028
1594,0.0250033489725
3793,0.0250079434453
1464,0.0250092418217
3452,0.0250613196358
1226,0.0250682378395
222,0.0250697272842
3109,0.0251044505156
2228,0.0251128401921
3683,0.0251248967732
1143,0.0251262488334
1152,0.0251341765969
4023,0.0251410875931
3788,0.0251421272889
3680,0.0251640363612
3550,0.0251693330915
2784,0.0251779344279
851,0.0251781809698
3906,0.0251798915844
3762,0.0251918557039
742,0.0251941788944
221,0.0252225875825
2448,0.0252301838263
3703,0.0252401087508
1975,0.0252431492927
846,0.0252485764533
50,0.0252626459918
1726,0.0252658921797
1337,0.0252665607882
121,0.0252767705969
962,0.0252782670164
3264,0.0252803495091
1507,0.025299223818
522,0.0253065735884
4030,0.0253231948939
1167,0.025327886686
1189,0.0253313664022
3001,0.0253366191172
2759,0.0253468632767
1041,0.0253482857723
3223,0.0253489104078
3020,0.0253537494059
2317,0.0253589135301
1418,0.0253606767166
1007,0.0253612475832
3176,0.0254013392924
3654,0.0254029753838
1678,0.0254035343755
1419,0.0254075099071
1883,0.0254079286289
1852,0.0254344188361
1241,0.0254345827527
3760,0.0254437438195
3574,0.0254503665412
3758,0.0254553109327
2965,0.0254624368821
1294,0.0254639163629
3584,0.025480711586
3485,0.0254847180186
3289,0.0254854205609
1188,0.025486074333
3506,0.0254866567171
1225,0.0254880762061
3558,0.0254917959168
1299,0.0254972031649
2686,0.0254981829526
1450,0.0255011102668
3780,0.0255097578644
2802,0.0255189607562
1625,0.0255224022613
3869,0.0255226473905
1634,0.0255263524094
1109,0.0255532824992
3794,0.0255539678722
249,0.0255674905578
3658,0.0255812774747
3951,0.0255865193906
3192,0.0255997888624
1960,0.0256106038161
242,0.0256206236972
1223,0.0256403852632
865,0.025640419222
868,0.025640419222
575,0.0256527609967
2012,0.0256611906932
29,0.0256712491488
3431,0.0256738179796
3563,0.0256791449149
2865,0.0256857553229
1236,0.0256942690705
3112,0.0257012821479
84,0.0257100067397
2707,0.025712095887
3833,0.0257135080193
3273,0.025716137599
1247,0.0257329556144
2836,0.0257463369171
208,0.0257955474519
1671,0.0257955915273
1801,0.025797314552
740,0.0257984297543
3826,0.0258108905758
2335,0.0258138807919
2702,0.0258151611402
2622,0.0258265291466
3279,0.0258282286527
3359,0.0258367396788
3736,0.0258522463822
295,0.0258631656996
1526,0.0258709726049
1860,0.0258807057886
1830,0.0258852480091
2628,0.0258853150761
991,0.0258868227644
3276,0.0258924684275
1781,0.0259044926737
2453,0.025911296316
3032,0.0259161498681
3285,0.0259318795265
1422,0.0259328417014
990,0.0259339476168
3900,0.0259347420031
2023,0.025940048116
380,0.0259418247658
850,0.025942725193
3058,0.0259431849335
3705,0.0259478679097
3211,0.0259562064303
2876,0.0259698629046
3947,0.025970134788
178,0.0259709127558
204,0.0259754373468
1310,0.0259779465014
2947,0.0259782807186
472,0.025978509676
1773,0.0259931974714
1785,0.0260034220737
3093,0.026012004294
3810,0.0260149683047
94,0.0260512262506
1220,0.0260644893487
2411,0.0260820868836
2342,0.026085284044
2049,0.0260998393716
344,0.0261213989263
1642,0.0261234705657
2938,0.0261256085523
2488,0.0261410301037
672,0.0261456331785
3982,0.0261473277105
1624,0.0261550668961
3718,0.0261569944607
429,0.0261606279655
3367,0.0261818861818
1010,0.026184252584
1296,0.0261865800302
3373,0.0261884177948
3356,0.0261912222894
886,0.0261977755727
3556,0.0262078899695
1775,0.0262134308506
2825,0.0262165531141
3281,0.02622111979
3486,0.0262225749724
3357,0.0262240142819
1411,0.0262276851812
2401,0.0262324554485
1011,0.0262411686914
736,0.0262487758306
3110,0.0262539308402
1500,0.0262642816026
3484,0.0262648407457
2091,0.0262766053453
622,0.0262772245961
80,0.0262774360862
1779,0.0262814530694
1906,0.0262889071465
125,0.0262966438073
721,0.0263054048134
3189,0.0263121495484
2978,0.0263145500928
3569,0.026317285679
2035,0.0263296449968
1541,0.0263380618152
1930,0.0263396908683
485,0.0263410449213
2690,0.0263458967813
2809,0.0263654920781
2762,0.0263666282013
3617,0.0263683139929
2207,0.026373464333
5,0.0263758841985
2270,0.0263759073234
3533,0.0263786335478
3944,0.0263825850568
2426,0.0263827885734
2883,0.0263873887611
1348,0.0263971557862
3409,0.0264052757988
1575,0.0264083289105
3929,0.0264226000939
2236,0.0264771666902
3822,0.0264980545831
466,0.0265099016558
3092,0.026514192717
1887,0.0265393857453
2644,0.0265648582417
2695,0.0265819538742
4031,0.0265858077813
3714,0.0266004793514
3275,0.0266043940545
735,0.0266059857813
159,0.0266060093773
2870,0.0266198898393
583,0.0266209885558
3103,0.0266248119426
3463,0.0266281219694
4014,0.0266316426153
578,0.0266550545287
627,0.0266550545287
658,0.0266550545287
659,0.0266550545287
2618,0.0266638114932
3568,0.0266715999534
2868,0.0266727644113
1306,0.0266778340018
3722,0.0266790904673
662,0.0266826253646
2779,0.0266865122005
1371,0.0266955293434
647,0.0267049156762
2397,0.0267180075083
670,0.026718064974
3503,0.0267244676475
3997,0.0267298459414
3393,0.0267369696757
3998,0.0267414993529
782,0.0267514758303
600,0.0267595846781
643,0.0267595846781
661,0.0267595846781
640,0.0267652399498
3832,0.0267704280518
615,0.0267734880003
3024,0.0267766318798
3248,0.0267979197253
346,0.0268024442301
599,0.0268084349369
3969,0.0268084984856
675,0.0268103724759
577,0.0268314383271
3870,0.0268420007862
3711,0.0268580282851
3069,0.0268628772727
681,0.026888887086
3221,0.0269049366213
3235,0.0269193842926
3404,0.0269222097431
1481,0.0269364209006
3512,0.0269461759854
63,0.026948469655
733,0.0269608748873
3352,0.0269681655315
582,0.0269869310801
632,0.0269876166877
2841,0.0269886413248
3706,0.0269914499885
2848,0.0270101235296
650,0.0270129867697
798,0.027045904535
1121,0.0270655664086
2995,0.027093946858
120,0.0271088618988
3151,0.0271122129888
4021,0.0271188230773
2764,0.0271268736019
2813,0.0271367416469
3994,0.0271528903606
3509,0.0271579294893
168,0.0271641641325
533,0.0271668213673
825,0.02717279331
1904,0.0271897616806
1415,0.0271917830417
4009,0.0272020746007
3526,0.0272042277476
196,0.027217822408
3782,0.0272267669964
3231,0.0272319676123
302,0.0272325863092
1453,0.0272367278544
57,0.0272629799109
2277,0.0272658337782
3326,0.0272942844396
679,0.0273014337846
1492,0.0273020090485
3236,0.0273184424291
964,0.0273201065682
2795,0.027323991756
1304,0.0273308307677
2197,0.0273486987501
657,0.0273502521183
1131,0.0273510717953
3796,0.0273642839732
2514,0.0273718789595
595,0.0273804362098
3590,0.0273866775615
198,0.0273873742831
1311,0.0273961214351
3210,0.0274036950661
3529,0.0274162536211
338,0.0274320203133
1165,0.0274330442694
1633,0.0274333962308
2999,0.0274407247103
1412,0.0274417383845
671,0.0274561161607
3315,0.0274995834324
771,0.0275132783452
1681,0.0275217422442
3442,0.0275246940886
2803,0.0275276134616
2979,0.027533148246
2851,0.0275517575187
2766,0.0275532786005
768,0.0275542128963
171,0.0275760501118
3786,0.0275996230264
3278,0.0276010246365
3629,0.0276040533885
3829,0.0276109145933
3455,0.0276134822116
4004,0.0276257669542
22,0.027627008102
16,0.0276273116499
1035,0.0276344417413
2173,0.0276430708668
2286,0.0276532665154
3420,0.0276734818065
1537,0.0277107511043
1139,0.0277109574212
281,0.0277111319648
786,0.0277181042469
3139,0.0277185641597
3643,0.0277254649368
1672,0.0277370038868
3591,0.0277428730932
2726,0.0277631495275
1745,0.0277636492043
2918,0.0277651198906
3157,0.0277673696025
3088,0.0277818017865
4038,0.0278025548748
3171,0.0278140137614
1815,0.0278157716767
1428,0.0278264577119
1106,0.0278285304024
1062,0.027844680152
905,0.0278558137662
2452,0.027864849117
2789,0.0278705606845
3068,0.027914530794
665,0.0279146191351
150,0.0279277602384
3909,0.0279332821231
3307,0.0279704748214
2129,0.0279709152361
3921,0.0279826542153
2821,0.0279881167961
3768,0.0279940351525
3081,0.0279994878085
3173,0.028001525753
38,0.0280029052811
3603,0.0280049955616
3468,0.0280062170157
2534,0.028025599822
3835,0.0280267030473
3167,0.0280351741955
2734,0.0280566804132
3872,0.0280573163412
1988,0.0280645806861
3043,0.0280684648157
2831,0.0280769102842
3713,0.028078010457
3779,0.028080251367
2990,0.0280969817935
3599,0.0281152735591
3458,0.0281179571452
284,0.0281353095702
3534,0.0281356620713
833,0.0281489330866
3493,0.0281575577517
184,0.0281691100002
4019,0.0281786884775
2497,0.0281884664885
3896,0.0281979016072
1787,0.0282010980014
2964,0.0282021583041
4018,0.028211739673
3329,0.0282177303541
998,0.0282223407114
776,0.0282411383714
3728,0.0282528575566
2545,0.028254027323
92,0.028254973979
949,0.0282579684859
3464,0.0282591939785
2089,0.0282645595788
180,0.0282659944442
4026,0.0282907669512
3764,0.0282979418608
3867,0.0283014993619
3681,0.0283050219957
3817,0.0283058471873
3907,0.0283092671702
3340,0.028320720834
2807,0.02835063177
3095,0.0283621778311
3712,0.0283843617445
3740,0.0283954607355
3945,0.0284150135979
3553,0.0284199908406
1650,0.0284251712052
250,0.0284375505202
864,0.0284470967379
2162,0.0284500479203
1667,0.0284603147332
3710,0.0284659633436
2735,0.0284728355069
3719,0.0284879737381
3555,0.0285107417413
3753,0.0285267404991
194,0.0285304503932
1531,0.0285504348205
3623,0.0285614466361
2260,0.0285641003577
3986,0.0285649095659
299,0.0285679817155
3981,0.0285746155164
3601,0.0285751491725
667,0.0285793934536
1853,0.0285825764698
1490,0.0285994418838
1950,0.0286067850375
965,0.0286130745798
1544,0.0286136283814
3931,0.028656225763
1585,0.028664559951
3469,0.0286652825391
3496,0.0286666828825
3050,0.028705629019
2314,0.0287082018274
320,0.0287105960384
973,0.0287348401993
197,0.0287480098108
3646,0.0287504139621
1414,0.0287700062928
101,0.0287813097561
816,0.0287823644897
2900,0.0287920397896
1990,0.0287940543049
1042,0.028814160979
3995,0.0288484783064
266,0.028848867169
3636,0.0288548505601
3738,0.0288562353636
3915,0.0288639084086
3755,0.0288973982244
576,0.0289036614575
330,0.028930810552
251,0.0289313633331
1417,0.0289353591612
1969,0.0289391293562
3312,0.0289402252979
3249,0.0289439862659
1072,0.0289445826564
3328,0.0289485529353
2696,0.0289503717786
127,0.0289584600245
3241,0.0289669780098
1651,0.028977971948
2682,0.0289862076818
4013,0.0289912688198
871,0.0289988846349
4020,0.0290109226856
746,0.0290329383087
571,0.0290346277494
2723,0.0290377876988
2747,0.0290398832019
2403,0.0290498958917
3880,0.0290523363971
3094,0.029053126941
1936,0.0290694412082
2082,0.0290718894911
1631,0.0290945258422
3178,0.0291026050258
1527,0.0291053789865
254,0.0291211224563
3245,0.0291216064546
2816,0.0291328049013
1743,0.0291347512293
2888,0.0291413954334
3144,0.0291536424921
3976,0.0291765075305
3460,0.02918701374
2667,0.0291893565691
951,0.0292196692772
108,0.0292198179759
2248,0.02923575487
1733,0.0292369980367
24,0.0292373206103
3608,0.0292484088847
1533,0.0292502476731
2503,0.0292691262363
3620,0.0292801103992
1216,0.0292860160234
2856,0.029286242745
1831,0.0292896557075
3561,0.029291860913
3197,0.0293100568023
54,0.0293173123719
1697,0.0293246488288
3648,0.0293286849429
3903,0.0293315198736
977,0.0293401756594
4003,0.0293513009589
893,0.0293583478613
4002,0.0293691449136
3388,0.0293694934185
288,0.0293747832062
3866,0.0293918974423
3498,0.0294052099122
2080,0.0294063134011
3410,0.0294105989644
903,0.0294172561091
2769,0.0294231133558
1228,0.0294320731246
1314,0.0294352571851
4017,0.0294602026157
217,0.029463262978
3229,0.0294857453778
498,0.0294863687018
2146,0.0294877324013
106,0.0295235425212
2818,0.0295322996946
3492,0.0295381880988
3988,0.0295513076162
940,0.0295685749125
3690,0.0295799036495
3821,0.0295943278731
3615,0.0295955960413
992,0.0296017451959
3940,0.0296169373245
1817,0.0296294943636
3818,0.0296340631297
2934,0.0296385135118
3934,0.0296398022387
1213,0.0296417267334
2968,0.0296455244111
187,0.0296500862797
260,0.0296517225569
3138,0.0296625836517
822,0.0296697615161
4000,0.0296932351881
311,0.0297034014343
3803,0.0297362886895
1548,0.0297433971785
3454,0.0297595104172
3392,0.0297658512513
96,0.029773561387
2014,0.0297881276397
73,0.0297960433633
3802,0.029801213012
2923,0.029804089156
3989,0.0298082454845
3645,0.0298255780629
1434,0.0298267367796
2341,0.0298378809794
1978,0.0298446960552
963,0.0298717728844
1518,0.0298742465455
3044,0.0298754261173
3499,0.0298773456604
938,0.0298867194703
914,0.029894820801
2517,0.0299036842916
3735,0.0299129774459
2193,0.0299279267242
1077,0.0299294507994
3466,0.029931523461
3443,0.0299399960688
448,0.0299413927333
1847,0.0299588667339
1910,0.0299732844615
2878,0.0299770893552
3855,0.0299846418282
628,0.029998423036
3621,0.0300022340277
3358,0.0300068114052
1895,0.030007703525
3634,0.0300332531894
3371,0.0300551972779
3474,0.0300557634074
1901,0.0300708358955
2166,0.0301021341667
2493,0.0301067892791
3761,0.03011658421
1670,0.0301270792235
2710,0.0301363508973
2114,0.0301501896953
3862,0.0301517185162
3505,0.03016030192
562,0.0301634911659
1869,0.0301780845317
3850,0.030186790346
1562,0.0301894642895
3205,0.0301929935149
3554,0.0301974702904
2693,0.0302110734034
207,0.0302111788094
3254,0.0302169014813
1739,0.0302216119333
235,0.0302369367038
1161,0.0302378922094
3153,0.0302422145851
2160,0.0302660388396
3784,0.0302697684726
3520,0.0303102397892
1837,0.0303165175434
3418,0.0303180146543
1687,0.0303342468792
1308,0.0304086663279
3815,0.0304186548451
1169,0.0304288414418
64,0.0304292519993
189,0.0304292519993
2120,0.0304406995243
1564,0.0304415110384
2256,0.0304617111806
1441,0.0304650877825
2182,0.0304691524781
2577,0.0304744964782
1274,0.0304925454959
3592,0.0304983599552
1808,0.0305012855264
2677,0.030507507903
3956,0.0305087812063
1385,0.0305114523284
2013,0.0305189550499
349,0.0305237172963
3349,0.0305290371955
229,0.0305427275885
1118,0.0305470970565
3323,0.0305578614875
1452,0.0305580798291
621,0.0305597542646
1097,0.0305672331596
3825,0.0305690502114
2685,0.0305723127775
3048,0.0305724429232
857,0.0305841899486
1141,0.0305853717147
3552,0.0305897842118
901,0.0305998040281
2961,0.0306100383557
3881,0.0306178013833
3510,0.0306201975268
2412,0.0306242732525
1333,0.0306257643976
3057,0.030631721521
3461,0.0306356033599
1127,0.0306440035077
1798,0.0306457424206
3334,0.0306515810638
704,0.0306623990003
790,0.0306649867053
2656,0.0306887285323
1601,0.0306888072075
1378,0.0306991125439
2942,0.0307365859336
2523,0.0307435065173
3015,0.0307521633707
1364,0.0307714411025
1880,0.0307759133889
2580,0.030780530651
3792,0.0308275713816
3133,0.0308419844735
3457,0.0308433336697
629,0.0308435680933
2265,0.0308478238001
3927,0.0308521142228
1468,0.0308527654113
3773,0.0308689840817
1568,0.0308784658964
2358,0.0308881715163
3067,0.0308941749113
2858,0.0308975847271
2442,0.0309031550761
4011,0.0309116645154
2402,0.0309225658247
1232,0.0309434135709
269,0.0309459269764
1498,0.0309541417364
908,0.0309684720177
2895,0.0309810506103
2791,0.0310041830076
789,0.0310067291744
2744,0.0310439737144
2119,0.0310443654
3993,0.0310554731838
1263,0.0310663839127
3972,0.0310836805994
2962,0.0310937269585
3535,0.0310974508626
3508,0.031123439262
2811,0.0311346644364
340,0.0311388052583
2405,0.0311454091519
1013,0.0311487395215
1187,0.0311659529855
1244,0.0311664170176
1005,0.0311795607743
3470,0.0311868164658
839,0.0312095303081
3383,0.0312376209078
3242,0.0312474385509
854,0.0312479102383
1593,0.0312537879933
3300,0.0312560598589
2804,0.0312707929395
3763,0.0312816526834
2230,0.0312976646182
3715,0.0312998994467
3156,0.0313004030707
2941,0.0313055703023
1319,0.0313092325321
3752,0.0313198231152
1133,0.0313203560214
3524,0.0313463042607
3698,0.0313510429541
3547,0.0313537794299
2801,0.0313862161949
1137,0.0313869505815
3222,0.0314073938523
3246,0.031421960272
2614,0.0314284514964
3769,0.0314293599958
3343,0.0314323452411
1566,0.03143408893
806,0.0314380436816
3937,0.0314396556603
3292,0.0314489795082
3602,0.0314512046023
3361,0.031456334745
3208,0.0314599426472
1360,0.0314602927774
1212,0.0314653926621
3663,0.031484439101
2570,0.0314918220786
270,0.0314978725587
437,0.0314982520616
100,0.031502771998
1555,0.0315048157985
1629,0.0315107537093
3918,0.0315220585811
126,0.0315267521405
3511,0.0315304207996
1806,0.0315305156791
317,0.0315328090143
1493,0.0315356516999
2957,0.0315447737551
712,0.0315601825478
1064,0.0315638590008
3270,0.0315655319733
2156,0.0315831443218
3778,0.0316554748742
3459,0.0316631427745
3726,0.031698022177
3244,0.0317038408827
27,0.0317086635786
3370,0.031712084137
796,0.0317151447137
1506,0.0317163740056
2837,0.0317227952055
1055,0.0317467342721
714,0.0317473485769
2562,0.0317510579174
2490,0.031751926124
117,0.0317577962218
347,0.0317657260155
1648,0.0317722848959
3612,0.0317756654082
3861,0.0317792503405
958,0.0317880947682
1317,0.0317893246542
2070,0.0318122407065
2697,0.0318144495309
1567,0.0318278196723
1866,0.031844415329
3685,0.0318511351516
3985,0.0318637686011
3472,0.0318696447712
3765,0.0318860308904
1698,0.0319167121772
283,0.0319168553378
3631,0.0319567741737
1602,0.031958012553
3543,0.0319693127286
1136,0.0320088544804
1511,0.0320244421628
1424,0.0320258186501
3164,0.0320501328292
3564,0.0320565060214
1797,0.0320630249239
4027,0.032063578562
2980,0.032069819718
3973,0.0320910319623
2130,0.0320948036396
2727,0.0320975775565
1934,0.0321079338919
3130,0.0321085246566
1756,0.0321486110608
1654,0.0321539872634
129,0.0321854667308
2822,0.0322297541011
900,0.0322511901692
3630,0.0322549414599
312,0.0322712854394
732,0.032276412406
3895,0.0322871914749
1696,0.0322910341768
41,0.0322938951325
2455,0.0322976573803
2882,0.0323025589656
1249,0.032302764187
163,0.0323086000666
1307,0.0323178226394
2790,0.0323307395819
3957,0.0323329597257
326,0.032336391731
4037,0.032349662596
77,0.0323533247459
1825,0.0323910767197
1363,0.0323986109522
3876,0.0324041582091
1747,0.0324294209434
3666,0.0324346148473
115,0.0324625893482
1974,0.032505216596
1093,0.0325162502968
2847,0.0325227082499
1977,0.032553391308
3970,0.0325847343026
1089,0.0325975756579
3402,0.0326010587224
51,0.0326027629254
83,0.0326027629254
237,0.0326027629254
1098,0.032657005415
707,0.0326636123322
3436,0.0326644090534
1150,0.0326649241167
3777,0.0326671302643
2933,0.0326730650983
1455,0.0326883281006
3668,0.0327088222537
116,0.0327130363635
343,0.0327335134227
1266,0.0327544029613
3840,0.0327618456166
931,0.0327632397046
1829,0.0327732215808
2152,0.0328109884512
3991,0.0328842318055
2855,0.0328920687405
3614,0.0329118897075
3515,0.0329229506625
2219,0.032927660216
14,0.0329426592807
3405,0.032953177241
214,0.0329693371881
3548,0.0329876602508
3061,0.0329889430962
2316,0.033001624363
3914,0.0330113891162
1588,0.0330152256747
867,0.0330255795533
1705,0.0330260775068
1140,0.0330564120625
2678,0.0330698909516
872,0.0330756173123
874,0.0330756173123
144,0.0330800216718
3958,0.0330915111762
2760,0.0330926077392
2181,0.0330984015242
2692,0.0331069741596
1803,0.0331207758619
1442,0.0331237935194
1151,0.0331336963618
2826,0.0331590996613
1421,0.0331725474751
885,0.0331797858921
1905,0.0331867640808
2587,0.0331891205746
3898,0.0331990948987
3795,0.0332053578363
3572,0.0332061924667
3479,0.0332064584296
3562,0.0332064584296
3613,0.0332064584296
3649,0.0332064584296
3695,0.0332064584296
3883,0.0332064584296
530,0.0332132565192
3159,0.0332232689503
175,0.0332328841697
226,0.0332577670958
3516,0.0332712751179
1748,0.0332795573835
3481,0.0332939871632
3523,0.0332939871632
873,0.03332389544
887,0.03332389544
3532,0.0333569351356
1784,0.0333660727329
3639,0.0333689197818
3919,0.0333689197818
1186,0.0333733348168
1922,0.0333824032843
725,0.0333836030085
17,0.0333848886112
1494,0.0333865465443
2820,0.0333876300094
3770,0.0333984355748
20,0.0334311324231
2688,0.0334340362922
3594,0.0334358510546
1615,0.0334515293025
3374,0.0334807377088
2651,0.0335084569298
1022,0.0335244218573
1749,0.033528503701
3483,0.0335377678324
3429,0.0335580498097
3190,0.033570272788
300,0.0335712116978
406,0.033600150824
2424,0.0336009375739
2158,0.0336080495462
28,0.0336480329932
3522,0.0336532732681
961,0.0336728979231
2954,0.0337012485381
149,0.0337249111594
943,0.0337253341791
1719,0.0337449368401
986,0.0337590336313
140,0.0337688839637
336,0.0337895617762
2357,0.0337974035953
1599,0.0337987412112
2884,0.033802235634
3827,0.0338029438518
2725,0.0338276277248
3628,0.0338301310698
3482,0.0338492603088
3950,0.0338648842582
3155,0.0338834094769
3823,0.0338893170797
791,0.033894328217
1433,0.0338949499712
2170,0.033904766658
3217,0.0339214704636
2771,0.0339322225421
1268,0.0339528341645
3165,0.0339605189996
1410,0.0339782025416
3622,0.0339814036174
383,0.0339818244394
36,0.0339951778151
1356,0.0340104453274
2360,0.0340295890023
3843,0.0340440184196
2752,0.0340508413176
3772,0.0340867799853
689,0.0340915271399
1103,0.0340921393819
2105,0.03412257589
3598,0.0341344402522
3686,0.0341385285731
1933,0.0341491397561
3878,0.0341521291136
137,0.0341655875754
139,0.0341661821215
111,0.0341748405248
767,0.0341995696253
974,0.0342066954124
1073,0.0342073715597
1090,0.0342153691026
1197,0.034218486381
3030,0.0342195373385
3644,0.0342586968485
3175,0.0343101224145
2997,0.0343140018664
135,0.034329448136
309,0.034329448136
2709,0.0343411138927
3583,0.034349544824
832,0.0343598427469
1478,0.0343688702726
2700,0.0343867942193
1342,0.0344188613782
1461,0.0344278508634
3759,0.0344361530204
1144,0.0344501084507
691,0.0344854075841
1000,0.0344927754217
702,0.0344946696513
3936,0.0344949581855
2373,0.0344971015987
1384,0.034503603533
3791,0.0345091996016
2935,0.0345168919872
3836,0.0345265360531
877,0.034529439689
2008,0.0345384357209
3467,0.0345439102343
3502,0.0345495973372
19,0.0345646639368
2898,0.0345666768602
884,0.0345788808847
1641,0.0345846933271
2,0.0346060084947
3747,0.0346236513024
3767,0.0346317020588
2051,0.034641368694
1328,0.0346455162897
3519,0.0346499270213
1814,0.0346689093353
1134,0.0346721957024
2251,0.0346724794173
1777,0.0347072977142
3888,0.0347270496566
76,0.034728359066
3669,0.0347333701133
3700,0.0347333701133
3813,0.0347333701133
3864,0.0347333701133
3911,0.0347333701133
2722,0.034733872067
1325,0.0347465930804
3928,0.0347538157996
1892,0.034755381153
294,0.0347696524975
164,0.0347902702475
1262,0.0348033753754
2466,0.0348237666007
3754,0.0348345407959
3425,0.0348564369933
1234,0.0348600726296
3560,0.0348842760124
3691,0.0348842760124
3717,0.0348842760124
3744,0.0348842760124
2227,0.0348961552198
935,0.0349216524345
1094,0.0349356319838
2217,0.0349405705225
1802,0.0349466914764
4034,0.0349526911596
802,0.0349618403085
3933,0.034974330835
3308,0.0350035993876
970,0.0350203182847
939,0.0350458595772
1178,0.0350485795041
1088,0.0350498572071
3941,0.0350839231647
1058,0.0350845602053
3266,0.0351302795673
881,0.0351354390124
3507,0.0351359508513
3500,0.0351377463558
3834,0.0351574032749
2238,0.0351649588324
1033,0.0351705187749
3776,0.0351751688427
3847,0.0351764196362
3908,0.0351770988119
1023,0.0351892543287
1961,0.0351937801259
1711,0.03519796698
870,0.0352335592367
2456,0.035253668449
2558,0.0352842759954
3661,0.0352920351603
3610,0.0353114038528
3487,0.0353357741291
3837,0.0353491213375
234,0.0353667623265
3477,0.0353720799416
3671,0.0354141659614
1865,0.0354365923538
895,0.0354715909279
1346,0.0354869294253
2903,0.0355138503865
3960,0.0355145435777
3978,0.0355169365191
3964,0.0355176024836
1147,0.0355233557
757,0.0355281811516
1731,0.0355309607959
1855,0.0355361743417
1162,0.0355365164769
3839,0.0355445513371
3996,0.0355460374096
660,0.0355567276347
1856,0.0355758136971
162,0.0355908585257
2076,0.0356044863952
3757,0.0356162907195
3465,0.0356216077266
3579,0.0356216077266
2486,0.0356310614211
3774,0.0356319092933
879,0.0356484952968
3161,0.0356498626142
3105,0.0356803908546
912,0.0356884573646
1521,0.0357048392892
858,0.0357081006423
2963,0.0357195789447
3975,0.0357244642197
3708,0.0357324657814
3723,0.0357353750164
1174,0.0357554258762
3571,0.0357566104062
1949,0.0357575834448
3961,0.0357732013721
3977,0.0357986349445
310,0.035799154343
3099,0.0358598422365
3967,0.0358603174211
1445,0.0358730770008
2450,0.0358785628375
151,0.035896487881
3659,0.035896536709
4033,0.0359125488662
464,0.0359192382533
3398,0.0359217022161
124,0.0359333889297
1477,0.0359453071046
3587,0.0359496227192
2349,0.0359628126829
3478,0.0359701485483
1676,0.0359704964476
785,0.0359821188998
3809,0.0359869790851
1008,0.0359951138167
3920,0.0360024462974
2505,0.0360081053558
1924,0.0360137904375
2388,0.0360202084697
2632,0.0360307272124
2798,0.0360445933524
4005,0.0360448060884
2983,0.0360583105509
3597,0.0360590224303
750,0.0360623319691
44,0.036074133725
3992,0.0360959730564
3999,0.0361222648587
3979,0.0361280391498
2513,0.0361531974508
3655,0.0361569363717
1251,0.0361601118487
3476,0.0361962356569
1276,0.0361965289808
2860,0.0362159581455
1915,0.0362472156608
3696,0.0362625497928
532,0.03629384936
3338,0.0363045889066
3427,0.0363045889066
3309,0.0363116827659
3006,0.036314512723
3269,0.0363185935384
3424,0.0363399300623
2650,0.0363547125928
2380,0.0363561247007
923,0.0363746668781
3783,0.036381249994
950,0.0364089249105
307,0.036422430071
2444,0.0364310720944
3805,0.0364497227909
3893,0.0364626153093
2113,0.0364640454086
3675,0.0364641621618
2926,0.0364790531431
3701,0.0364927684022
2320,0.0364981289974
2041,0.0365091777027
788,0.0365099970075
23,0.0365149566188
1057,0.0365153833663
3389,0.0365196078138
3725,0.0365341910007
3743,0.0365341910007
333,0.0365351449603
3538,0.03653709189
3317,0.0365567788971
3333,0.0365590536993
3868,0.0365609145996
1908,0.0365888273334
3865,0.0365891039443
153,0.0365957402665
227,0.0365987211487
243,0.0366156549402
202,0.0366454076485
3473,0.0366454788582
1992,0.0366728671424
3539,0.0366758914833
744,0.0366929875923
1038,0.0366932894664
2439,0.036702050507
2548,0.0367257724019
3227,0.036732630364
3912,0.0367490127885
3600,0.036755945263
3063,0.0367784269105
2100,0.0367869157084
1248,0.0367909144121
3012,0.0368002655098
1708,0.0368302228387
2375,0.0368363622594
3739,0.0368463625192
3637,0.0368577650837
3917,0.0368771449827
3874,0.0368785907212
3567,0.0368799025394
2422,0.0369065275062
3641,0.0369103092018
3595,0.0369180057899
2528,0.0369206883335
2263,0.036921368727
2621,0.0369291457978
3607,0.0369482122191
3565,0.0369544414
3664,0.0369566794789
2949,0.036957919939
3028,0.036964445934
2431,0.0369759330438
2515,0.0369900062441
384,0.0369909493153
552,0.0369909493153
3766,0.0369974450448
2441,0.0370065154984
3892,0.0370170359087
2889,0.0370182448964
3368,0.0370261945893
1840,0.037029960162
99,0.0370301161359
2736,0.037047191231
337,0.0370579490601
1193,0.037062868372
866,0.0370658001172
3724,0.037072541733
191,0.0370770209003
3819,0.0370991595454
1154,0.0371185373637
3318,0.0371431940976
3305,0.037152412957
93,0.0371842986863
3581,0.0371844160595
3859,0.0371858026315
1664,0.0371891810758
3066,0.0371908272504
3657,0.0371909330043
3541,0.0371931119365
3904,0.037235105613
1168,0.0372441228636
1552,0.0372683883907
1640,0.037281135877
3504,0.0373119614684
1443,0.0373297589271
3857,0.0373508417315
152,0.0373516699329
1387,0.0373520687651
1967,0.037397397592
3290,0.0374050478451
3428,0.0374059212532
743,0.037443969184
2893,0.0374793215678
1203,0.0374806615172
3325,0.037482818404
987,0.0374852715322
177,0.0374905578949
225,0.0375137740017
3678,0.0375740628851
649,0.037585082901
143,0.0375906968165
3575,0.0375911848365
1176,0.0375977927672
1701,0.0375980177756
3551,0.0376092959004
1301,0.0376273662427
278,0.0376280900986
3890,0.0376371324841
1822,0.03765277197
945,0.0376564445285
68,0.0376650902189
1762,0.0376825901999
894,0.0376853019888
2670,0.0376952301869
3955,0.0376968066879
3799,0.0376968302654
2703,0.037696835224
1061,0.0377110113032
3382,0.0377268944949
3375,0.0377389367869
2959,0.0377722913039
3008,0.0377749758721
230,0.0377853207121
3376,0.0377862835031
3401,0.0377862835031
2998,0.0377864587394
3432,0.0377907733409
2972,0.0377942928613
2879,0.0377968292503
3494,0.0378140514226
3423,0.037814352901
3901,0.037821149807
3314,0.0378434326327
1579,0.037887812669
3083,0.0378956811389
2982,0.0379011644774
3283,0.0379058924917
1354,0.0379418942823
220,0.0379438968885
262,0.0379438968885
1362,0.0379533847552
3871,0.0379534629057
1510,0.0379536663306
301,0.0379698476952
1087,0.0379708547247
937,0.0380029455229
3882,0.0380176859228
648,0.0380254349283
1690,0.0380385241552
2805,0.0380392633457
3983,0.0380507819405
2301,0.038071658717
1372,0.0380789708838
2535,0.0380916185817
1045,0.0381116591982
166,0.0381390444401
364,0.0381392737191
2952,0.0381495712449
2971,0.038161692419
399,0.038168805804
441,0.038168805804
501,0.038168805804
3544,0.0381714248856
3899,0.0381730634171
1297,0.038174644213
3632,0.0381903972238
3282,0.0382031725271
3445,0.0382040124881
2671,0.0382130100805
2721,0.0382130100805
2824,0.0382130100805
3091,0.0382130100805
3588,0.0382245748554
564,0.0382269205997
393,0.0382372110574
1755,0.0382438276992
1200,0.038253927173
2699,0.0382559195962
263,0.038269114419
296,0.038269114419
1030,0.0382715330817
2255,0.038285849319
289,0.0382915058145
1760,0.0383103500063
86,0.0383129046237
2834,0.0383132284106
3566,0.0383199849087
131,0.0383215299863
985,0.0383292116641
3660,0.0383537352815
2899,0.0383548996143
3694,0.0383584569939
1889,0.0383706244188
206,0.0383854984771
928,0.0383858368617
1050,0.0384018560391
476,0.0384293759516
1792,0.0384434173179
1053,0.0384510654996
102,0.0384535651748
3311,0.0384692410085
3652,0.0385062317209
167,0.0385459228921
3689,0.0385589114858
3916,0.0385608114962
3775,0.0385891021807
859,0.0386042616052
1157,0.0386178229757
3125,0.0386317639282
1177,0.0386718426598
4,0.0386850789086
181,0.0386850789086
275,0.0386850789086
3045,0.0387003461482
32,0.0387324607506
78,0.0387540212336
195,0.0387540212336
218,0.0387540212336
273,0.0387540212336
306,0.0387540212336
328,0.0387540212336
46,0.0387723058464
351,0.0387740583136
1031,0.0387752072459
996,0.0387775383823
929,0.038779355261
2885,0.0388252581707
3665,0.0388288644667
2838,0.0388546053955
3003,0.0388546053955
3720,0.0388660093669
3143,0.0388743642733
699,0.038889958217
228,0.0389175628446
3771,0.0389298709143
3549,0.0389433623191
3128,0.0389581641765
3662,0.0389629064013
3490,0.0389803799774
1759,0.0389930330041
3624,0.0390030623344
2321,0.0390093698298
3546,0.0390122586083
3616,0.0390219930911
3638,0.0390232585413
1383,0.0390277987863
3647,0.0390436141659
3310,0.0390470870863
183,0.0390842252747
3863,0.0390909709631
4006,0.0391029649634
4032,0.0391029649634
305,0.0391082104725
2714,0.0391258286734
1264,0.0391336079379
3446,0.0391362890846
2886,0.0391370440103
3059,0.0391494492302
1202,0.0391515174979
3848,0.0391568592682
2017,0.0391683282675
240,0.0391796479459
909,0.0392003860033
190,0.0392125070834
247,0.0392336211085
3582,0.03928884265
3531,0.0393220729705
3910,0.0393395324372
3626,0.0393597390636
1395,0.0393864507764
89,0.0393929758472
319,0.0393929758472
3781,0.0393938996309
3946,0.0393938996309
3789,0.0393999210952
3923,0.0394004719932
3749,0.039400499925
321,0.0394045041309
3801,0.0394058813542
1713,0.039442515178
2767,0.0394468190936
717,0.0394480821256
852,0.0394480821256
855,0.0394480821256
2034,0.0394516628408
3814,0.0394560093546
3653,0.0394577988951
192,0.0394580250321
3965,0.0394749500086
1034,0.0394797763143
3530,0.0394799957967
956,0.0394840467876
3887,0.0394860437551
1218,0.039490707921
3441,0.0395009988599
1486,0.039515748168
3905,0.0395291380448
3619,0.0395433594649
3812,0.0395552337072
1476,0.0395714902927
2015,0.039577102173
3408,0.0395818475752
2704,0.0395913820703
2740,0.0395913820703
3854,0.0395964298314
3879,0.0395964298314
245,0.0395966633354
2634,0.0395976345176
3679,0.0396008864545
1896,0.0396024770462
3682,0.0396025955615
3134,0.039607317382
3673,0.039611399798
3489,0.0396191791938
3676,0.0396191791938
3704,0.0396229167585
3536,0.0396294212324
3585,0.0396301368893
3580,0.0396947991891
316,0.0397060748498
1937,0.0397144591252
453,0.0397293094348
1996,0.0397381611947
2565,0.0397381611947
3949,0.0397418427437
1233,0.0397487723289
1295,0.0397670120551
3894,0.0397714567059
841,0.0397833724808
2527,0.0397899053334
1353,0.0398285282716
3990,0.0398563297212
4007,0.0398563297212
4016,0.0398563297212
4025,0.0398563297212
467,0.0398589514207
572,0.0398589514207
1138,0.0398744180873
174,0.0398825543824
112,0.0398973084861
293,0.0398973084861
499,0.0399101966529
3816,0.039914592401
138,0.039941356218
860,0.0399457929039
1043,0.0399482873318
3121,0.0399578466467
61,0.0399647412247
3126,0.0399867121171
3322,0.0399867121171
1254,0.0399969656544
356,0.0399978445271
2814,0.0400025366124
2808,0.040011176492
155,0.0400273988172
279,0.0400279270625
3932,0.0400285626909
3439,0.0400318464049
1240,0.0400327182085
267,0.0400371035239
3716,0.0400472474355
8,0.0400603582986
91,0.0400603582986
259,0.0400603582986
1788,0.0400651175294
3336,0.0400709549419
1499,0.0400714765817
6,0.0400786722133
147,0.0400786722133
3953,0.0400816873715
1956,0.0400919157509
3447,0.0401021999827
979,0.0401135238663
95,0.040116984676
3413,0.0401313604042
1430,0.0401352424341
1890,0.0401417051096
219,0.0401600471245
3688,0.0401601624868
3806,0.0401699275689
3444,0.040176824988
3849,0.040176824988
955,0.0401871742185
1368,0.0401871742185
1838,0.0401913254608
4028,0.0401965422791
81,0.0401966252681
1111,0.0401970209876
3963,0.0401987698826
110,0.0401993439052
264,0.0401993439052
3942,0.0402068469004
3844,0.0402070061207
3053,0.0402197277522
411,0.0402249148688
3200,0.0402251225358
4036,0.040225485449
3745,0.0402288206798
193,0.0402349444294
3141,0.0402353591953
3122,0.0402369704133
3218,0.0402369704133
3354,0.0402369704133
3513,0.0402414362515
160,0.0402492119188
1016,0.0402505741984
1403,0.0402505741984
3959,0.0402546423161
3742,0.0402551767424
3925,0.040269585108
327,0.040271092032
201,0.0402749569067
3954,0.0402817940933
3606,0.0402885950519
2799,0.0402887516291
3733,0.040295646983
3939,0.0403026066509
3589,0.0403136935615
35,0.040318240857
3216,0.0403256194077
904,0.040326853475
2861,0.0403355097009
454,0.0403390138074
3811,0.0403705913107
71,0.0403709788535
3952,0.0403752924275
3727,0.040388409933
2975,0.0403909671712
1558,0.0403937575411
1474,0.0403967720631
2281,0.0403994468067
2487,0.0403994468067
3897,0.0404033248645
3251,0.0404196536796
386,0.0404434782203
3732,0.0404440685658
379,0.0404462038312
910,0.0404546963008
1657,0.0404546963008
1776,0.0404546963008
2776,0.0404552629268
3537,0.040457749587
216,0.0404710607175
2245,0.0404740054147
3751,0.0404803341095
97,0.0404820744309
253,0.0404820744309
2094,0.0404942887134
70,0.040496751167
1194,0.040509941043
3787,0.0405162640387
1065,0.0405473958319
3699,0.0405498988386
2732,0.0405579969124
2930,0.0405579969124
3131,0.0405579969124
3180,0.0405579969124
3181,0.0405579969124
2902,0.0405769059373
3372,0.0405769059373
2922,0.0405842777133
2167,0.040593074744
2178,0.04059512763
157,0.0406013522757
1546,0.0406183364487
749,0.0406249218634
775,0.0406249218634
1607,0.0406256067443
3271,0.0406293734407
377,0.0406299420214
899,0.0406563163358
2481,0.0406619129516
3922,0.0406623297613
2421,0.0406748804015
154,0.0406826779885
49,0.0406897480557
2382,0.0406992010578
2541,0.0406992010578
52,0.0407034723106
205,0.0407034723106
1252,0.0407049777551
443,0.0407125115242
468,0.0407125115242
2437,0.0407193387563
2204,0.0407213700657
2857,0.0407243749471
3807,0.0407253815358
47,0.0407281318727
2774,0.0407316732714
3055,0.0407316732714
3074,0.0407316732714
3127,0.0407316732714
1854,0.0407332855192
182,0.0407375214522
2817,0.0407384468152
3147,0.0407384468152
3808,0.0407535254092
1071,0.0407542459983
1253,0.0407542459983
1270,0.0407543149287
1326,0.0407564618299
286,0.0407615825576
241,0.0407640412676
255,0.0407640412676
401,0.0407645528265
1693,0.0407649355689
2106,0.0407662660317
3875,0.0407669943843
2168,0.0407733477235
1394,0.0407799840562
3987,0.0407827342731
4001,0.0407827342731
4012,0.0407827342731
4029,0.0407827342731
1002,0.0407839424328
1105,0.0407839424328
90,0.0407847235476
145,0.0407847235476
3885,0.0407847925698
2788,0.0407859629798
1027,0.0407870252424
1627,0.0407870252424
179,0.0407875994959
581,0.0407885464019
642,0.0407885464019
2483,0.0407892006545
2595,0.0407892006545
1208,0.0407935663569
1046,0.040793877895
1586,0.040793877895
1224,0.0407948592723
33,0.0407957125645
42,0.0407957125645
233,0.0407957125645
244,0.0407957125645
256,0.0407957125645
282,0.0407957125645
2691,0.040796261871
2792,0.040796261871
3037,0.040796261871
3268,0.0407998795156
3407,0.0407998795156
3746,0.0407998873615
3846,0.0407998873615
11,0.0408002656385
12,0.0408002656385
15,0.0408002656385
18,0.0408002656385
37,0.0408002656385
43,0.0408002656385
74,0.0408002656385
114,0.0408002656385
209,0.0408002656385
210,0.0408002656385
215,0.0408002656385
287,0.0408002656385
292,0.0408002656385
335,0.0408002656385
358,0.0408002656385
447,0.0408002656385
550,0.0408002656385
585,0.0408002656385
602,0.0408002656385
607,0.0408002656385
608,0.0408002656385
613,0.0408002656385
624,0.0408002656385
638,0.0408002656385
668,0.0408002656385
674,0.0408002656385
692,0.0408002656385
801,0.0408002656385
875,0.0408002656385
883,0.0408002656385
891,0.0408002656385
892,0.0408002656385
911,0.0408002656385
918,0.0408002656385
1096,0.0408002656385
1119,0.0408002656385
1145,0.0408002656385
1206,0.0408002656385
1386,0.0408002656385
1466,0.0408002656385
1560,0.0408002656385
1581,0.0408002656385
1834,0.0408002656385
2079,0.0408002656385
2195,0.0408002656385
2269,0.0408002656385
2457,0.0408002656385
2470,0.0408002656385
2569,0.0408002656385
2596,0.0408002656385
2842,0.0408002656385
3031,0.0408002656385
3071,0.0408002656385
3183,0.0408002656385
3230,0.0408002656385
3451,0.0408002656385
3453,0.0408002656385
3570,0.0408002656385
3650,0.0408002656385
3709,0.0408002656385
3729,0.0408002656385
3748,0.0408002656385
3798,0.0408002656385
3820,0.0408002656385
3853,0.0408002656385
3856,0.0408002656385
3935,0.0408002656385
3974,0.0408002656385
3984,0.0408002656385
4008,0.0408002656385
4010,0.0408002656385
4015,0.0408002656385
4022,0.0408002656385
4024,0.0408002656385
4035,0.0408002656385
