107,0.00691357574558
1912,0.00906281722706
1684,0.00949751584505
3437,0.00962669236522
2543,0.0153541080299
2347,0.0154777990794
1941,0.0170922113927
1985,0.0197692941758
2468,0.0199420451684
2233,0.0207946539968
2266,0.0208705887116
2142,0.0212889208814
2560,0.0219069266872
2542,0.0219816606249
2206,0.0220159018729
2324,0.0220208459327
2229,0.0220506931853
2611,0.0220921278417
2218,0.022123513548
2410,0.0221546688979
2078,0.0221613082467
2123,0.0222081861166
2240,0.0222132339534
2464,0.0222409831513
1993,0.0222718153112
2369,0.0222779982867
2607,0.0223064710403
2244,0.0223282578013
2309,0.0223750400575
2507,0.0223826038457
2602,0.022390118471
2604,0.0223923653564
2088,0.0224093593562
2131,0.0224226790182
2340,0.0224509048277
2590,0.0224528586458
1983,0.0224595238522
2601,0.022464185019
2059,0.0224890929645
2526,0.0224992138787
2600,0.0225212028878
2188,0.0225283531704
2073,0.022544217363
2220,0.0225455989255
2150,0.0225572545136
1946,0.0225737213076
2172,0.0225759804963
2428,0.022596102475
1917,0.0226127665454
2414,0.0226214370367
2331,0.0226577613709
2564,0.0226823744841
2201,0.0226846662692
1938,0.0226966020743
2090,0.0227171660745
2323,0.0227371665598
2593,0.0227404579306
1943,0.0227421697857
2625,0.0227520560515
2339,0.0227522151107
2624,0.0227543317892
2586,0.0227620287121
2615,0.0227931377688
2184,0.0227978370835
2118,0.0227991130029
2030,0.0228080992765
2290,0.0228131182527
2275,0.0228387508194
2064,0.0228409653131
2104,0.0228882343804
2500,0.0228962915292
1962,0.0229010324077
2278,0.0229071856914
1979,0.022922719549
2492,0.022924317301
2395,0.0229267220582
2376,0.0229340907818
2103,0.022943127045
2409,0.0229834590447
2200,0.022984352451
2271,0.0229987357855
2381,0.0230259679559
2045,0.0230274593331
2326,0.0230325538828
2033,0.023040219839
2551,0.0230534371128
1971,0.0230971257587
2354,0.0231010888963
2553,0.0231369584895
1984,0.0231590852651
2139,0.0231722235397
2093,0.0231752626632
2043,0.0231863337289
2037,0.02325022036
2630,0.0232620284194
2460,0.0233045298706
2423,0.0233139048876
2352,0.023317546717
2404,0.0233317854014
2140,0.023361679137
2190,0.0233712731539
2619,0.0234007495496
1966,0.0234020830642
2356,0.0234097740774
2520,0.0234405467383
2374,0.0234432159844
2069,0.0234467340424
1918,0.0234513125934
2124,0.0234725427291
2363,0.0234757632819
2559,0.0234758694393
2550,0.0234962912724
2638,0.0234972215751
2655,0.0235188448066
2108,0.0235682729744
2112,0.0235946026709
2446,0.0236350068726
2578,0.0236522756709
2549,0.0236728783411
2074,0.023673602194
2257,0.023675187243
2095,0.0236849121006
2299,0.0237379640173
1986,0.0237407855163
2040,0.0237473651131
2154,0.0237546097088
2253,0.0237672198072
2005,0.0237928941165
2020,0.0238522768793
2121,0.0238530899124
2370,0.0238596847153
2482,0.0238782782023
2504,0.0238923561904
2276,0.0239102963411
2308,0.0239222661937
2561,0.0239598866524
2408,0.0240177873949
2495,0.0240227276869
2348,0.0240310464865
2654,0.0240615127798
2573,0.0241328228651
1929,0.0241955237308
2359,0.0242417224057
2433,0.0242477402543
2083,0.0242547151214
2575,0.0242608950681
2122,0.0242623335982
2546,0.0242951239403
2063,0.0243077401649
2334,0.0244573265434
2430,0.0244699930787
2539,0.0245455446684
2084,0.0245841691616
2521,0.0245955050934
2307,0.0246000903783
2212,0.0246483091894
2115,0.0246667633916
2086,0.0246693047918
2485,0.0246882477423
2646,0.024743346436
2109,0.024750170226
1997,0.0248063966343
2386,0.0248070164195
2556,0.0248747861507
2623,0.0248983428608
2469,0.0249921381699
2467,0.0250420929489
2261,0.0250440019484
2216,0.0251677285121
1925,0.0251778580146
2165,0.02528066813
2077,0.0254353985309
2484,0.0254674927183
2237,0.0254756084154
2329,0.0254931599796
2046,0.0256116366301
1953,0.0256286894994
2506,0.0256394407115
2098,0.0259154665026
2418,0.0259378809511
2007,0.0260413058033
2477,0.0260608126912
2579,0.0261674076679
2300,0.0261794173584
2631,0.0263334172454
2306,0.0263539706767
2552,0.0264021266663
2563,0.0265318690225
2056,0.0266918911933
2489,0.0267854295934
2213,0.026955418708
2532,0.0270545101469
2060,0.0271142141346
2210,0.0271340713175
2574,0.0272276426525
1888,0.0275075387227
2462,0.0276733204669
2392,0.0278943328556
1663,0.0279613597787
1800,0.0280065697939
2591,0.0280821979974
1352,0.0282686444315
2164,0.0283451906289
2554,0.0283728857508
2179,0.0283989093716
1199,0.0288539198319
1989,0.0289954798208
1730,0.0290614639966
2407,0.0290729030937
1431,0.0291182739923
1589,0.0291268863992
1963,0.029313462916
2353,0.0293176779479
1584,0.0294803479117
1746,0.0295262381111
2499,0.0295505647169
1804,0.0295517648787
1126,0.0296903666738
1833,0.0298014116654
2429,0.0298470972025
1078,0.0299293690637
1714,0.0299794649449
1390,0.0299875664338
1768,0.0300014201909
1621,0.0300423237857
1559,0.0300910270408
1707,0.0301254437055
1086,0.0302428799172
1613,0.0302873828913
1718,0.0303797036748
1377,0.0305233740374
2189,0.0305349576839
1827,0.0305354134795
1612,0.0305488546498
2081,0.0306952494414
2384,0.03073163673
1610,0.0307322557662
1391,0.0309170895657
1399,0.0309292046973
1376,0.030935070907
1622,0.0309458245721
2328,0.0311545832835
2478,0.031230954987
1835,0.0312384666601
2111,0.0312646756442
1211,0.0313038399147
1551,0.0313473909645
2606,0.0313982647312
2336,0.0314492757106
2199,0.0315424721845
1516,0.0316075430346
2136,0.0317819253023
1577,0.0318091683779
2292,0.0318294220641
2598,0.0318490891751
2055,0.0318720829531
1471,0.0318986452712
1839,0.0319389285179
2054,0.032033277269
1522,0.032078356895
1059,0.0321340919001
2333,0.0321616138892
1367,0.0323180703286
1554,0.032319294388
2026,0.0323205286114
946,0.032333572702
1736,0.0323536894849
1185,0.0323697534988
2058,0.0324620751763
2283,0.0324728950771
2087,0.0325019872353
1879,0.0325320563533
1184,0.0326316114707
993,0.0326837022731
1662,0.0326989722521
2512,0.0327251047444
1793,0.0328255024815
925,0.0329098562331
2153,0.0329183712947
916,0.0330618344635
1945,0.033075251251
2282,0.0330803034439
1603,0.0330962134535
2032,0.0331595059806
2187,0.0331642644525
2287,0.033315068314
1799,0.0333669926035
2068,0.0334058068896
2511,0.033437314969
1331,0.0335196480292
1017,0.0335256087418
2510,0.0335980428033
1076,0.033621590443
2471,0.0336932342556
1132,0.0337432578504
2555,0.0337776335257
2279,0.0338221418665
1717,0.0338917041019
1146,0.0338944717992
1557,0.0339078057786
1420,0.0339380504837
1813,0.0339399705827
2183,0.0339608143131
2138,0.0339740602001
1107,0.0340269685135
2509,0.0343185063311
1669,0.0343391745688
1238,0.0344320011898
1816,0.0344465879651
2047,0.0344918681414
1791,0.0345993461684
2463,0.0346477600668
2072,0.0346587574954
2289,0.0347210245503
2629,0.0347348521015
2102,0.0347662531803
1335,0.0347713663962
2567,0.0347899049795
2224,0.0348044496744
1153,0.0348148468036
1902,0.0348461034451
2133,0.0348572568018
2592,0.0349028417026
2302,0.0349294231714
2117,0.0349419235276
2319,0.0349590945512
2071,0.0349622457179
2327,0.0349957122872
2461,0.0350230055998
1920,0.0350709286817
1823,0.0350880689737
1222,0.0350929018619
2149,0.0351044257864
1250,0.0351239969336
1757,0.035134772541
1006,0.0351615086915
1604,0.0351906091575
2649,0.0352258389771
1230,0.0353052048361
1509,0.035314010624
1361,0.0353165755446
2125,0.035323481258
2536,0.0353667215925
1598,0.0353733075644
2491,0.0354008877173
2241,0.0354269322199
1849,0.0355174942486
1959,0.0355342294509
2180,0.0355387868894
1341,0.0356366441036
1447,0.0356537128996
1488,0.0356953880806
1267,0.0357572255396
1491,0.0358028391109
1547,0.0358094140661
1117,0.0358794368844
2398,0.0359102206531
1926,0.0359190716941
2294,0.035930792338
1256,0.0359369377397
1269,0.0359862942365
1175,0.0359900393875
1079,0.0359960669803
2391,0.036008895618
2174,0.0360653424968
2223,0.036067434037
2247,0.0360827485974
2053,0.0361078674523
1750,0.0361274619699
1665,0.0361401497915
1689,0.0361490413252
1456,0.0361968133389
1329,0.0362633744413
2169,0.0363242556099
2268,0.036329855468
1101,0.0363485807638
1947,0.0364005393546
2351,0.0364871645689
1255,0.0365127879738
2344,0.03652721887
2039,0.0365707491291
1291,0.0365829924263
2338,0.0365910593577
2617,0.0366499447842
1668,0.03665001161
2451,0.03669093387
2597,0.0367112880405
2196,0.0367401291623
1330,0.0367725606956
1617,0.0367862300313
136,0.0368583300013
1842,0.0368696146875
2127,0.0368986384453
2052,0.0369366432007
980,0.0370028707788
1004,0.0370495799977
2194,0.0370537683898
1721,0.0370990520671
1608,0.0371126724376
1948,0.037127889432
1172,0.037160743827
947,0.0372170155698
1302,0.0372829280261
1530,0.0374012960037
2642,0.0374265257437
2250,0.037431800429
1125,0.0375235353661
1570,0.0375405664049
2533,0.0376301885341
1683,0.0376419633767
1867,0.0377330185818
1752,0.0377737261829
1124,0.0378676365399
1467,0.0379091271696
966,0.0379129336255
1563,0.037916615757
1520,0.0379565938133
1597,0.0379910333933
2372,0.0379915875118
1600,0.038036947987
2475,0.038065221585
2028,0.0381778878565
2508,0.0383143370975
1868,0.0383444032532
1940,0.0384149499864
1955,0.0384451981333
2582,0.0384741991603
1191,0.0384797848584
2038,0.0385443901764
1243,0.0385477907074
2332,0.0385529456135
2458,0.0385566353219
2436,0.0386155846212
2643,0.0386534738054
2616,0.0386803184954
1932,0.0388103549938
2128,0.0388203608984
1735,0.0388253879582
2143,0.0388382218091
1416,0.0388659181202
2203,0.0390576222319
2042,0.0392043889902
1761,0.0392171015089
1619,0.0392551094255
1741,0.0392792605949
2246,0.0392818136587
1643,0.0392901836936
2608,0.0393618562279
1826,0.0393969915554
2419,0.0394281433653
1675,0.0394358439839
1370,0.039503891213
1465,0.0395216033991
1214,0.039527412127
1620,0.0395961421651
1789,0.0397229292179
978,0.0397825220497
2176,0.039824088952
2151,0.0398770720141
1886,0.0399655473536
953,0.0399879980827
2516,0.0400001032995
1149,0.0400200748586
1864,0.0400278197744
2273,0.0400817395283
2594,0.0401026367697
2254,0.0401622272185
921,0.0401763182731
2002,0.0401801662888
1809,0.0401885373362
1712,0.0402028856466
2191,0.0402374195523
2588,0.0402803227478
2377,0.0402928370932
1623,0.0403364255625
1810,0.0403393246274
2498,0.0404667155321
1156,0.0405049196802
2135,0.0408560518961
1339,0.0410043900268
2148,0.0410092021365
2010,0.0411928302094
1163,0.0412034020455
1083,0.0412334938724
2420,0.0412547007139
686,0.0413868261002
2343,0.0413933600175
2267,0.0414013853488
2394,0.041405546087
2134,0.041590005451
2311,0.0416362924351
2258,0.0417234941134
1289,0.0417902102775
2132,0.0418046634688
1205,0.0421145912922
1685,0.0421187283828
1409,0.0421263178791
2537,0.0421557719019
1048,0.0423131559606
1128,0.0424180574166
960,0.0425688702563
967,0.0425985173267
2368,0.0425994224012
1181,0.0426041567673
1954,0.042608855924
2589,0.0426341323238
1898,0.042679429097
952,0.0427041884287
1173,0.0427075854443
1305,0.0427888957468
2144,0.0429193250692
2264,0.0429591492627
934,0.0429898875275
1795,0.0432312270854
1271,0.0434110072294
1198,0.0435431151143
1637,0.0436226844084
1242,0.0437681670601
997,0.0438802591971
2653,0.0440252143976
1380,0.0441348676231
1605,0.0442681709347
1483,0.0443021208298
2434,0.0443788215339
1539,0.04438265473
2501,0.044553894153
1861,0.0445796655004
1845,0.0445812902217
1916,0.044738086286
1288,0.0447927537814
1003,0.0448536348543
2445,0.0450060246887
2062,0.0450676714207
2315,0.0451391814316
400,0.0451407557907
1609,0.0452011217335
2399,0.0452941621873
1753,0.045655830264
1580,0.04580853585
1344,0.0458182087162
1632,0.0460591304332
1652,0.0461462649929
999,0.0462702458134
1290,0.0463065592859
1449,0.0464077305334
1334,0.0464661112691
2472,0.0464747585696
1388,0.0466066889237
1819,0.0466658268234
1659,0.0467802655875
2161,0.0467898178524
1272,0.0469465541133
1737,0.0469720065329
1994,0.0471658802599
1939,0.0472610834237
1024,0.0474266186103
1160,0.0476672953765
1287,0.0483516701745
1402,0.0484895013725
1480,0.0484979118525
1796,0.0486910775899
1026,0.0488519304007
1351,0.04916995713
412,0.0492137954508
1312,0.049256837169
1323,0.0494529201551
1590,0.0495149577968
1653,0.049577569644
513,0.0499005714315
2547,0.0500117197231
906,0.0500266331321
2465,0.050266303849
2417,0.050277955045
2576,0.0503088855796
373,0.0504093136911
1359,0.0505140537773
1049,0.0505325112732
2293,0.0510025214296
1028,0.0510386841448
2137,0.0510762290087
1688,0.051076607739
1891,0.0511575944577
559,0.0511657936574
1639,0.0512184514211
456,0.0513450009643
1614,0.0514361462078
2285,0.0515040367309
1538,0.0517371930347
1209,0.051814805913
2198,0.0519129757807
423,0.0520783884746
561,0.0521002115976
500,0.0522278664878
553,0.0523054577158
927,0.0523474398744
2101,0.0524140352079
2215,0.052480013577
1375,0.0525045838378
497,0.0526187064799
1280,0.0528077475955
1207,0.0528252195257
460,0.0528802967456
1075,0.0529616744781
2304,0.0530923356177
465,0.0536978202835
1135,0.0541140504269
2385,0.0541369061491
2387,0.0541798348704
402,0.0546401984205
395,0.0547372327954
2396,0.0548007518702
982,0.0553059700302
1457,0.0553103554992
1130,0.0553457219287
2232,0.0554115654574
1970,0.0555202582729
1182,0.0556631502131
1782,0.0557961347356
1047,0.0560785451429
438,0.0562003779329
431,0.0562535213964
556,0.0563157573408
2449,0.0563829178825
506,0.0564515067995
1877,0.0565013378939
1772,0.0567538079897
1811,0.0568061938706
2609,0.0569374128091
492,0.0569939593431
2280,0.0570397660456
544,0.0575042662941
2330,0.0575794161368
524,0.0577139736438
2235,0.0577784931548
2438,0.0578756834362
514,0.0579978928813
378,0.0581359294677
374,0.0581414858543
525,0.0582188897723
2259,0.0582917514704
2518,0.0583170456378
1470,0.0583583751119
370,0.0583878106441
1340,0.0587282333557
1528,0.0587880298908
1644,0.058877837858
1040,0.0589344981127
545,0.0589508336155
2021,0.0589855151835
515,0.059226011681
439,0.0593503684226
2603,0.059395196827
436,0.0594277438816
2613,0.0596819405844
1029,0.05984522042
567,0.0598692464476
1201,0.0601109388708
1123,0.0604312082597
391,0.0604629201382
1535,0.0604690989433
2243,0.0604976351441
2147,0.0605884244846
2325,0.0607121333138
2239,0.0607707200645
417,0.0609293824694
1074,0.0609773197527
1336,0.0610165915618
507,0.0612696784886
983,0.0612875656846
1219,0.061306382894
542,0.0614250456149
1765,0.0622393129155
1293,0.0623385005847
1723,0.062457980719
1056,0.0626627734239
932,0.0627405730117
1542,0.0628568086997
523,0.0636893369223
1571,0.0640036928137
683,0.0647613746184
1754,0.0648222639041
394,0.0649303334577
1734,0.0650644146341
1981,0.0650989721689
1110,0.0651151573692
503,0.0653281962525
419,0.0655087111267
360,0.0655887979402
1523,0.0658514818945
2092,0.0658625320737
461,0.0663167770628
432,0.0668848157336
408,0.0668943646049
591,0.0670024179376
2057,0.0671500378002
526,0.0676423272969
520,0.0677352277699
493,0.0680221374933
387,0.0680307916355
1112,0.0680483923808
1285,0.0683331230059
1092,0.0686198009424
2476,0.0686720527112
452,0.068967571631
2473,0.0691759142561
471,0.069245976483
1942,0.0694376581969
1180,0.0695617178556
1724,0.0699239481078
404,0.0704555777078
527,0.0704557321866
2839,0.0710269843427
897,0.0710365299387
434,0.0712432779101
3363,0.0715661552396
1389,0.0717332911006
995,0.0717539578446
444,0.0717626977682
2367,0.0718661150258
1054,0.0720432002775
1195,0.0725822758526
2345,0.0726807269419
3078,0.0728597035188
1437,0.0728786316336
409,0.0729385415505
2754,0.0729549489023
368,0.0730065927579
2652,0.0733226335576
1393,0.0735492658447
496,0.0737827007308
3232,0.0739776793546
1365,0.0739952777039
2390,0.074048164366
1068,0.0743510646395
2502,0.0748130828724
2966,0.0749426129671
1722,0.0750317033044
2003,0.0750355219901
2075,0.075042833483
645,0.0751042844165
511,0.0751242652239
488,0.0751695493511
1540,0.0752968133298
2669,0.0759399693697
1987,0.076021173783
451,0.0760698975288
2986,0.0761920857799
2877,0.0762184688735
2906,0.0762931849587
392,0.0763195875576
570,0.0764134523285
1524,0.0768821346299
2479,0.0768950978225
2519,0.076928566782
430,0.0771710967815
348,0.0773151949751
2694,0.0774193424456
1964,0.0774597457484
3426,0.077635656917
512,0.0776671715898
2944,0.0779776756898
2782,0.0779888029547
604,0.0780232606321
3387,0.0781420874217
2755,0.0783046566555
3082,0.0783452219189
537,0.0784136749733
2960,0.078479050969
2786,0.0786360609848
2750,0.0786945702083
2927,0.0787644163778
3101,0.0787991603916
2956,0.0788724098042
2910,0.0789615693162
1485,0.0790662805683
422,0.0797498989869
398,0.0802902885729
2679,0.0809532109549
669,0.0809937005762
2800,0.0811658602543
828,0.0811670843889
2742,0.0812257193461
3348,0.0814233090578
1832,0.0814799090055
504,0.0815065898123
482,0.0815192002496
388,0.0816011042773
483,0.0816876217534
1398,0.0817029744112
2916,0.0817457916089
3434,0.0818765201559
3033,0.0819422095117
2110,0.0821332678976
2664,0.0821864804446
445,0.0822912708856
3000,0.0824313835026
3022,0.0826623960657
614,0.0829006093888
3417,0.0829690886123
3291,0.0830357017643
3397,0.0830530999082
2661,0.0830582200559
2777,0.0832367028031
2757,0.0832894251425
1843,0.0833844953885
3026,0.0835097434804
3226,0.0839388482053
2163,0.0843536265741
3116,0.0843626730756
2793,0.0843698574841
3096,0.0846507875796
3054,0.0848191773494
2928,0.0849386203325
3174,0.0849672199344
495,0.085230809696
1532,0.0853290602756
2872,0.0853327299227
3201,0.0854358587199
2913,0.085482165774
2676,0.0855155153836
1513,0.0856157083607
2827,0.0856348604327
2530,0.0857649735189
2544,0.0860652732612
2226,0.0860772333007
3339,0.0860778169284
479,0.0861304266278
2867,0.0863999591236
2866,0.0864601971534
2905,0.0866537107353
2915,0.086705791142
3252,0.0867836122343
2303,0.0871196289489
2698,0.0871566069868
548,0.0872348087531
3051,0.0872715152965
2864,0.0874167151055
805,0.0874307110133
2350,0.0875171619471
3090,0.0875550715978
487,0.0876899511001
2890,0.0877344070513
2925,0.0877835391577
3132,0.0877988389288
3284,0.0878724934821
719,0.0880345094426
2719,0.0881079565774
2393,0.0884077874875
2943,0.0885567764768
3320,0.0885687200805
421,0.0886284255527
3195,0.0887328270519
2833,0.0888388850064
1572,0.0888714266276
959,0.0888850565053
3035,0.0890967332912
2969,0.0891100858099
3280,0.08912263415
2065,0.0891661950768
2529,0.0892549943799
2863,0.0893072657818
2919,0.0895096947131
2909,0.0895895484105
3056,0.0896808327525
705,0.0897573018523
415,0.0898381493438
2415,0.0898691081304
3351,0.0898988081311
2911,0.0899704232053
713,0.0901144847567
463,0.0901509899963
2427,0.0902895171977
2849,0.0903003534188
2920,0.0903074991432
3330,0.0903848942759
1517,0.0905287401474
823,0.0907029807538
2862,0.0908004418318
2828,0.0908138049104
1923,0.0908803036845
555,0.0909265942094
3150,0.0910656419093
1460,0.0911624654499
2778,0.0912028748372
2067,0.0921482369466
2383,0.0924062174631
3049,0.092745501787
3347,0.0927893036667
824,0.0928267533675
830,0.0929048260633
2940,0.0929301711341
3324,0.0931687535942
565,0.0931868024267
3108,0.0932385102174
2222,0.0933228004555
397,0.0934267682562
747,0.0934525590398
3098,0.09352059618
3120,0.0937305822417
455,0.0937671703017
3064,0.0939564650846
2155,0.0939923110846
2985,0.0940476242989
2689,0.0940518436482
355,0.0941363763551
3152,0.0943713207253
2880,0.0944975418788
3149,0.0947267752035
3104,0.094755657963
2912,0.0948762901555
3344,0.0951309392384
697,0.095309449458
2274,0.0954521483348
3362,0.0954680705837
745,0.0955935065786
676,0.0956714512793
376,0.0958212079029
2973,0.0966996269174
2031,0.0967593568593
781,0.0969847371305
2939,0.0972806688393
3277,0.0975807739196
418,0.0975999865488
2873,0.0978373615604
458,0.0978646901907
2666,0.0983001089319
2974,0.0983198373149
2674,0.0983302950283
3038,0.0983873890461
428,0.0984228071915
694,0.0988068766136
2379,0.0989071060734
3267,0.0989439921394
352,0.0996905984901
473,0.099915342166
3247,0.100291158578
2208,0.100313193123
560,0.10039138765
3142,0.100558925234
2991,0.100893810442
2738,0.101287088155
2992,0.101352031682
3433,0.101419356074
2717,0.10164284385
3060,0.101902597319
2869,0.102185763851
2815,0.102324281603
3350,0.102522700994
3119,0.102587568603
3169,0.10288774142
3297,0.103046013234
3113,0.1030616544
2716,0.103073277562
475,0.1030804481
827,0.103081932347
2221,0.103111788426
2044,0.103220927305
484,0.103253473041
3185,0.103275609195
546,0.103383212929
2994,0.103593681465
688,0.103673256321
3239,0.103733826987
2683,0.10387613134
2897,0.103884445758
2853,0.103914527211
1435,0.10398404993
3070,0.103998323139
834,0.104167581711
724,0.104257876828
2496,0.104554721537
2988,0.104582788656
3004,0.104609799504
2571,0.104738562446
2901,0.104881023429
3198,0.105080664562
774,0.105343789053
536,0.105608532342
1407,0.105655202745
1851,0.105782184332
3047,0.105855924307
853,0.10586760441
3065,0.105921355638
1774,0.106114180977
3040,0.106183980483
2706,0.106309708075
1278,0.10659158722
3076,0.106602354798
3106,0.106645613552
815,0.106745373066
3419,0.106935106348
1821,0.106993054728
2749,0.107083785782
695,0.107187920006
557,0.107308049272
3115,0.107328096505
752,0.107559868625
3084,0.10765513634
3073,0.107746827898
3980,0.108013806337
703,0.108091114256
67,0.108395760277
510,0.108445008261
558,0.108689159151
56,0.108773830955
3146,0.108919117682
3381,0.109200683655
800,0.109226795938
3391,0.109308474665
1277,0.109322931691
2680,0.109494212809
3335,0.109653328541
1369,0.109655890035
820,0.109686170921
819,0.109801945967
0,0.109904947189
1863,0.110256806333
2211,0.110374148117
773,0.110562842219
896,0.11065184946
425,0.110683257722
3145,0.110745420206
1204,0.110924480654
2234,0.110929235193
3293,0.111121338669
637,0.111281474367
3184,0.111374763454
2748,0.111387982971
2355,0.111442056787
3117,0.111809871766
2796,0.111812357446
2242,0.111873018888
3332,0.111958913016
2295,0.111985002924
810,0.112049882118
566,0.112083441158
517,0.112257040045
3355,0.112315894844
1164,0.112337931413
3220,0.112359582675
3406,0.112811324559
2773,0.112836718559
2781,0.113088612301
766,0.113262675505
2937,0.113336329929
3179,0.113393832947
3182,0.113521076217
3206,0.113632744178
3321,0.11371028814
3102,0.113748575713
726,0.113798939551
780,0.114024751518
367,0.114160739436
3396,0.114544436544
1116,0.114554499585
3172,0.114561103911
696,0.114655238514
3085,0.114708029744
2763,0.114809194299
1235,0.114874230997
1405,0.115240560579
784,0.115403952425
2753,0.115455161785
569,0.115637371721
2810,0.115697806552
3240,0.115827169494
3416,0.115928507491
1192,0.115951232186
271,0.11612447156
1439,0.116245820699
2993,0.116417046631
2989,0.11661847131
842,0.116747291743
3029,0.116775547647
2741,0.116818066006
3021,0.116960704489
122,0.117266482853
1104,0.117418479165
426,0.117506630832
2896,0.117587595713
531,0.117623752287
760,0.117706259879
26,0.117870149209
2936,0.117943812768
2945,0.118258237859
2835,0.118465622623
3364,0.11855278859
252,0.11881711209
728,0.119610793443
21,0.119730514975
634,0.120059075427
3378,0.120181569792
414,0.120230611681
521,0.120360578065
322,0.12108507794
2904,0.12129901302
3345,0.121392753959
708,0.121687466468
3017,0.121702572771
754,0.121731556296
304,0.121956632783
856,0.122197512339
1459,0.122287964822
2610,0.122414730869
3224,0.122484418097
547,0.122562369578
494,0.122586219852
2946,0.122698934111
3384,0.122900291179
3360,0.123104507011
353,0.12355891629
1014,0.123799728175
2116,0.124402788333
239,0.124453666791
3411,0.124499492734
277,0.124609144499
375,0.124684063551
2931,0.124693020169
2432,0.124784646573
731,0.125181695744
840,0.125226603552
1786,0.125243042413
203,0.125326129804
3154,0.125563979246
2929,0.125604771129
3265,0.125965642953
3158,0.125990189256
2029,0.126017875102
1556,0.126018683551
2765,0.126514904024
462,0.126693475112
200,0.126911862981
285,0.127033170472
1345,0.12705635568
315,0.127143242553
1573,0.127273493712
2729,0.127289108862
2970,0.127289800034
718,0.127410343207
3435,0.127427685941
829,0.127438800068
2681,0.12746102297
363,0.127587360587
2525,0.127624116714
1039,0.127656206557
413,0.127686683764
98,0.128123485422
847,0.128224602506
362,0.128345834569
2572,0.12860205322
1583,0.128648542355
1893,0.128708102477
1327,0.128736806465
2249,0.129532707172
1591,0.129924518402
2770,0.129951259655
366,0.130145344486
849,0.130369693854
3386,0.130532175477
1479,0.130930184521
2209,0.130978377298
9,0.131178737744
1265,0.131238789934
1227,0.131432601188
2712,0.131889497979
3204,0.131925921481
3288,0.131975851443
1475,0.131977754449
3014,0.132186799818
1347,0.132272176494
481,0.132971303873
508,0.133265311257
1899,0.133510299516
25,0.133558310456
739,0.133783886967
2894,0.133839303861
519,0.133867311061
2366,0.133900393462
3261,0.133959766725
687,0.134006414403
609,0.134178859472
3250,0.134369311066
845,0.134402065826
1846,0.134563285162
2637,0.134568463224
354,0.134733931851
2743,0.134826974246
1067,0.13513268006
1661,0.135136807105
563,0.135203186788
3353,0.135261349445
814,0.135280571304
3052,0.135355502094
3238,0.135452994665
1322,0.135575877831
1636,0.135606464974
606,0.13595155686
3299,0.136131545202
1973,0.136182508691
727,0.136221405119
1158,0.136287106363
3301,0.136407506226
440,0.136460813068
446,0.13657640682
350,0.136638159999
2875,0.136695296079
2720,0.137113726467
3399,0.137340902009
764,0.137528179425
1596,0.137543868966
119,0.137599858062
1871,0.13780484261
188,0.137811038444
416,0.138170965121
2756,0.138208040973
1783,0.138235295844
1462,0.138241658748
3140,0.13827645318
199,0.138416235292
142,0.138436696856
170,0.138447922733
630,0.13845842773
2806,0.138516075408
2874,0.138988214931
1611,0.139061039994
1972,0.13910638217
186,0.139181025687
2951,0.139226333805
1628,0.139278173305
538,0.139707898404
1742,0.139843045691
1298,0.140201993104
113,0.140355951532
450,0.140498498107
620,0.140616711052
3025,0.140707395111
1231,0.140847488607
3342,0.141493019331
1032,0.14168270359
3274,0.141725599142
787,0.14185305791
169,0.141858150849
646,0.141899824814
332,0.142033545875
917,0.14251428517
817,0.142672510107
1515,0.142818957426
1715,0.143397072851
1857,0.143599406506
701,0.143797317094
2524,0.143802121268
280,0.144015719975
738,0.144044760739
1423,0.144075966834
325,0.144094144086
469,0.144214317365
1148,0.14423127452
543,0.144332985671
3228,0.144339361296
2850,0.14445953353
772,0.144719148127
2145,0.144999562295
539,0.145094708875
1680,0.145222774084
3027,0.145285413461
957,0.146158271062
2635,0.146528273764
109,0.146992741318
1487,0.147045635471
1458,0.14721969086
40,0.147303234999
442,0.147725285945
3316,0.14786360463
706,0.148543856447
1021,0.148749947691
3188,0.148990556222
2557,0.149260574884
1060,0.149312517258
1426,0.149343359239
2416,0.149829744472
838,0.149912831749
396,0.150709003283
1373,0.150953664272
792,0.15104176323
2924,0.15111818034
323,0.151217070939
1284,0.151395019374
3257,0.15146361558
734,0.15194121669
1100,0.152246981962
3089,0.15230232809
1716,0.152360752282
1237,0.1526374274
1282,0.15278544025
1900,0.15305616467
1495,0.153379203997
3296,0.15343771517
2950,0.153643910613
359,0.153707890816
1502,0.153789560644
403,0.15387319138
3938,0.154010009762
1729,0.154090126071
848,0.154435400586
272,0.15457277859
1576,0.154698597905
3258,0.154759823529
1036,0.154956007712
342,0.155052607348
1484,0.155586218173
580,0.155587262632
1066,0.156052463561
1587,0.15618404957
2953,0.15621813293
2318,0.156452778161
1691,0.156635024543
1196,0.157092030112
104,0.157308284101
1292,0.157407680306
1261,0.15778033053
1413,0.157855927112
2310,0.158176684958
2322,0.158195071448
2425,0.158220112975
3596,0.158437131577
711,0.158700892378
770,0.15879450345
975,0.159095601553
2296,0.159224033335
1894,0.159486948427
1019,0.159681284981
1448,0.159861193665
1020,0.160003818584
2887,0.160040010991
489,0.160234788475
1129,0.160376797452
3302,0.160539841902
3545,0.160543241045
2780,0.160582129037
13,0.160618629573
1909,0.160633012888
1082,0.160822839601
1009,0.161136639452
2605,0.161137496048
3272,0.161268245945
3111,0.161381260631
797,0.161570206886
1221,0.161747329894
2443,0.161748464252
2288,0.161859507381
128,0.161998084144
1519,0.16226275341
1836,0.16231945556
2454,0.162362582399
313,0.162400315159
297,0.16242850207
3166,0.162676894299
651,0.162687246398
1824,0.162933850023
737,0.162947093998
1091,0.162995666874
369,0.163063876723
1379,0.163303253389
172,0.163537256048
2908,0.163636884332
1881,0.164327620437
1595,0.164590752171
2787,0.16464314799
807,0.164670116668
1404,0.164763235293
223,0.164785251237
954,0.165321390762
118,0.165375479971
236,0.165664252986
2096,0.166030964104
777,0.16613325315
2185,0.166219451402
1257,0.166221008165
1769,0.166321230696
641,0.166366176438
2305,0.166482831356
1432,0.166678109096
835,0.16675946444
3403,0.167163025912
3422,0.167519464167
1820,0.167678195115
2389,0.167678307534
213,0.167802881294
3633,0.168127383378
3213,0.168138534699
3304,0.168149978192
1063,0.168229195593
3114,0.16829278593
2406,0.168382379166
3851,0.168797578078
1018,0.168861156488
3129,0.169073217387
590,0.169269252808
291,0.169445794003
1120,0.16944980681
3298,0.169560052949
1273,0.169724607431
748,0.169759525346
2171,0.16999380463
922,0.170043713346
942,0.170091860812
2599,0.170931934476
1655,0.17103267761
1720,0.171039184721
1702,0.171177621769
709,0.171241892931
1812,0.171243514409
1454,0.17137363621
261,0.171401436927
2640,0.171780077039
161,0.172428698234
926,0.172579150146
902,0.172597641366
2538,0.17261958285
1862,0.17281460957
2272,0.173179864308
2976,0.173455969436
2364,0.174033666897
1859,0.174067816195
2001,0.174084992785
3135,0.174178690634
1303,0.17419197816
1166,0.174452747758
1995,0.174505363395
3002,0.174515990237
1872,0.174707739686
741,0.174947260791
3036,0.174978835715
1647,0.175079739289
3830,0.175271025888
1951,0.17540998832
981,0.175516523339
3137,0.175715728286
1873,0.175911194774
1771,0.176060451862
3604,0.176266509757
1841,0.176369721847
844,0.176401622941
2459,0.176859454439
474,0.17712742625
141,0.17713477042
831,0.177162557139
224,0.177292080277
2823,0.177312503012
778,0.177386867131
3577,0.177809873634
758,0.177869816986
3501,0.177956767394
2009,0.178029615555
1099,0.178148521688
361,0.17817815194
2024,0.178301250799
803,0.178461673818
2018,0.178811821034
3756,0.179114079665
3456,0.17914303144
1427,0.179160807713
988,0.179218037898
3287,0.179404052918
3023,0.179471572853
3243,0.179625350679
1102,0.179915339324
3684,0.180278074401
3948,0.180295846172
2612,0.180622459518
2581,0.180708460495
528,0.181046176209
1828,0.181106535349
232,0.181461333544
2907,0.181507059073
1358,0.181548364744
2531,0.181599992004
2914,0.181675307945
334,0.181862575668
972,0.182164927516
1473,0.182211446499
2665,0.182316407523
185,0.182333909855
984,0.182355332942
2745,0.182465921007
3877,0.18260532492
653,0.182624825803
3079,0.182736188437
2522,0.182853366766
693,0.183020627555
1392,0.183043004234
1396,0.183148990944
3734,0.183419116013
779,0.183434960087
2977,0.183817297745
1618,0.18459662971
1944,0.184611976105
211,0.185009468488
2673,0.185053632464
1069,0.185059097611
2004,0.185089990958
2705,0.185624326801
941,0.1859544123
1309,0.186173604296
2313,0.186173848929
1190,0.186214396815
654,0.186346695353
880,0.186546205715
762,0.186675396321
2378,0.186825804654
3448,0.187034741947
324,0.187080407033
502,0.187276323874
755,0.187380129669
3400,0.187781170422
2620,0.187802700548
308,0.187917438164
1279,0.188103637331
1229,0.188278536691
3800,0.188321443866
2365,0.188438339316
3495,0.18860009139
1108,0.188914875053
1706,0.188933198094
2447,0.189412260123
3449,0.18956148153
1751,0.189731563594
722,0.189873799511
3611,0.189934473822
2672,0.18994121617
644,0.189953072064
587,0.190322953127
3253,0.19080603806
2284,0.190993483144
2708,0.19133800872
1315,0.191466915842
62,0.191525112399
265,0.191526119839
1732,0.191847013688
3962,0.191881265111
1919,0.191955343268
783,0.191984002982
2400,0.1920566882
2785,0.192413297468
3824,0.192622971319
809,0.193158936706
72,0.193460196435
372,0.193476001154
1682,0.193561259236
2022,0.193573249483
751,0.193613075378
2583,0.193661021673
3005,0.193847222542
3191,0.194143664579
1927,0.194286391431
410,0.194427545878
2730,0.194745625244
490,0.195194436051
1976,0.19531140401
2645,0.195374271226
794,0.196121731715
82,0.19616282637
1324,0.196401823903
678,0.196617372104
3034,0.196856715868
1980,0.19692492016
1998,0.197149640278
1844,0.197299766711
2141,0.197563653381
1155,0.198372926786
405,0.198803940941
1080,0.198810509716
1382,0.198899551705
1903,0.199544890867
1245,0.20002248228
1550,0.200199770923
795,0.200411368107
2027,0.20049943163
1281,0.200502105104
3212,0.200922588075
968,0.201044564425
720,0.201152414487
2854,0.2013758021
1991,0.201422550622
2362,0.20143566716
1638,0.201752336103
3838,0.202098375831
3797,0.202368902417
3692,0.202544554673
913,0.202778377346
3677,0.20281916399
1921,0.203136490484
2159,0.203315646172
2647,0.203530868453
2648,0.203774079411
2099,0.204107815398
491,0.204216206231
666,0.204350091156
2214,0.204395602973
3118,0.204527456686
1320,0.20454496667
55,0.204678228961
3971,0.204681442957
2202,0.205230539983
1700,0.205484021001
1935,0.205727115057
1015,0.205728861147
843,0.205751634094
3303,0.205990995989
1536,0.206106621878
2660,0.206199302473
1215,0.206428201938
2006,0.20644720035
2657,0.206485602108
1574,0.206636493024
2048,0.206758435994
793,0.206764572245
2987,0.206805605981
3123,0.206902574196
3586,0.207008070423
1553,0.207183404732
989,0.207244864433
541,0.207341141866
3097,0.207662779321
3170,0.207977696424
134,0.208148451201
3966,0.208404657689
765,0.208669997244
3804,0.208672662916
1848,0.209304617189
1578,0.209363480096
248,0.209545837793
1907,0.209607073794
3968,0.209968481812
2061,0.210159074805
3234,0.210401335999
3926,0.210541809781
1582,0.210777079352
2157,0.210888714819
103,0.210966581296
1115,0.21109484009
3943,0.21114591066
3488,0.211251301007
2662,0.211372270988
2225,0.21157226531
3163,0.21165731148
680,0.211686344302
723,0.21173825926
3160,0.211858438614
2480,0.211987236655
1913,0.212563650307
2627,0.213071534315
158,0.213419089514
769,0.213512300337
1914,0.213636251657
3214,0.213834671464
3674,0.214228196854
3046,0.214990201924
3366,0.215178752036
1952,0.215195630696
3860,0.215253467872
470,0.215407616881
3019,0.215494564062
1438,0.215692894382
1885,0.215705005695
3651,0.215758913553
3514,0.215851184109
2019,0.215985809527
3884,0.216115080195
1626,0.216459476419
2881,0.216588351683
276,0.217040695498
1217,0.217953828966
1790,0.21811052684
2298,0.218712335808
715,0.218719940874
3841,0.218810506724
3873,0.219025816524
3605,0.219075753784
123,0.219241214816
837,0.219464798069
238,0.219972657452
2751,0.220104179751
1911,0.220196878597
1001,0.22027880397
3790,0.220392237341
1931,0.220481882491
3136,0.2205891619
592,0.221064518056
3576,0.221129257814
3687,0.221208305478
730,0.221250785195
2996,0.221291921705
2636,0.221293527852
1968,0.221301027903
3702,0.221447093684
1884,0.22145711822
579,0.221618200138
3016,0.221851977463
3100,0.221858120793
449,0.222082280034
753,0.222226895891
3721,0.222548012231
1122,0.222677178541
1508,0.223119701571
1429,0.223206586145
3902,0.223630129847
66,0.223809557445
212,0.22395486359
2761,0.223963820581
2192,0.223985010812
2659,0.224152006342
1451,0.22423891258
2177,0.224242687724
3390,0.22425634472
1692,0.224380740105
759,0.224535978221
3737,0.224616227057
1635,0.224625021127
407,0.224972841439
1381,0.225086970889
3842,0.225100700765
826,0.225249441368
2011,0.225686077218
1645,0.225971381872
303,0.22606990588
1616,0.226238239648
596,0.226255866869
2585,0.226317123974
1807,0.226380371749
1179,0.22662234967
2921,0.227246189691
1374,0.227393267208
2840,0.227458534785
1882,0.227603986457
31,0.227684689651
2252,0.228018507098
3625,0.228672116008
3377,0.228984990068
3672,0.229316949698
1794,0.229350319745
3385,0.229419047085
1999,0.229488964774
3148,0.230324464684
540,0.230334838789
2633,0.230413354088
618,0.230985483068
2413,0.231529745243
3640,0.232837331067
2731,0.232940895909
2783,0.233566453589
1350,0.233593166672
1316,0.23415954295
3107,0.234215556661
2639,0.234276136059
3260,0.234303505788
427,0.23469396982
898,0.234717230258
3237,0.235264128551
331,0.235405180282
2494,0.235594868302
3930,0.236230210988
1982,0.236296565752
59,0.23678659072
516,0.236907727391
1957,0.23701422002
3858,0.237088017188
2297,0.237095281752
1366,0.237490801036
2958,0.237508377391
357,0.237689315259
1497,0.237764373294
1081,0.237891990029
610,0.238040982878
2684,0.238056387863
3609,0.238665898403
756,0.238794147842
518,0.238945138027
231,0.238949313229
2641,0.239284681989
1401,0.240015939396
1159,0.240093855584
2337,0.24017181067
636,0.240635552877
2871,0.240716820827
2566,0.240735516102
290,0.240796657164
3199,0.240958429192
3518,0.241299771471
3203,0.241319605379
1649,0.241365257448
3750,0.24137069208
3225,0.241443241213
2097,0.241528421214
2981,0.242533045692
919,0.242864025663
3007,0.243123698014
1728,0.243924921041
385,0.24397875516
3731,0.244215450077
420,0.244222844094
3233,0.244945340303
3540,0.245155735536
1630,0.245195947758
2658,0.245273208255
345,0.245378526878
2891,0.245444587479
3528,0.246861869392
619,0.247022992655
1874,0.247200981156
339,0.247400999732
1875,0.248126564633
3475,0.248258812616
2346,0.248737251509
2713,0.248850373552
79,0.248853199012
2967,0.248917453089
1318,0.248929018234
3828,0.24907329445
1313,0.249257969632
2675,0.249310986431
2724,0.249383532115
3168,0.249468690851
3525,0.249961511361
1070,0.250592857335
2733,0.250832414368
435,0.250836237485
1673,0.250890500796
1406,0.251039361945
1044,0.251538754767
3,0.251797343676
1525,0.252449369274
3313,0.252472551579
3693,0.252666661566
3162,0.253047304385
3557,0.253076141261
3440,0.253127561164
617,0.253167264782
1012,0.253554688497
148,0.253730495966
3011,0.253776127952
457,0.253826990903
365,0.253884814954
2797,0.254179401051
690,0.25447109849
1338,0.254571691818
869,0.254675809626
30,0.254809136172
3578,0.25540381368
969,0.255534848662
382,0.256056414493
2701,0.256307284496
763,0.256703510801
329,0.256895549753
1113,0.257011424946
597,0.257969858365
2746,0.258247029783
2000,0.258335101096
2036,0.258636369965
133,0.258665432769
936,0.258974701205
3480,0.259237033361
1710,0.259376546365
1958,0.259547963655
176,0.25971566413
3319,0.259780713556
1114,0.25983034381
1764,0.260120724524
75,0.260388341329
3886,0.26073805655
1565,0.261012311408
930,0.261708450057
1436,0.261963942988
994,0.262201442068
3087,0.262373686619
1286,0.262488601193
1349,0.262540645174
257,0.262587094366
1514,0.262622233157
3394,0.262657348715
2085,0.262815047972
1767,0.263178686648
1463,0.26318640587
1740,0.263333684588
390,0.263350860079
1472,0.264170681299
1569,0.264239748457
1897,0.264307501692
1677,0.26439052299
2845,0.264860018563
2758,0.265039638042
1703,0.265040376669
1025,0.265231990865
836,0.265460126427
3072,0.265608912549
971,0.265955927246
554,0.266325850886
2312,0.266429069491
3635,0.266643762798
3256,0.267117703148
804,0.26756495308
1744,0.26797405145
3286,0.26799736737
573,0.268095992778
799,0.268173524753
3041,0.268622160201
1778,0.268751781584
3542,0.268893613989
584,0.268973058593
535,0.269204329303
2917,0.269212638292
761,0.269481037979
589,0.269533839998
677,0.269912385347
549,0.270068406184
246,0.270242004036
3263,0.270966712151
1332,0.271046604213
34,0.271923317262
3219,0.271990995769
1052,0.272558821949
890,0.272877109134
3327,0.273081656536
1444,0.273336487878
1818,0.273598500096
3395,0.273895765301
716,0.273908484658
1300,0.275048248
2846,0.275113561394
821,0.275599126019
3177,0.27581304179
2687,0.276097397609
1512,0.276328253081
1805,0.276375250086
574,0.276779999603
2718,0.276803598623
1051,0.2768638183
3294,0.277321849933
2291,0.27752920352
1501,0.277768206607
1727,0.278982558006
3527,0.279761621561
1928,0.279771881859
1592,0.279776916326
105,0.279960456769
812,0.280242138703
2186,0.280414413015
341,0.280822567251
3039,0.281385969712
3193,0.282408610323
1170,0.282456011631
1504,0.282809598952
3697,0.282856847325
3207,0.28306928508
3010,0.283258259939
1446,0.283736335231
2955,0.284140747749
685,0.284253515851
2025,0.284347239869
2205,0.284500659796
2626,0.285313317514
2844,0.285609649649
1440,0.285785758865
1275,0.286061789099
3741,0.286327926516
3077,0.286713192636
2932,0.286922399811
1606,0.287229988329
477,0.287352015255
3491,0.287971351554
710,0.288305820632
2262,0.288409619019
2126,0.289061933536
1766,0.289435630771
593,0.289537357929
3209,0.289687917846
1543,0.290230287178
7,0.290867395548
1545,0.291267157723
3471,0.291529287452
3730,0.292260756147
3412,0.292287918005
3018,0.292847396325
1679,0.292879607185
3306,0.293137512325
1085,0.293388540923
698,0.293536828463
1709,0.293625888451
1699,0.293886372163
1876,0.29392728704
616,0.294026221108
3438,0.294170578247
3262,0.294318999078
2435,0.294513929737
1210,0.29456644174
605,0.294595265372
2584,0.295268566872
3379,0.295311813537
1357,0.296988344795
586,0.297020303649
3042,0.2975234863
156,0.298101421796
1780,0.298239520376
3295,0.298603287212
811,0.298630867239
3618,0.299348270034
1258,0.299495002106
933,0.299507607921
3831,0.299698923046
2832,0.300459433413
39,0.300481978475
1965,0.300810003185
889,0.301457810297
3365,0.301491888448
551,0.302359961454
3889,0.30294054474
1084,0.303025048658
424,0.30441325181
1878,0.304754190427
3656,0.304775463444
132,0.305084998158
3670,0.305512728397
2948,0.305863007692
2768,0.306012887506
2715,0.306770211866
3497,0.307387699144
1674,0.307495253603
3086,0.308323910469
2984,0.308453871972
3414,0.308514671336
1321,0.308732147117
1529,0.309201527609
1850,0.309617604281
1534,0.309697934861
48,0.309767871096
1183,0.309805883436
3913,0.310002411149
3430,0.310305885098
3215,0.310575017091
3415,0.310709289533
1142,0.310930506294
3380,0.311459430079
1503,0.311708216394
10,0.312072720042
3124,0.312776693565
486,0.313035195638
3341,0.31307653534
3852,0.31332531354
1408,0.31347463326
173,0.313561335559
3080,0.313582573866
87,0.313686639299
1725,0.313747719716
601,0.314379842813
2830,0.314411520385
2175,0.314588711045
2361,0.314685213518
948,0.314746564206
2794,0.314926858149
1763,0.315261466436
88,0.315367412828
3462,0.315941615362
652,0.315986250001
673,0.315986250001
3196,0.316279269793
598,0.316282978978
3013,0.317664050837
861,0.317858497167
1549,0.31830220495
625,0.318510941069
2440,0.318890087703
3421,0.319333132678
3845,0.319418596782
2892,0.320408082784
534,0.321503809828
1505,0.321681011383
1658,0.321755839796
2711,0.32194851595
862,0.322387558295
45,0.322503179895
85,0.322533647065
915,0.322636352203
2728,0.322866839054
1469,0.32324054061
3346,0.324111502539
612,0.324124199259
274,0.324395994716
433,0.324800203916
684,0.325275000836
664,0.325666085873
1496,0.326226066074
381,0.326319864157
663,0.326391549643
3642,0.326580036907
1489,0.327815711356
478,0.328220097751
298,0.328492215696
2050,0.328557534275
1694,0.328664713983
639,0.32949192324
1095,0.329806961469
480,0.330695310945
3559,0.331285588503
2737,0.331417467474
3202,0.331518720077
505,0.331644354677
682,0.332394940912
813,0.332717384841
907,0.332965761573
258,0.333131326827
459,0.33314968899
3009,0.333234721185
2852,0.334134827354
635,0.33423966018
3331,0.334365757906
1283,0.335103497513
818,0.335235950649
2772,0.33533564446
3517,0.335830600688
509,0.336571351357
1646,0.337703543178
3259,0.339377956708
603,0.339457688
3369,0.339722907813
2739,0.339747780654
3450,0.339963845104
2231,0.340151504764
1482,0.340353374056
976,0.34057187637
3667,0.340626263797
1666,0.341127020213
700,0.341742854425
53,0.342001737262
65,0.342025678215
655,0.342364161232
863,0.342393946904
876,0.342393946904
1343,0.342518504148
2859,0.342565827794
2107,0.343172897021
2568,0.343178202554
1246,0.343484926356
2663,0.344114511698
729,0.344162205283
1770,0.344362155094
1260,0.344998734894
623,0.345056278176
878,0.345312738505
146,0.345370650333
529,0.345830830647
594,0.34631939531
69,0.346375907145
3785,0.346422562334
3573,0.346574531412
2775,0.346629529259
268,0.34664882727
1425,0.346733719469
3337,0.346776141193
626,0.347323797413
1695,0.347995978852
2668,0.348278021423
1037,0.348287925498
631,0.349450447783
3627,0.349677957866
1858,0.34980073359
1400,0.350015282885
3062,0.350429751448
888,0.350642408574
3707,0.351004553103
3186,0.351065169666
1239,0.351978738196
920,0.352258556659
1686,0.352547011543
924,0.352568551722
318,0.352821732613
58,0.352972877259
3075,0.35314015711
2474,0.353323319308
944,0.353776978114
3187,0.354386910934
2819,0.354850233923
3255,0.35519316937
130,0.355400882591
371,0.355533720823
1870,0.355622835975
1,0.356172143906
1397,0.356852875271
2371,0.357281259591
3521,0.357310405491
2066,0.357403585736
656,0.357588132374
2016,0.357742683063
633,0.358420779538
808,0.358421481026
2540,0.358547674921
882,0.359048467653
1660,0.359674942778
1704,0.360116732797
1259,0.360122835542
1656,0.360931788151
568,0.361274457718
314,0.361575028105
1738,0.361720388477
611,0.362060273279
1561,0.362487872173
588,0.36327781521
3194,0.363611133693
3891,0.36362832408
1171,0.363905462868
3593,0.364179602979
60,0.365305268703
389,0.365613096714
1758,0.366375434011
1355,0.366401873782
2829,0.367076927473
2843,0.367783580132
3924,0.368242482369
2812,0.368653901256
165,0.369201074994
1594,0.369298042089
3793,0.369481479343
1464,0.369533317844
3452,0.371612557739
1226,0.371888771426
222,0.371948238456
3109,0.373334585582
2228,0.37366954876
3683,0.374150915439
1143,0.374204897304
1152,0.37452141831
4023,0.374797344234
3788,0.374838854751
3680,0.375713588414
3550,0.375925063746
2784,0.376268477576
851,0.376278320921
3906,0.376346618297
3762,0.376824293389
742,0.376917048247
221,0.37805128321
2448,0.378354568085
3703,0.378750827015
1975,0.378872222586
846,0.379088905428
50,0.379650640712
1726,0.379780246834
1337,0.379806941455
121,0.380214574568
962,0.380274320069
3264,0.380357464917
1507,0.381111033717
522,0.381404477982
4030,0.38206809419
1167,0.382255416976
1189,0.382394346861
3001,0.382604064854
2759,0.383013069447
1041,0.383069863487
3223,0.383094802459
3020,0.383288002539
2317,0.383494183487
1418,0.383564579832
1007,0.383587372042
3176,0.385188059063
3654,0.385253381057
1678,0.385275699157
1419,0.385434424786
1883,0.38545114252
1852,0.386508780913
1241,0.386515325389
3760,0.386881086815
3574,0.387145503194
3758,0.387342911175
2965,0.387627419242
1294,0.387686488457
3584,0.388357048433
3485,0.388517007806
3289,0.388545057256
1188,0.388571159524
3506,0.38859441158
1225,0.388651085581
3558,0.388799597398
1299,0.389015485225
2686,0.389054603872
1450,0.389171478754
3780,0.389516739598
2802,0.389884170913
1625,0.390021575196
3869,0.390031362133
1634,0.390179287373
1109,0.39125448836
3794,0.391281852311
249,0.391821754148
3658,0.392372205584
3951,0.392581492416
3192,0.393111284526
1960,0.393543078439
242,0.393943128575
1223,0.394732121681
865,0.394733477507
868,0.394733477507
575,0.395226230723
2012,0.395562791726
29,0.395964381968
3431,0.396066944176
3563,0.396279625459
2865,0.396543550209
1236,0.396883467005
3112,0.397163468584
84,0.397511803468
2707,0.397595214006
3833,0.397651594287
3273,0.397756581932
1247,0.398428051904
2836,0.398962308939
208,0.40092707088
1671,0.400928830618
1801,0.400997623475
740,0.401042148639
3826,0.401539654871
2335,0.401659041152
2702,0.401710159873
2622,0.402164034769
3279,0.402231888633
3359,0.402571696768
3736,0.40319081178
295,0.403626772481
1526,0.403938468147
1860,0.404327071702
1830,0.404508422749
2628,0.404511100441
991,0.404571295857
3276,0.40479670255
1781,0.40527677824
2453,0.40554841799
3032,0.405742199149
3285,0.406370215778
1422,0.406408631223
990,0.4064527856
3900,0.406484501979
2023,0.406696351916
380,0.406767285791
850,0.40680323592
3058,0.406821591353
3705,0.407008562157
3211,0.407341482905
2876,0.407886726337
3947,0.407897581457
178,0.407928642314
204,0.408109289491
1310,0.408209469086
2947,0.40822281292
472,0.408231954192
1773,0.408818373776
1785,0.409226597535
3093,0.409569248148
3810,0.409687588159
94,0.411135209741
1220,0.411664747381
2411,0.412367340167
2342,0.41249498883
2049,0.413076119555
344,0.413936898507
1642,0.41401961003
2938,0.414104970505
2488,0.414720685767
672,0.41490446646
3982,0.414972121729
1624,0.415281113641
3718,0.415358072887
429,0.415503142878
3367,0.416351890705
1010,0.416446370819
1296,0.416539295591
3373,0.416612669511
3356,0.416724640745
886,0.416986284752
3556,0.417390108487
1775,0.417611331693
2825,0.417735990052
3281,0.417918317495
3486,0.41797641658
3357,0.418033881928
1411,0.41818044492
2401,0.418370900882
1011,0.418718782652
736,0.419022502529
3110,0.41922831957
1500,0.41964158035
3484,0.419663904495
2091,0.420133613627
622,0.42015833761
80,0.420166781484
1779,0.420327162099
1906,0.420624770874
125,0.420933661983
721,0.42128345073
3189,0.421552738572
2978,0.421648581835
3569,0.421757801857
2035,0.422251255491
1541,0.422587302323
1930,0.422652343307
485,0.422706404736
2690,0.422900118335
2809,0.423682473041
2762,0.42372783348
3617,0.423795139784
2207,0.424000770392
5,0.424097385063
2270,0.424098308341
3533,0.424207154587
3944,0.424364921098
2426,0.424373046628
2883,0.424556712052
1348,0.42494666675
3409,0.425270863426
1575,0.425392760855
3929,0.425962546939
2236,0.428141153046
3822,0.428975115471
466,0.429448117394
3092,0.429619440745
1887,0.430625288445
2644,0.431642294083
2695,0.432324848101
4031,0.432478717796
3714,0.433064489575
3275,0.433220786588
735,0.433284337293
159,0.43328527938
2870,0.433839465663
583,0.43388333262
3103,0.434035983774
3463,0.434168138701
4014,0.434308702732
578,0.435243438284
627,0.435243438284
658,0.435243438284
659,0.435243438284
2618,0.435593065668
3568,0.435904024901
2868,0.435950516624
1306,0.436152923254
3722,0.436203088437
662,0.436344221464
2779,0.436499405864
1371,0.436859421035
647,0.437234176349
2397,0.437756876086
670,0.437759170438
3503,0.438014801254
3997,0.438229533065
3393,0.438513952692
3998,0.438694802941
782,0.439093120153
600,0.439416871066
643,0.439416871066
661,0.439416871066
640,0.43964266139
3832,0.439849799667
615,0.439971970061
3024,0.44009749145
3248,0.440947422238
346,0.441128065973
599,0.441367248757
3969,0.44136978598
675,0.441444606238
577,0.442285673762
3870,0.442707386667
3711,0.44334729477
3069,0.443540893684
681,0.444579352045
3221,0.445220139965
3235,0.445796972442
3404,0.44590978035
1481,0.446477169863
3512,0.446866647837
63,0.446958224056
733,0.447453510856
3352,0.447744594469
582,0.448493820949
632,0.448521194268
2841,0.448562103558
3706,0.448674241245
2848,0.449419794265
650,0.449534110948
798,0.45084837369
1121,0.451633386518
2995,0.452766494034
120,0.453361986533
3151,0.453495780935
4021,0.453759692931
2764,0.454081115251
2813,0.454475103232
3994,0.45511985091
3509,0.455321041332
168,0.455569963435
533,0.455676055225
825,0.455914488839
1904,0.456591961841
1415,0.456672665971
4009,0.457083563019
3526,0.457169528779
196,0.457712304254
3782,0.458069422641
3231,0.458277060545
302,0.458301762413
1453,0.458467116241
57,0.459515246314
2277,0.459629188783
3326,0.460765099559
679,0.461050541712
1492,0.46107350949
3236,0.461729622675
964,0.46179606449
2795,0.461951183087
1304,0.462224234983
2197,0.46293762556
657,0.462999644773
1131,0.463032370901
3796,0.463559875516
2514,0.463863110181
595,0.464204763849
3590,0.464453953791
198,0.464481770843
1311,0.464831006457
3210,0.465133388498
3529,0.465634796804
338,0.466264292032
1165,0.466305174132
1633,0.466319226415
2999,0.466611820627
1412,0.466652292212
671,0.467226334084
3315,0.468961792587
771,0.469508570703
1681,0.469846497259
3442,0.469964351528
2803,0.470080909353
2979,0.470301889146
2851,0.471044876209
2766,0.47110560637
768,0.471142908726
171,0.47201477346
3786,0.472955937089
3278,0.473011897262
3629,0.473132822116
3829,0.473406760086
3455,0.473509273883
4004,0.473999750053
22,0.474049303669
16,0.474061423013
1035,0.474346096455
2173,0.474690619786
2286,0.475097687546
3420,0.475904795917
1537,0.477392796369
1139,0.477401033701
281,0.477408002466
786,0.477686375267
3139,0.477704737582
3643,0.477980255499
1672,0.478440955426
3591,0.478675287233
2726,0.479484836784
1745,0.479504786696
2918,0.479563504784
3157,0.479653325964
3088,0.480229540102
4038,0.48105812037
3171,0.481515623712
1815,0.4815858096
1428,0.482012456363
1106,0.48209520985
1062,0.482739998886
905,0.483184515527
2452,0.483545257659
2789,0.483773295631
3068,0.485528830252
665,0.485532357327
150,0.486057024244
3909,0.48627748901
3307,0.487762431173
2129,0.487780015013
3921,0.488248701231
2821,0.488466798247
3768,0.488703092399
3081,0.488920793161
3173,0.489002159394
38,0.48905723793
3603,0.489140693711
3468,0.489189461045
2534,0.489963331927
3835,0.490007378902
3167,0.490345594889
2734,0.491204244324
3872,0.491229634154
1988,0.491519667751
3043,0.491674744098
2831,0.492011934809
3713,0.492055859906
3779,0.492145329667
2990,0.4928133026
3599,0.49354361299
3458,0.493650756875
284,0.494343563494
3534,0.494357637325
833,0.494887491059
3493,0.495231836309
184,0.495693067187
4019,0.49607549399
2497,0.496465887306
3896,0.49684259043
1787,0.496970208504
2964,0.497012541766
4018,0.49739508402
3329,0.497634265779
998,0.497818337231
776,0.498568845776
3728,0.499036741709
2545,0.499083445376
92,0.499121241222
949,0.499240798816
3464,0.499289727388
2089,0.499503952397
180,0.499561240311
4026,0.50055029843
3764,0.500836761265
3867,0.500978796762
3681,0.501119440158
3817,0.501152386458
3907,0.501288931455
3340,0.501746226275
2807,0.502940439444
3095,0.503401423286
3712,0.504287130156
3740,0.50473026444
3945,0.505510924923
3553,0.505709644506
1650,0.505916473865
250,0.506410725898
864,0.50679186472
2162,0.506909692555
1667,0.507319601599
3710,0.507545125967
2735,0.507819501465
3719,0.508423904986
3555,0.509332932013
3753,0.509971692606
194,0.51011981249
1531,0.510917703477
3623,0.511357357228
2260,0.511463308751
3986,0.511495616904
299,0.511618274433
3981,0.51188313316
3601,0.511904439721
667,0.512073895345
1853,0.512200979293
1490,0.512874341689
1950,0.513167521775
965,0.513418635758
1544,0.513440746641
3931,0.515141474229
1585,0.515474221989
3469,0.515503071782
3496,0.515558981383
3050,0.517113930684
2314,0.517216651699
320,0.517312242099
973,0.518280205659
197,0.518806010786
3646,0.51890199806
1414,0.519684234339
101,0.520135532311
816,0.52017764322
2900,0.520563935731
1990,0.520644366537
1042,0.521447138306
3995,0.522817279457
266,0.522832805044
3636,0.523071695742
3738,0.523126984905
3915,0.523433336114
3755,0.524770438337
576,0.525020501907
330,0.526104446795
251,0.526126516932
1417,0.526286052913
1969,0.526436580349
3312,0.526480336518
3249,0.526630495563
1072,0.52665430683
3328,0.526812822747
2696,0.526885441224
127,0.527208369592
3241,0.527548455577
1651,0.527987395564
2682,0.528316212478
4013,0.528518281638
871,0.528822347905
4020,0.529302974747
746,0.530181962516
571,0.530249414512
2723,0.530375577504
2747,0.530459241802
2403,0.530859004819
3880,0.53095644355
3094,0.53098800652
1936,0.531639364026
2082,0.531737113282
1631,0.532640884013
3178,0.532963450565
1527,0.533074202712
254,0.53370277077
3245,0.533722094709
2816,0.534169199824
1743,0.534246908209
2888,0.534512182291
3144,0.535001153907
3976,0.535914055127
3460,0.536333522232
2667,0.536427061176
951,0.537637315353
108,0.537643252242
2248,0.538279542887
1733,0.538329177111
24,0.538342056067
3608,0.538784762485
1533,0.53885817728
2503,0.539611915939
3620,0.54005046564
1216,0.540286251446
2856,0.54029530345
1831,0.540431568152
3561,0.540519612386
3197,0.541246094852
54,0.541535778089
1697,0.541828690805
3648,0.541989835229
3903,0.542103021644
977,0.542448609405
4003,0.54289279407
893,0.543174146137
4002,0.543605225328
3388,0.543619139608
288,0.543830337748
3866,0.544513634524
3498,0.545045143362
2080,0.545089200858
3410,0.545260304704
903,0.545526095447
2769,0.545759949752
1228,0.546117674227
1314,0.546244799868
4017,0.547240762071
217,0.547362948986
3229,0.548260573113
498,0.548285459721
2146,0.548339906295
106,0.549769648134
2818,0.550119283861
3492,0.550354382146
3988,0.550878187236
940,0.551567595036
3690,0.552019902077
3821,0.552595798389
3615,0.552646430813
992,0.552891939726
3940,0.553498495135
1817,0.553999842917
3818,0.554182253812
2934,0.554359938152
3934,0.554411391393
1213,0.554488228073
2968,0.55463985277
187,0.55482198828
260,0.55488731769
3138,0.555320953818
822,0.555607534626
4000,0.556544735927
311,0.556950629782
3803,0.558263674388
1548,0.55854748534
3454,0.559190816654
3392,0.559443978495
96,0.559751810573
2014,0.56033337749
73,0.560649417794
3802,0.56085581931
2923,0.56097065119
3989,0.561136595254
3645,0.561828609483
1434,0.561874871985
2341,0.562319811259
1978,0.562591907501
963,0.56367296715
1518,0.563771729647
3044,0.563818824802
3499,0.563895463782
938,0.564269719112
914,0.5645931699
2517,0.564947050406
3735,0.565318085509
2193,0.565914944967
1077,0.56597579464
3466,0.566058546972
3443,0.566396821236
448,0.566452583953
1847,0.567150244556
1910,0.567725881513
2878,0.567877794316
3855,0.568179331611
628,0.56872955511
3621,0.568881711379
3358,0.569064466092
1895,0.569100084542
3634,0.570120171165
3371,0.570996302873
3474,0.571018905955
1901,0.571620684639
2166,0.57287028805
2493,0.573056146375
3761,0.573447215229
1670,0.573866235328
2710,0.574236412809
2114,0.574788935631
3862,0.574849974781
3505,0.575192672644
562,0.575320005317
1869,0.575902654739
3850,0.576250239919
1562,0.576356998815
3205,0.576497905388
3554,0.576676643503
2693,0.577219756452
207,0.577223964853
3254,0.577452446171
1739,0.57764051397
235,0.578252365188
1161,0.578290514358
3153,0.578463087961
2160,0.579414286496
3784,0.579563194466
3520,0.581179037555
1837,0.581429680889
3418,0.581489453995
1687,0.582137535914
1308,0.585108779797
3815,0.585507577704
1169,0.585914284065
64,0.585930675837
189,0.585930675837
2120,0.58638772556
1564,0.58642012578
2256,0.587226629321
1441,0.587361442303
2182,0.587523727862
2577,0.587737090467
1274,0.588457708996
3592,0.588689854986
1808,0.588806660277
2677,0.589055092626
3956,0.589105930071
1385,0.589212576321
2013,0.589512127258
349,0.589702262977
3349,0.589914663342
229,0.590461261
1118,0.590635714793
3323,0.591065491554
1452,0.591074208982
621,0.591141061887
1097,0.59143966153
3825,0.591512208481
2685,0.591642468513
3048,0.591647664661
857,0.59211667213
1141,0.592163854897
3552,0.592340026652
901,0.592740074197
2961,0.593148686246
3881,0.593458630067
3510,0.593554297621
2412,0.593717023567
1333,0.593776558485
3057,0.59401440043
3461,0.594169385321
1127,0.594504766571
1798,0.594574193776
3334,0.594807305322
704,0.595239218325
790,0.595342534097
2656,0.596290441659
1601,0.596293582817
1378,0.596705029937
2942,0.598201178884
2523,0.598477487595
3015,0.598823117978
1364,0.599592793697
1880,0.59977135258
2580,0.599955699711
3792,0.601833830839
3133,0.602409282712
3457,0.602463150229
629,0.602472509741
2265,0.602642421545
3927,0.602813719403
1468,0.602839718517
3773,0.603487259261
1568,0.603865826754
2358,0.604253329807
3067,0.604493019176
2858,0.604629158244
2442,0.604851557974
4011,0.605191302756
2402,0.605626544474
1232,0.606458904019
269,0.606559253334
1498,0.606887232856
908,0.607459378463
2895,0.607961586786
2791,0.608885162476
789,0.608986819808
2744,0.610473831787
2119,0.610489470082
3993,0.610932955425
1263,0.611368573226
3972,0.612059154459
2962,0.612460261743
3535,0.612608940986
3508,0.61364654438
2811,0.614094716616
340,0.614260041571
2405,0.614523706228
1013,0.614656673355
1187,0.615343931867
1244,0.615362458644
1005,0.615887231501
3470,0.616176919604
839,0.617083784223
3383,0.618205319303
3242,0.618597294957
854,0.618616127379
1593,0.61885080049
3300,0.618941506168
2804,0.619529733795
3763,0.619963315985
2230,0.620602602679
3715,0.620691829633
3156,0.620711937142
2941,0.620918242153
1319,0.621064459009
3752,0.621487294785
1133,0.621508571405
3524,0.622544571383
3698,0.622733766733
3547,0.622843022274
2801,0.624138080774
1137,0.624167401626
3222,0.624983612229
3246,0.625565185814
2614,0.625824352082
3769,0.6258606245
3343,0.62597981232
1566,0.626049430209
806,0.626207326185
3937,0.626271685462
3292,0.626643946025
3602,0.626732784325
3361,0.62693760854
3208,0.627081656331
1360,0.627095635505
1212,0.627299251646
3663,0.62805969285
2570,0.628354462932
270,0.628596032203
437,0.6286111841
100,0.628791645439
1555,0.628873245473
1629,0.629110320345
3918,0.629561674552
126,0.6297490679
3511,0.629895541451
1806,0.629899329575
317,0.629990892444
1493,0.630104388476
2957,0.630468592337
712,0.6310837982
1064,0.631230582926
3270,0.631297377418
2156,0.632000561649
3778,0.634888405018
3459,0.635194550818
3726,0.636587133175
3244,0.636819448709
27,0.637011997911
3370,0.637148565886
796,0.637270761357
1506,0.637319841619
2837,0.637576212116
1055,0.638531994597
714,0.638556521104
2562,0.638704618886
2490,0.638739282588
117,0.638973649981
347,0.639290252045
1648,0.639552119521
3612,0.639687088629
3861,0.639830219333
958,0.640183338741
1317,0.640232442725
2070,0.641147380706
2697,0.641235569428
1567,0.641769380838
1866,0.642431972998
3685,0.642700266196
3985,0.64320466471
3472,0.643439274547
3765,0.644093500789
1698,0.645318470703
283,0.645324186484
3631,0.646917971429
1602,0.64696741451
3543,0.647418581215
1136,0.648997310838
1511,0.649619658986
1424,0.649674616116
3164,0.650645375201
3564,0.650899828959
1797,0.651160100293
4027,0.651182204647
2980,0.651431386774
3973,0.652278299136
2130,0.652428885756
2727,0.652539636153
1934,0.65295311944
3130,0.652976706095
1756,0.654577181312
1654,0.654791829625
129,0.65604866741
2822,0.65781686887
900,0.65867271754
3630,0.658822490212
312,0.659475034003
732,0.659679731409
3895,0.660110092597
1696,0.660263514919
41,0.660377740399
2455,0.660527950537
2882,0.660723649452
1249,0.660731843047
163,0.660964844254
1307,0.661333061349
2790,0.661848778503
3957,0.661937419158
326,0.662074444157
4037,0.662604291892
77,0.66275050556
1825,0.664257777153
1363,0.664558586185
3876,0.664780063951
1747,0.665788694704
3666,0.665996064624
115,0.667112964388
1974,0.668814884403
1093,0.669255411934
2847,0.669513249824
1977,0.670738290461
3970,0.671989679479
1089,0.672502378769
3402,0.672641442337
51,0.672709483725
83,0.672709483725
237,0.672709483725
1098,0.674875149669
707,0.675138935045
3436,0.675170744645
1150,0.675191308877
3777,0.675279390722
2933,0.67551634275
1455,0.676125727839
3668,0.67694396995
116,0.67711222097
343,0.677929780596
1266,0.678763808731
3840,0.679060961483
931,0.679116621335
1829,0.679515154098
2152,0.68102302045
3991,0.683947308014
2855,0.684260202636
3614,0.685051567366
3515,0.685493183036
2219,0.685681214958
14,0.686280062171
3405,0.686699998433
214,0.687345194612
3548,0.688076754558
3061,0.688127972978
2316,0.688634280633
3914,0.689024144623
1588,0.689177321663
867,0.689590706861
1705,0.68961058797
1140,0.690821714424
2678,0.691359867656
872,0.691588496254
874,0.691588496254
144,0.69176434311
3958,0.69222306889
2760,0.692266849866
2181,0.692498170422
2692,0.692840438353
1803,0.693391480105
1442,0.693511962003
1151,0.693907339293
2826,0.694921582201
1421,0.695458494731
885,0.695747493139
1905,0.696026101768
2587,0.696120186285
3898,0.696518417525
3795,0.696768469296
3572,0.696801792446
3479,0.696812411184
3562,0.696812411184
3613,0.696812411184
3649,0.696812411184
3695,0.696812411184
3883,0.696812411184
530,0.697083829242
3159,0.697483581931
175,0.697867475689
226,0.698860942358
3516,0.699400258743
1748,0.699730933473
3481,0.700307051617
3523,0.700307051617
873,0.701501158612
887,0.701501158612
3532,0.7028202895
1784,0.703185113891
3639,0.703298784135
3919,0.703298784135
1186,0.703475057218
1922,0.703837121559
725,0.703885021311
17,0.703936349816
1494,0.704002543851
2820,0.704045801886
3770,0.704477220964
20,0.705782663457
2688,0.705898602281
3594,0.705971057826
1615,0.706597021856
3374,0.707763186079
2651,0.708869893628
1022,0.709507303525
1749,0.709670273736
3483,0.71004015008
3429,0.710849920942
3190,0.711337931136
300,0.711375417708
406,0.712530830751
2424,0.712562242239
2158,0.712846192265
28,0.714442556849
3522,0.714651778161
961,0.715435305009
2954,0.716567221366
149,0.717511966591
943,0.717528855922
1719,0.718311504648
986,0.718874328013
140,0.719267608805
336,0.72009318364
2357,0.720406273261
1599,0.720459678427
2884,0.720599195481
3827,0.720627471529
2725,0.721612990878
3628,0.721712938522
3482,0.72247668557
3950,0.7231004817
3155,0.723840112854
3823,0.724075977658
791,0.724276050505
1433,0.72430087444
2170,0.724692811911
3217,0.725359721986
2771,0.725789005568
1268,0.726611937719
3165,0.726918759654
1410,0.72762478633
3622,0.727752591319
383,0.727769392907
36,0.728302534937
1356,0.728912100089
2360,0.729676423498
3843,0.730252527175
2752,0.730524935721
3772,0.731959809915
689,0.732149343085
1103,0.73217378724
2105,0.733388984207
3598,0.733862676423
3686,0.734025905241
1933,0.73444956348
3878,0.734568915479
137,0.735106253137
139,0.73512999077
111,0.735475683037
767,0.736463008123
974,0.736747509709
1073,0.736774505321
1090,0.737093812314
1197,0.737218271641
3030,0.737260231787
3644,0.738823700161
3175,0.740876898636
2997,0.74103178822
135,0.741648490372
309,0.741648490372
2709,0.742114253137
3583,0.742450863437
832,0.742862014569
1478,0.743222444281
2700,0.743938069267
1342,0.745218371007
1461,0.745577281931
3759,0.745908750835
1144,0.746465930278
691,0.747875270657
1000,0.748169436266
702,0.748245064589
3936,0.748256584503
2373,0.748342161639
1384,0.748601755506
3791,0.74882518211
2935,0.749132305502
3836,0.749517350976
877,0.749633280488
2008,0.74999245279
3467,0.750211026225
3502,0.750438087429
19,0.751039631013
2898,0.751119998262
884,0.751607251711
1641,0.751839317174
2,0.752690338817
3747,0.75339473915
3767,0.753716170725
2051,0.754102117291
1328,0.75426771269
3519,0.754443813961
1814,0.755201694936
1134,0.755332905234
2251,0.755344232731
1777,0.756734375409
3888,0.75752298429
76,0.757575263291
3669,0.757775332548
3700,0.757775332548
3813,0.757775332548
3864,0.757775332548
3911,0.757775332548
2722,0.757795373367
1325,0.75830326793
3928,0.758591639594
1892,0.758654137325
294,0.759223929843
164,0.76004710664
1262,0.76057033722
2466,0.761384469873
3754,0.761814636481
3425,0.762688856106
1234,0.762834011201
3560,0.763800346673
3691,0.763800346673
3717,0.763800346673
3744,0.763800346673
2227,0.764274631591
935,0.765292624126
1094,0.765850766535
2217,0.766047940838
1802,0.76629232382
4034,0.766531864991
802,0.76689715059
3933,0.767395842814
3308,0.768564408415
970,0.769231921031
939,0.770251673396
1178,0.770360268211
1088,0.770411281316
3941,0.771771386368
1058,0.77179682062
3266,0.773622195262
881,0.773828189395
3507,0.773848624891
3500,0.773920311551
3834,0.774705126564
2238,0.775006787008
1033,0.775228771255
3776,0.775414428173
3847,0.7754643669
3908,0.77549148342
1023,0.775976800169
1961,0.776157495506
1711,0.776324658321
870,0.777745701838
2456,0.778548574946
2558,0.779770600728
3661,0.780080390325
3610,0.780853697707
3487,0.781826696509
3837,0.782359592305
234,0.783063920026
3477,0.783276229195
3671,0.784956540339
1865,0.785851928335
895,0.787249268693
1346,0.787861667973
2903,0.788936504492
3960,0.788964180593
3978,0.7890597203
3964,0.789086309358
1147,0.789316010186
757,0.789508669414
1731,0.789619648483
1855,0.789827802621
1162,0.789841462586
3839,0.790162259497
3996,0.790221591887
660,0.790648405933
1856,0.791410429129
162,0.792011103491
2076,0.792555204858
3757,0.793026500025
3465,0.79323878492
3579,0.79323878492
2486,0.793616229693
3774,0.793650081529
879,0.794312288282
3161,0.794366879298
3105,0.79558573874
912,0.795907799287
1521,0.79656185806
858,0.796692069658
2963,0.797150348192
3975,0.797345395909
3708,0.797664863355
3723,0.797781016416
1174,0.798581559763
3571,0.798628852875
1949,0.798667702062
3961,0.799291257755
3977,0.800306709331
310,0.800327446645
3099,0.802750449443
3967,0.802769421492
1445,0.803278855834
2450,0.803497881361
151,0.804213550137
3659,0.804215499625
4033,0.8048547952
464,0.805121873237
3398,0.805220248521
124,0.805686848005
1477,0.806162688729
3587,0.80633499239
2349,0.80686161009
3478,0.807154499186
1676,0.807168389287
785,0.807632423095
3809,0.807826469089
1008,0.808151253428
3920,0.80844400739
2505,0.808669948898
1924,0.808896929407
2388,0.80915317343
2632,0.809573140931
2798,0.810126755402
4005,0.810135249019
2983,0.810674423287
3597,0.810702845525
750,0.810834980969
44,0.811306173587
3992,0.812178122804
3999,0.813227839753
3979,0.813458382002
2513,0.814462843191
3655,0.814612121992
1251,0.814738904932
3476,0.816181170978
1276,0.816192882123
2860,0.816968603896
1915,0.818216580101
3696,0.818828805085
532,0.820078460237
3338,0.820507243477
3427,0.820507243477
3309,0.820790470326
3006,0.820903458164
3269,0.82106638732
3424,0.821918261623
2650,0.822508463567
2380,0.822564842877
923,0.823305151115
3783,0.82356798621
950,0.824672924877
307,0.825212127009
2444,0.825557165296
3805,0.826301806233
3893,0.826816548242
2113,0.826873645867
3675,0.826878307313
2926,0.827472839222
3701,0.828020429679
2320,0.828234454856
2041,0.828675581449
788,0.828708292714
23,0.828906308355
1057,0.828923346521
3389,0.829092010276
3725,0.829674253301
3743,0.829674253301
333,0.829712340745
3538,0.829790073154
3317,0.830576089452
3333,0.830666912375
3868,0.830741210005
1908,0.831855643679
3865,0.831866687546
153,0.832131646934
227,0.832250660556
243,0.832926752967
202,0.834114648791
3473,0.834117491884
1992,0.835210986571
3539,0.835331735309
744,0.836014308348
1038,0.836026360863
2439,0.836376150989
2548,0.837323262752
3227,0.837597071256
3912,0.838251149984
3600,0.838527933443
3063,0.839425527539
2100,0.839764448201
1248,0.839924098992
3012,0.840297447524
1708,0.841493512956
2375,0.841738633238
3739,0.84213789998
3637,0.842593154628
3917,0.843366909437
3874,0.843424631469
3567,0.843477006644
2422,0.844540025399
3641,0.844691012007
3595,0.844998303188
2528,0.84510540545
2263,0.845132570594
2621,0.845443075097
3607,0.846204314111
3565,0.846453018123
3664,0.846542374849
2949,0.84659190101
3028,0.846852455514
2431,0.847311085687
2515,0.847872967175
384,0.847910619891
552,0.847910619891
3766,0.848169966029
2441,0.848532109666
3892,0.848952143746
2889,0.84900041335
3368,0.849317809903
1840,0.849468152791
99,0.849474380146
2736,0.850156114192
337,0.850585627371
1193,0.85078203403
866,0.850899085826
3724,0.851168249129
191,0.851347082737
3819,0.852230982239
1154,0.853004653977
3318,0.853989089778
3305,0.854357158613
93,0.85563021666
3581,0.85563490286
3859,0.855690262631
1664,0.855825149169
3066,0.85589087374
3657,0.85589509603
3541,0.855982091288
3904,0.857658715564
1168,0.858018735035
1552,0.85898755166
1640,0.859496503167
3504,0.860727234534
1443,0.861437809408
3857,0.862279553799
152,0.862312620267
1387,0.862328543899
1967,0.864138326179
3290,0.864443767406
3428,0.86447863878
743,0.865997726646
2893,0.867409193084
1203,0.867462691418
3325,0.867548806497
987,0.867646749204
177,0.867857810601
225,0.86878472845
3678,0.871191800514
649,0.871631781667
143,0.871855920815
3575,0.871875405325
1176,0.872139231166
1701,0.872148214769
3551,0.872598501084
1301,0.87331997101
278,0.873348871417
3890,0.873709894419
1822,0.874334310853
945,0.874480940088
68,0.874826124783
1762,0.875524822671
894,0.875633092567
2670,0.876029482202
3955,0.876092425007
3799,0.876093366354
2703,0.876093564328
1061,0.876659553317
3382,0.877293699864
3375,0.87777449604
2959,0.879106196373
3008,0.879213379465
230,0.879626403791
3376,0.879664843835
3401,0.879664843835
2998,0.879671840257
3432,0.879844103467
2972,0.879984622561
2879,0.880085889509
3494,0.880773495707
3423,0.880785532422
3901,0.881056903222
3314,0.881946559229
1579,0.88371846044
3083,0.884032614114
2982,0.884251539893
3283,0.884440308875
1354,0.885877703292
220,0.885957658621
262,0.885957658621
1362,0.886336467741
3871,0.886339587951
1510,0.886347709819
301,0.886993761105
1087,0.887033967401
937,0.888315212953
3882,0.888903732808
648,0.889213116787
1690,0.889735712507
2805,0.889765225158
3983,0.890225112391
2301,0.891058630989
1372,0.891350573905
2535,0.891855541296
1045,0.892655675672
166,0.893749048895
364,0.893758203004
2952,0.89416933828
2971,0.894653283876
399,0.894937290304
441,0.894937290304
501,0.894937290304
3544,0.895041858802
3899,0.895107278215
1297,0.8951703925
3632,0.895799341486
3282,0.896309403608
3445,0.896342939586
2671,0.896702174193
2721,0.896702174193
2824,0.896702174193
3091,0.896702174193
3588,0.897163905194
564,0.897257560532
393,0.897668413608
1755,0.897932587246
1200,0.898335815166
2699,0.898415363931
263,0.898942175636
296,0.898942175636
1030,0.899038742286
2255,0.899610327174
289,0.899836166361
1760,0.900588532718
86,0.900690527446
2834,0.900703454843
3566,0.900973212333
131,0.901034900539
985,0.901341596418
3660,0.90232071746
2899,0.902367204188
3694,0.902509234834
1889,0.902995027022
206,0.903588883272
928,0.903602393494
1050,0.904241969353
476,0.905340719387
1792,0.905901329878
1053,0.906206688402
102,0.906306489525
3311,0.90693235717
3652,0.908409234917
167,0.909993930206
3689,0.910512508081
3916,0.910588367206
3775,0.911717890802
859,0.912323140479
1157,0.91286458683
3125,0.913421188239
1177,0.91502135712
4,0.915549822782
181,0.915549822782
275,0.915549822782
3045,0.916159377046
32,0.917441572999
78,0.918302389016
195,0.918302389016
218,0.918302389016
273,0.918302389016
306,0.918302389016
328,0.918302389016
46,0.919032413824
351,0.919102382195
1031,0.919148254047
996,0.919241326152
929,0.91931386619
2885,0.921146569093
3665,0.921290552758
2838,0.922318275733
3003,0.922318275733
3720,0.922773586554
3143,0.923107161513
699,0.923729759644
228,0.924831891982
3771,0.925323299505
3549,0.925861952431
3128,0.926452926015
3662,0.926642262361
3490,0.927339906012
1759,0.927845086161
3624,0.928245513562
2321,0.928497344331
3546,0.928612680655
3616,0.929001336079
3638,0.929051859984
1383,0.929233132157
3647,0.92986457126
3310,0.930003229817
183,0.931485995639
3863,0.931755321545
4006,0.932234189645
4032,0.932234189645
305,0.932443619939
2714,0.933147037827
1264,0.933457629919
3446,0.933564676405
2886,0.933594817298
3059,0.934090103599
1202,0.934172680506
3848,0.934385954085
2017,0.934843861188
240,0.935295806558
909,0.936123786707
190,0.936607728549
247,0.937450719447
3582,0.939655474656
3531,0.940982216365
3910,0.94167929669
3626,0.94248605912
1395,0.943552541262
89,0.943813058869
319,0.943813058869
3781,0.943849941523
3946,0.943849941523
3789,0.94409035232
3923,0.944112347272
3749,0.944113462468
321,0.944273332938
3801,0.944328319457
1713,0.945790948202
2767,0.945962784773
717,0.946013212129
852,0.946013212129
855,0.946013212129
2034,0.946156174463
3814,0.946329711795
3653,0.946401160338
192,0.946410189004
3965,0.947085929468
1034,0.947278622796
3530,0.947287385773
956,0.947449124164
3887,0.947528854364
1218,0.947715074158
3441,0.948125946444
1486,0.948714821963
3905,0.949249421322
3619,0.949817220576
3812,0.950291307263
1476,0.950940361792
2015,0.951164419688
3408,0.951353882893
2704,0.951734553679
2740,0.951734553679
3854,0.951936088758
3879,0.951936088758
245,0.951945411553
2634,0.951984186619
3679,0.952114022271
1896,0.952177527659
3682,0.952182259459
3134,0.952370781147
3673,0.952533774205
3489,0.952844371536
3676,0.952844371536
3704,0.952993596188
3536,0.953253291451
3585,0.953281864507
3580,0.955863548007
316,0.956313735943
1937,0.956648483476
453,0.957241391545
1996,0.957594803695
2565,0.957594803695
3949,0.957741791883
1233,0.958018459984
1295,0.95874669267
3894,0.958924148182
841,0.959399893086
2527,0.959660721385
1353,0.96120276679
3990,0.962312757368
4007,0.962312757368
4016,0.962312757368
4025,0.962312757368
467,0.962417430393
572,0.962417430393
1138,0.963034946905
174,0.963359793669
112,0.963948860657
293,0.963948860657
499,0.964463428921
3816,0.964638931963
138,0.965707494403
860,0.965884631914
1043,0.965984223535
3121,0.966365885271
61,0.966641155687
3126,0.96751835756
3322,0.96751835756
1254,0.967927736565
356,0.967962826115
2814,0.968150160609
2808,0.968495113304
155,0.969142799969
279,0.9691638905
3932,0.969189268369
3439,0.969320372743
1240,0.969355180054
267,0.969530266564
3716,0.969935268698
8,0.970458728255
91,0.970458728255
259,0.970458728255
1788,0.970648743574
3336,0.970881805986
1499,0.97090263279
6,0.971189922961
147,0.971189922961
3953,0.971310305074
1956,0.971718679634
3447,0.972129284139
979,0.972581397401
95,0.972719572436
3413,0.973293532537
1430,0.973448525052
1890,0.973706551489
219,0.974438868115
3688,0.974443474029
3806,0.974833351148
3444,0.975108734998
3849,0.975108734998
955,0.975521934616
1368,0.975521934616
1838,0.97568767561
4028,0.975895960402
81,0.975899273792
1111,0.975915073145
3963,0.97598489889
110,0.97600781711
264,0.97600781711
3942,0.976307378969
3844,0.976313735942
3053,0.976821655181
411,0.977028754116
3200,0.977037045353
4036,0.977051534893
3745,0.977184696105
193,0.977429190711
3141,0.977445750503
3122,0.977510079408
3218,0.977510079408
3354,0.977510079408
3513,0.977688380841
160,0.977998829308
1016,0.978053219189
1403,0.978053219189
3959,0.97821564138
3742,0.978236978689
3925,0.978812241861
327,0.978872406765
201,0.979026714346
3954,0.979299693377
3606,0.97957122598
2799,0.979577477424
3733,0.979852778818
3939,0.980130647992
3589,0.980573299959
35,0.980754853626
3216,0.981049446964
904,0.981098717886
2861,0.981444323218
454,0.9815842269
3811,0.982844978831
71,0.982860451722
3952,0.983032673913
3727,0.983556398672
2975,0.983658498038
1558,0.983769905331
1474,0.983890262043
2281,0.983997052882
2487,0.983997052882
3897,0.98415188681
3251,0.984803825152
386,0.985755035114
3732,0.985778605034
379,0.985863856863
910,0.986202924119
1657,0.986202924119
1776,0.986202924119
2776,0.986225547026
3537,0.986324828517
216,0.986856283879
2245,0.986973852789
3751,0.987226529962
97,0.9872960134
253,0.9872960134
2094,0.987783676408
70,0.987881991434
1194,0.988408605635
3787,0.988661055263
1065,0.989904011934
3699,0.990003946072
2732,0.990327266823
2930,0.990327266823
3131,0.990327266823
3180,0.990327266823
3181,0.990327266823
2902,0.991082221686
3372,0.991082221686
2922,0.991376544536
2167,0.99172777159
2178,0.99180973437
157,0.992058257315
1546,0.992736361237
749,0.992999288114
775,0.992999288114
1607,0.99302663242
3271,0.993177020171
377,0.993199721117
899,0.994252732415
2481,0.994476180865
3922,0.994492822259
2421,0.99499391456
154,0.995305238187
49,0.995587515124
2382,0.995964932254
2541,0.995964932254
52,0.996135464741
205,0.996135464741
1252,0.99619557057
443,0.9964963611
468,0.9964963611
2437,0.996768942691
2204,0.996850044011
2857,0.996970015816
3807,0.997010204511
47,0.997120013461
2774,0.997261406061
3055,0.997261406061
3074,0.997261406061
3127,0.997261406061
1854,0.997325776082
182,0.997494898402
2817,0.997531844112
3147,0.997531844112
3808,0.998133866579
1071,0.998162636558
1253,0.998162636558
1270,0.998165388646
1326,0.998251105044
286,0.99845555336
241,0.998553718921
255,0.998553718921
401,0.998574143236
1693,0.99858942447
2106,0.998642544047
3875,0.998671623987
2168,0.9989252851
1394,0.999190244908
3987,0.999300049069
4001,0.999300049069
4012,0.999300049069
4029,0.999300049069
1002,0.999348285615
1105,0.999348285615
90,0.99937947212
145,0.99937947212
3885,0.999382227876
2788,0.999428957242
1027,0.999471368753
1627,0.999471368753
179,0.99949429619
581,0.999532102016
642,0.999532102016
2483,0.999558223467
2595,0.999558223467
1208,0.999732526915
1046,0.999744965273
1586,0.999744965273
1224,0.999784147384
33,0.999818215621
42,0.999818215621
233,0.999818215621
244,0.999818215621
256,0.999818215621
282,0.999818215621
2691,0.999840147033
2792,0.999840147033
3037,0.999840147033
3268,0.999984583797
3407,0.999984583797
3746,0.999984897049
3846,0.999984897049
11,1.0
12,1.0
15,1.0
18,1.0
37,1.0
43,1.0
74,1.0
114,1.0
209,1.0
210,1.0
215,1.0
287,1.0
292,1.0
335,1.0
358,1.0
447,1.0
550,1.0
585,1.0
602,1.0
607,1.0
608,1.0
613,1.0
624,1.0
638,1.0
668,1.0
674,1.0
692,1.0
801,1.0
875,1.0
883,1.0
891,1.0
892,1.0
911,1.0
918,1.0
1096,1.0
1119,1.0
1145,1.0
1206,1.0
1386,1.0
1466,1.0
1560,1.0
1581,1.0
1834,1.0
2079,1.0
2195,1.0
2269,1.0
2457,1.0
2470,1.0
2569,1.0
2596,1.0
2842,1.0
3031,1.0
3071,1.0
3183,1.0
3230,1.0
3451,1.0
3453,1.0
3570,1.0
3650,1.0
3709,1.0
3729,1.0
3748,1.0
3798,1.0
3820,1.0
3853,1.0
3856,1.0
3935,1.0
3974,1.0
3984,1.0
4008,1.0
4010,1.0
4015,1.0
4022,1.0
4024,1.0
4035,1.0
