0
1
2
4
6
7
8
9
10
11
12
13
14
15
16
17
18
20
21
22
23
24
25
26
27
28
29
30
31
32
35
36
37
38
39
40
41
42
44
45
46
47
49
50
51
54
55
56
57
58
59
60
61
62
63
64
65
66
67
68
69
70
71
72
73
74
75
76
77
78
79
80
81
83
84
86
87
88
89
90
91
92
93
94
95
96
97
98
99
100
103
104
105
106
107
108
109
111
112
113
114
115
116
118
120
121
122
123
124
125
126
127
128
129
130
131
132
133
134
135
136
137
138
139
140
142
143
144
145
146
147
148
149
150
151
154
155
157
158
159
160
161
162
163
164
165
167
168
169
170
171
172
173
174
176
177
178
180
181
183
184
185
186
187
188
189
190
191
192
195
196
197
198
199
200
201
202
203
204
205
206
207
208
209
210
211
213
214
215
216
217
218
219
220
221
222
223
224
225
226
227
228
229
230
231
232
233
234
236
237
238
239
240
241
243
244
245
247
248
249
250
252
253
254
255
256
257
260
264
266
267
269
270
271
272
273
274
275
277
278
280
281
282
283
284
286
287
288
289
291
292
293
294
295
296
297
299
300
301
303
304
306
307
308
309
310
311
315
316
317
319
320
321
322
323
324
325
327
328
329
330
331
333
334
335
336
337
338
340
341
342
343
344
345
346
347
348
349
350
351
352
353
355
357
358
359
360
361
362
363
364
365
366
367
368
369
370
371
372
373
374
380
381
382
383
385
386
387
388
389
391
392
393
395
396
397
401
405
406
407
409
411
412
413
414
417
418
420
421
422
423
424
425
426
427
429
430
431
433
434
435
437
439
440
441
443
449
450
451
453
456
457
458
461
463
464
466
467
468
470
471
472
473
474
475
476
478
479
480
481
482
483
484
486
487
488
489
490
491
492
493
494
495
496
497
498
499
500
501
502
503
504
506
507
508
509
510
511
512
514
515
516
517
520
522
524
525
526
527
528
529
530
532
533
534
535
536
537
538
539
540
541
542
543
544
545
546
547
551
557
558
559
560
561
562
563
564
566
567
568
569
572
573
574
575
576
577
578
579
580
583
586
588
589
592
593
594
595
597
598
599
600
601
602
603
604
605
606
607
609
610
611
612
613
614
615
616
617
618
619
620
621
622
623
625
626
627
628
629
630
631
632
634
635
636
637
638
639
640
643
644
645
647
648
649
650
652
653
655
656
657
658
659
661
662
663
664
666
667
668
671
672
673
674
675
677
678
679
680
681
682
683
684
685
687
688
689
690
691
692
693
695
697
698
699
701
702
703
704
706
709
710
711
713
714
715
717
718
719
720
722
723
724
725
726
727
728
730
731
732
733
735
736
737
738
739
741
742
743
744
745
746
748
749
750
751
752
753
755
756
757
758
759
761
762
763
766
767
769
770
771
772
776
777
779
780
781
783
784
785
787
788
789
790
792
795
797
799
800
802
803
804
806
808
809
810
811
812
813
824
826
827
829
832
834
837
838
839
840
841
842
844
845
847
848
849
850
851
852
855
856
857
864
869
870
872
873
875
877
878
879
881
883
888
890
891
893
894
896
898
899
901
905
907
908
909
911
914
916
921
922
924
925
928
930
932
933
934
938
939
941
942
943
944
945
946
949
950
951
952
953
954
955
956
957
960
962
963
964
968
970
972
973
974
976
977
980
981
982
984
987
988
989
991
992
995
998
999
1000
1003
1004
1010
1011
1012
1014
1016
1017
1018
1019
1020
1021
1022
1023
1024
1025
1026
1029
1030
1032
1034
1035
1036
1037
1039
1040
1043
1048
1051
1052
1053
1054
1057
1058
1059
1060
1061
1062
1063
1064
1065
1066
1067
1068
1069
1071
1072
1073
1074
1075
1076
1077
1078
1079
1080
1081
1082
1083
1084
1085
1086
1087
1088
1089
1090
1091
1092
1094
1096
1099
1100
1101
1102
1103
1105
1107
1108
1109
1110
1111
1112
1113
1114
1115
1116
1117
1118
1119
1120
1121
1122
1123
1124
1125
1126
1127
1128
1129
1130
1131
1132
1133
1134
1135
1136
1138
1139
1140
1141
1142
1143
1144
1145
1146
1147
1148
1149
1150
1151
1152
1153
1154
1155
1156
1157
1158
1159
1160
1162
1164
1165
1166
1167
1168
1169
1170
1171
1172
1173
1174
1175
1176
1177
1178
1179
1180
1181
1182
1184
1186
1191
1195
1196
1201
1202
1203
1204
1205
1206
1207
1208
1210
1211
1213
1214
1216
1217
1218
1219
1221
1223
1226
1227
1228
1230
1231
1232
1235
1237
1240
1241
1242
1243
1244
1245
1249
1250
1253
1254
1256
1257
1258
1259
1261
1262
1263
1266
1267
1269
1270
1272
1273
1274
1275
1280
1281
1282
1285
1286
1287
1288
1291
1292
1296
1297
1301
1302
1303
1306
1307
1308
1314
1316
1319
1320
1321
1322
1326
1327
1328
1331
1333
1334
1335
1337
1338
1339
1340
1341
1343
1344
1345
1350
1353
1355
1359
1360
1363
1365
1367
1368
1371
1375
1376
1378
1379
1380
1382
1383
1384
1385
1386
1387
1388
1389
1392
1394
1395
1396
1399
1400
1401
1404
1405
1406
1407
1409
1410
1411
1414
1415
1416
1417
1420
1423
1424
1427
1428
1429
1430
1432
1433
1434
1436
1437
1438
1442
1443
1444
1446
1447
1448
1451
1452
1453
1454
1455
1456
1459
1462
1463
1464
1466
1467
1469
1470
1472
1473
1474
1475
1476
1477
1478
1479
1481
1482
1483
1485
1488
1489
1490
1491
1492
1493
1494
1496
1497
1498
1499
1500
1502
1503
1504
1505
1506
1509
1512
1513
1514
1515
1516
1517
1518
1519
1520
1521
1522
1523
1524
1525
1526
1528
1529
1530
1532
1533
1534
1535
1536
1537
1539
1540
1541
1542
1544
1545
1546
1547
1548
1551
1552
1555
1556
1559
1561
1562
1564
1565
1566
1567
1569
1570
1571
1572
1573
1574
1579
1580
1582
1584
1586
1589
1590
1591
1593
1594
1596
1598
1601
1602
1603
1605
1606
1607
1608
1609
1611
1612
1613
1614
1616
1618
1619
1620
1622
1623
1624
1625
1626
1627
1629
1630
1632
1633
1634
1635
1636
1637
1640
1642
1645
1646
1647
1654
1655
1656
1657
1659
1660
1662
1663
1670
1672
1675
1677
1678
1679
1680
1681
1682
1687
1696
1697
1698
1701
1703
1704
1707
1710
1713
1714
1715
1720
1721
1722
1727
1728
1729
1738
1739
1741
1742
1743
1745
1746
1747
1748
1749
1752
1754
1757
1760
1761
1762
1763
1764
1767
1771
1773
1774
1775
1776
1777
1778
1779
1780
1781
1782
1783
1787
1789
1790
1791
1792
1795
1796
1797
1798
1799
1800
1801
1804
1808
1810
1811
1812
1813
1814
1815
1816
1817
1818
1819
1821
1823
1824
1825
1826
1828
1829
1831
1832
1833
1835
1836
1838
1840
1841
1844
1845
1847
1851
1859
1861
1865
1867
1868
1870
1871
1873
1874
1875
1878
1879
1881
1885
1886
1887
1890
1892
1893
1894
1896
1897
1898
1899
1901
1902
1903
1904
1905
1907
1909
1912
1913
1914
1917
1918
1920
1921
1923
1924
1925
1926
1927
1928
1929
1930
1931
1932
1933
1936
1937
1939
1940
1941
1942
1943
1944
1945
1946
1947
1948
1949
1950
1951
1952
1953
1954
1955
1956
1957
1959
1960
1961
1962
1963
1964
1965
1966
1967
1968
1969
1970
1971
1972
1973
1974
1975
1976
1977
1978
1980
1981
1983
1984
1985
1986
1988
1989
1990
1991
1992
1993
1994
1995
1996
1997
1998
1999
2000
2001
2002
2003
2004
2005
2009
2011
2012
2016
2018
2020
2022
2023
2024
2025
2026
2027
2029
2030
2031
2032
2033
2034
2035
2036
2037
2038
2039
2040
2041
2042
2043
2044
2046
2047
2048
2049
2050
2051
2053
2054
2056
2057
2059
2061
2063
2066
2067
2070
2071
2072
2073
2074
2075
2076
2077
2078
2079
2080
2081
2082
2084
2085
2086
2087
2089
2090
2091
2092
2093
2094
2095
2096
2097
2098
2099
2100
2101
2102
2103
2105
2106
2108
2109
2110
2112
2113
2114
2115
2116
2117
2118
2119
2120
2121
2122
2123
2124
2125
2126
2127
2128
2129
2130
2131
2132
2133
2135
2136
2137
2138
2139
2140
2141
2142
2143
2144
2146
2147
2149
2150
2151
2152
2153
2154
2155
2156
2158
2160
2161
2163
2165
2166
2167
2168
2169
2170
2172
2173
2176
2177
2178
2179
2180
2181
2183
2184
2185
2187
2188
2189
2191
2192
2193
2195
2196
2198
2199
2200
2201
2202
2203
2204
2205
2206
2207
2208
2209
2210
2211
2212
2213
2214
2215
2216
2217
2220
2221
2223
2224
2225
2226
2228
2229
2233
2234
2235
2237
2238
2239
2240
2242
2245
2246
2248
2249
2251
2253
2254
2255
2256
2258
2259
2262
2263
2268
2270
2271
2273
2274
2275
2276
2277
2278
2279
2280
2281
2282
2284
2286
2287
2288
2289
2292
2293
2294
2295
2296
2298
2300
2301
2302
2303
2304
2305
2306
2307
2308
2311
2312
2313
2318
2319
2320
2322
2323
2325
2326
2329
2333
2334
2335
2337
2338
2340
2341
2342
2343
2344
2345
2346
2348
2349
2352
2354
2355
2356
2357
2358
2368
2369
2371
2372
2374
2378
2382
2383
2390
2392
2393
2395
2396
2399
2400
2404
2408
2410
2413
2415
2416
2417
2418
2419
2420
2422
2423
2426
2428
2429
2430
2435
2436
2439
2442
2443
2445
2447
2449
2450
2451
2453
2457
2458
2461
2462
2468
2469
2471
2474
2476
2477
2478
2479
2480
2482
2483
2484
2486
2487
2489
2493
2494
2495
2502
2504
2506
2507
2508
2509
2510
2512
2515
2516
2517
2518
2519
2520
2521
2523
2524
2525
2530
2532
2533
2535
2537
2538
2539
2540
2542
2544
2546
2547
2548
2549
2551
2553
2554
2555
2556
2557
2559
2564
2566
2567
2568
2570
2571
2574
2576
2580
2583
2584
2585
2587
2588
2589
2591
2592
2594
2598
2599
2600
2601
2602
2603
2605
2606
2608
2609
2610
2614
2615
2617
2618
2619
2620
2623
2624
2626
2627
2632
2633
2634
2635
2636
2638
2639
2640
2643
2645
2646
2647
2648
2649
2650
2651
2652
2653
2654
2655
2656
2657
2658
2659
2660
2662
2664
2665
2666
2667
2668
2671
2672
2673
2674
2675
2677
2678
2679
2681
2682
2683
2684
2685
2686
2687
2688
2689
2694
2695
2696
2697
2698
2699
2700
2701
2702
2703
2705
2706
2709
2710
2715
2716
2717
2718
2720
2721
2722
2723
2725
2726
2727
2730
2731
2732
2733
2734
2735
2736
2738
2739
2740
2741
2742
2743
2745
2748
2753
2755
2756
2759
2761
2762
2763
2764
2767
2768
2770
2772
2773
2775
2776
2778
2780
2785
2786
2787
2788
2789
2790
2794
2795
2796
2798
2799
2800
2801
2802
2803
2807
2811
2813
2814
2815
2816
2817
2822
2823
2824
2827
2829
2830
2831
2833
2835
2837
2842
2844
2845
2846
2851
2852
2855
2856
2860
2861
2864
2865
2866
2867
2868
2869
2870
2871
2872
2873
2874
2875
2876
2878
2879
2882
2883
2884
2886
2887
2888
2890
2891
2892
2895
2896
2899
2900
2902
2903
2904
2905
2906
2908
2909
2913
2914
2915
2917
2919
2921
2922
2924
2925
2926
2927
2928
2929
2930
2932
2934
2935
2936
2937
2942
2944
2945
2946
2948
2949
2951
2954
2955
2956
2957
2958
2960
2961
2965
2966
2967
2968
2969
2971
2973
2974
2975
2977
2985
2987
2988
2989
2990
2991
2993
2994
2995
2996
2997
2998
2999
3000
3001
3002
3004
3005
3007
3008
3009
3010
3012
3013
3014
3015
3016
3018
3020
3022
3024
3026
3027
3028
3029
3030
3031
3032
3033
3034
3035
3036
3037
3040
3042
3043
3046
3050
3051
3052
3057
3058
3061
3063
3064
3065
3067
3070
3071
3072
3073
3076
3079
3089
3091
3093
3094
3096
3098
3099
3101
3104
3106
3107
3108
3109
3111
3112
3115
3116
3118
3120
3121
3122
3123
3124
3129
3130
3131
3132
3133
3134
3135
3137
3138
3141
3143
3146
3147
3148
3152
3153
3155
3157
3158
3159
3162
3166
3168
3169
3170
3171
3172
3173
3174
3177
3178
3180
3181
3182
3183
3185
3186
3187
3189
3190
3192
3193
3195
3196
3197
3202
3203
3204
3206
3207
3209
3210
3212
3215
3216
3217
3223
3224
3225
3226
3228
3230
3232
3233
3235
3236
3237
3240
3241
3242
3243
3245
3246
3247
3248
3249
3250
3251
3252
3253
3254
3255
3256
3257
3258
3259
3260
3262
3263
3264
3265
3266
3267
3268
3272
3274
3275
3280
3282
3284
3287
3288
3289
3291
3292
3293
3294
3295
3297
3298
3299
3300
3304
3306
3308
3309
3310
3311
3312
3315
3318
3319
3320
3321
3322
3324
3325
3328
3329
3330
3332
3334
3335
3336
3338
3339
3340
3349
3350
3353
3356
3363
3368
3369
3371
3375
3378
3379
3380
3381
3383
3389
3393
3396
3397
3399
3400
3403
3404
3405
3406
3407
3409
3411
3412
3415
3416
3422
3424
3425
3428
3429
3433
3434
3435
3441
3443
3444
3448
3449
3450
3453
3454
3455
3456
3457
3459
3461
3462
3464
3465
3466
3469
3470
3471
3473
3474
3475
3476
3477
3478
3479
3480
3482
3483
3484
3485
3486
3487
3489
3490
3492
3493
3495
3496
3498
3499
3500
3504
3505
3506
3510
3511
3514
3515
3516
3518
3519
3520
3521
3522
3523
3526
3527
3528
3530
3531
3534
3536
3538
3539
3540
3541
3542
3543
3544
3545
3547
3548
3550
3551
3552
3553
3555
3559
3561
3565
3567
3569
3571
3575
3576
3578
3580
3581
3582
3584
3587
3588
3589
3591
3592
3594
3595
3596
3597
3598
3599
3600
3602
3604
3607
3609
3611
3612
3613
3614
3616
3617
3618
3620
3622
3623
3624
3625
3626
3627
3628
3629
3631
3632
3633
3635
3636
3637
3639
3641
3642
3643
3644
3645
3646
3647
3648
3650
3652
3653
3655
3656
3658
3659
3660
3663
3664
3665
3669
3671
3672
3674
3678
3680
3681
3682
3684
3689
3690
3691
3693
3695
3696
3698
3699
3700
3701
3702
3703
3706
3708
3709
3712
3714
3715
3717
3718
3720
3721
3725
3727
3730
3732
3733
3735
3736
3738
3741
3743
3744
3745
3746
3747
3749
3750
3753
3756
3757
3761
3762
3763
3765
3766
3768
3769
3772
3775
3776
3778
3779
3780
3782
3784
3785
3786
3787
3789
3791
3795
3797
3798
3801
3802
3804
3806
3811
3814
3816
3820
3822
3823
3825
3826
3828
3829
3831
3832
3833
3836
3837
3838
3840
3842
3843
3845
3846
3849
3851
3853
3854
3856
3858
3860
3862
3864
3866
3867
3868
3869
3871
3875
3876
3877
3878
3881
3882
3886
3887
3888
3889
3891
3892
3893
3894
3895
3897
3899
3901
3902
3903
3907
3913
3915
3917
3918
3920
3922
3923
3924
3925
3926
3927
3928
3929
3931
3934
3935
3939
3940
3941
3945
3946
3947
3948
3949
3951
3954
3955
3956
3957
3958
3959
3961
3962
3964
3968
3971
3972
3973
3977
3978
3979
3983
3984
3985
3986
3987
3988
3989
3990
3991
3992
3994
3995
3997
3998
3999
4000
4001
4005
4006
4009
4010
4012
4016
4019
4020
4021
4022
4023
4026
4028
4031
4032
4038
4041
4047
4051
4053
4054
4057
4058
4059
4060
4062
4065
4066
4067
4068
4070
4071
4072
4074
4075
4076
4078
4081
4082
4083
4084
4085
4086
4087
4089
4090
4094
4095
4096
4099
4100
4102
4104
4105
4109
4111
4112
4114
4115
4116
4117
4119
4120
4121
4123
4124
4125
4126
4128
4129
4130
4131
4132
4133
4135
4136
4137
4138
4139
4140
4142
4144
4145
4148
4150
4151
4152
4154
4155
4156
4158
4159
4163
4166
4168
4170
4171
4172
4174
4175
4177
4178
4179
4180
4183
4186
4187
4189
4191
4194
4197
4200
4201
4202
4203
4204
4206
4207
4208
4217
4218
4219
4222
4224
4225
4226
4227
4228
4229
4230
4231
4232
4233
4237
4239
4240
4241
4242
4243
4245
4246
4247
4249
4250
4254
4255
4256
4257
4258
4260
4261
4262
4263
4265
4266
4268
4269
4270
4271
4272
4274
4275
4276
4277
4278
4279
4280
4281
4282
4283
4284
4285
4287
4288
4289
4291
4292
4293
4296
4297
4299
4301
4303
4307
4308
4312
4313
4314
4320
4322
4323
4324
4325
4326
4330
4332
4336
4340
4341
4342
4343
4345
4346
4347
4349
4350
4352
4356
4359
4360
4364
4366
4368
4369
4370
4371
4372
4373
4374
4376
4377
4379
4381
4382
4384
4385
4386
4387
4388
4389
4390
4391
4392
4393
4394
4395
4398
4400
4401
4402
4403
4406
4407
4409
4415
4418
4419
4421
4422
4425
4426
4429
4432
4435
4436
4438
4440
4443
4445
4446
4447
4448
4450
4451
4452
4453
4454
4455
4460
4461
4463
4464
4466
4467
4475
4480
4481
4482
4483
4485
4486
4488
4490
4493
4497
4498
4499
4501
4502
4506
4508
4510
4512
4513
4514
4525
4532
4534
4535
4539
4541
4543
4549
4550
4555
4557
4561
4562
4563
4565
4566
4567
4568
4575
4577
4582
4586
4591
4592
4593
4594
4596
4598
4600
4602
4603
4604
4605
4607
4610
4611
4613
4615
4616
4619
4621
4623
4625
4626
4629
4630
4632
4643
4644
4645
4646
4649
4650
4652
4656
4660
4664
4665
4667
4668
4669
4671
4672
4675
4679
4680
4681
4682
4685
4687
4692
4693
4694
4697
4699
4700
4705
4709
4715
4716
4717
4720
4722
4725
4727
4730
4731
4732
4733
4736
4741
4745
4746
4747
4749
4751
4753
4754
4755
4756
4758
4759
4760
4761
4763
4764
4765
4767
4769
4771
4772
4773
4774
4775
4776
4777
4781
4782
4783
4786
4787
4793
4795
4796
4799
4800
4801
4804
4806
4807
4808
4810
4813
4814
4817
4819
4820
4821
4823
4824
4825
4826
4827
4828
4830
4831
4834
4835
4836
4837
4838
4839
4842
4843
4844
4846
4847
4849
4850
4851
4853
4854
4856
4857
4858
4860
4861
4862
4863
4865
4866
4867
4868
4874
4875
4879
4880
4881
4885
4886
4887
4888
4890
4892
4893
4894
4895
4896
4898
4899
4900
4901
4902
4903
4905
4906
4907
4909
4911
4915
4916
4920
4925
4926
4927
4928
4930
4932
4934
4935
4936
4937
4938
4939
4940
4941
4946
4947
4948
4950
4952
4953
4955
4956
4958
4959
4960
4962
4963
4964
4966
4967
4968
4970
4971
4972
4973
4975
4976
4977
4979
4980
4981
4982
4984
4985
4986
4988
4989
4991
4992
4995
4997
4998
4999
5003
5006
5008
5011
5015
5020
5021
5022
5023
5024
5028
5031
5036
5037
5038
5041
5045
5047
5048
5057
5058
5059
5060
5064
5072
5073
5074
5075
5077
5079
5080
5083
5085
5087
5089
5090
5093
5098
5102
5103
5106
5107
5108
5109
5111
5112
5113
5115
5116
5118
5119
5120
5122
5124
5125
5126
5128
5129
5130
5133
5134
5135
5136
5138
5139
5140
5142
5143
5144
5145
5146
5147
5148
5150
5151
5152
5154
5157
5158
5160
5161
5162
5164
5165
5170
5172
5178
5183
5189
5190
5191
5192
5193
5194
5195
5199
5200
5201
5202
5204
5205
5211
5212
5216
5217
5219
5220
5223
5224
5225
5227
5231
5233
5236
5237
5240
5241
5243
5244
5246
5249
5251
5252
5254
5257
5258
5260
5261
5263
5264
5267
5268
5269
5270
5271
5272
5273
5275
5276
5277
5279
5282
5284
5286
5287
5288
5289
5290
5291
5292
5293
5295
5298
5299
5301
5303
5307
5309
5311
5312
5314
5315
5319
5321
5322
5324
5327
5328
5333
5336
5342
5345
5346
5351
5352
5353
5354
5355
5356
5358
5361
5362
5363
5364
5365
5367
5370
5374
5375
5379
5380
5381
5387
5389
5390
5392
5394
5395
5396
5398
5403
5405
5411
5412
5416
5418
5419
5420
5421
5426
5427
5428
5429
5430
5431
5433
5435
5438
5441
5442
5444
5445
5446
5453
5455
5459
5473
5479
5480
5485
5487
5490
5492
5493
5494
5496
5499
5503
5510
5513
5514
5516
5517
5519
5520
5522
5523
5525
5526
5528
5534
5538
5540
5541
5544
5547
5548
5549
5552
5555
5558
5559
5561
5565
5574
5578
5580
5582
5585
5588
5590
5592
5595
5598
5600
5602
5604
5614
5616
5618
5630
5653
5671
5676
5678
5685
5686
5693
5695
5697
5698
5699
5700
5702
5711
5713
5714
5717
5718
5719
5723
5725
5728
5729
5731
5738
5741
5748
5754
5756
5757
5758
5759
5761
5762
5763
5764
5765
5768
5769
5771
5776
5778
5779
5780
5781
5782
5783
5788
5789
5791
5796
5800
5804
5806
5807
5808
5811
5812
5813
5814
5819
5821
5822
5828
5829
5831
5832
5833
5835
5838
5839
5840
5842
5846
5847
5852
5853
5854
5855
5856
5857
5858
5859
5860
5861
5862
5863
5866
5868
5871
5872
5874
5878
5879
5880
5881
5882
5883
5884
5887
5889
5891
5894
5895
5900
5905
5909
5910
5911
5913
5914
5915
5916
5919
5920
5922
5923
5928
5934
5935
5937
5938
5939
5940
5941
5943
5945
5946
5950
5952
5953
5954
5960
5962
5963
5964
5965
5968
5971
5972
5975
5976
5977
5978
5979
5980
5981
5982
5985
5986
5989
5991
5993
5997
5999
6002
6006
6010
6013
6014
6016
6018
6019
6021
6031
6032
6035
6037
6043
6044
6045
6048
6049
6050
6051
6052
6053
6055
6056
6057
6059
6060
6061
6062
6063
6069
6075
6076
6077
6079
6081
6082
6083
6085
6086
6087
6089
6090
6091
6092
6093
6094
6095
6096
6097
6100
6101
6102
6104
6106
6107
6111
6113
6115
6118
6120
6122
6127
6129
6132
6133
6134
6136
6137
6139
6140
6141
6142
6143
6144
6145
6146
6147
6149
6151
6152
6155
6157
6159
6161
6162
6164
6165
6166
6167
6169
6171
6172
6173
6174
6178
6179
6180
6183
6185
6186
6187
6188
6189
6192
6194
6195
6197
6198
6199
6201
6202
6205
6211
6216
6217
6218
6221
6223
6224
6225
6226
6227
6228
6229
6230
6231
6234
6238
6240
6241
6243
6245
6249
6250
6253
6254
6255
6257
6259
6260
6261
6264
6266
6268
6271
6273
6274
6275
6276
6284
6286
6288
6289
6290
6291
6293
6297
6303
6306
6307
6308
6309
6312
6313
6314
6315
6317
6318
6321
6323
6324
6325
6326
6327
6328
6329
6331
6333
6336
6338
6341
6343
6349
6354
6357
6366
6374
6376
6378
6381
6382
6383
6385
6388
6390
6392
6396
6397
6399
6401
6402
6403
6404
6405
6406
6408
6409
6411
6413
6416
6424
6425
6429
6430
6432
6433
6434
6440
6446
6449
6450
6451
6454
6455
6459
6460
6461
6463
6464
6465
6466
6468
6475
6476
6477
6478
6480
6484
6486
6488
6489
6494
6502
6508
6509
6510
6511
6513
6515
6516
6517
6522
6526
6527
6528
6529
6531
6533
6534
6536
6539
6540
6541
6544
6550
6552
6553
6556
6557
6558
6559
6561
6562
6567
6575
6576
6580
6584
6588
6589
6590
6591
6592
6593
6595
6596
6597
6598
6601
6605
6606
6607
6608
6611
6612
6615
6617
6618
6620
6621
6622
6623
6626
6628
6630
6631
6633
6634
6636
6637
6638
6640
6641
6643
6645
6647
6653
6658
6662
6664
6675
6676
6677
6678
6680
6681
6684
6685
6687
6689
6691
6693
6694
6695
6696
6703
6704
6705
6706
6707
6708
6710
6711
6713
6714
6719
6722
6724
6725
6726
6728
6729
6730
6731
6732
6737
6738
6741
6742
6744
6746
6748
6749
6750
6752
6753
6755
6757
6758
6759
6760
6768
6779
6780
6781
6783
6788
6792
6799
6800
6801
6802
6803
6804
6805
6810
6811
6812
6813
6815
6816
6819
6820
6821
6828
6829
6832
6834
6835
6836
6839
6840
6841
6843
6844
6845
6846
6847
6849
6852
6854
6857
6859
6860
6862
6864
6869
6873
6882
6883
6884
6885
6886
6887
6888
6890
6893
6895
6898
6903
6907
6911
6913
6914
6916
6919
6920
6923
6927
6930
6931
6933
6936
6937
6939
6940
6941
6942
6943
6944
6945
6948
6951
6953
6963
6964
6966
6967
6969
6973
6974
6975
6976
6978
6983
6986
6991
6993
6998
7000
7003
7004
7006
7007
7013
7014
7017
7019
7022
7023
7027
7028
7030
7031
7032
7035
7036
7037
7038
7040
7041
7042
7043
7044
7046
7047
7048
7050
7054
7059
7062
7065
7066
7067
7068
7069
7070
7073
7076
7079
7082
7083
7085
7088
7089
7092
7094
7095
7096
7100
7101
7108
7111
7112
7115
7117
7118
7119
7122
7126
7128
7130
7135
7136
7146
7150
7151
7153
7160
7162
7163
7172
7178
7179
7182
7185
7187
7189
7192
7194
7195
7199
7200
7201
7203
7205
7206
7212
7214
7216
7221
7222
7223
7225
7227
7228
7232
7234
7236
7237
7241
7242
7243
7244
7246
7251
7256
7258
7259
7260
7263
7266
7267
7269
7270
7271
7278
7282
7286
7287
7289
7290
7291
7292
7294
7295
7296
7298
7302
7303
7305
7306
7308
7309
7310
7311
7316
7317
7319
7321
7323
7324
7326
7327
7328
7334
7336
7337
7338
7339
7340
7344
7350
7354
7357
7359
7360
7364
7366
7377
7378
7380
7381
7382
7383
7384
7385
7396
7398
7401
7402
7404
7409
7412
7414
7415
7416
7417
7418
7425
7431
7433
7434
7435
7437
7438
7439
7442
7443
7445
7448
7451
7457
7459
7461
7463
7466
7473
7475
7480
7481
7484
7486
7488
7491
7495
7499
7500
7507
7510
7511
7513
7514
7515
7523
7524
7525
7527
7528
7529
7530
7531
7532
7534
7535
7536
7537
7542
7544
7548
7552
7557
7561
7562
7565
7566
7574
7576
7582
7584
7585
7586
7588
7589
7591
7594
7596
7598
7601
7602
7603
7604
7605
7606
7608
7609
7610
7611
7613
7614
7616
7617
7618
7619
7621
7622
7623
7627
7631
7637
7643
7645
7646
7647
7650
7657
7658
7659
7660
7662
7665
7666
7669
7670
7679
7680
7681
7683
7684
7686
7687
7689
7691
7692
7697
7710
7722
7729
7730
7731
7733
7734
7735
7736
7737
7740
7741
7742
7743
7744
7746
7747
7748
7749
7751
7752
7753
7754
7757
7758
7759
7760
7762
7763
7764
7765
7773
7774
7775
7776
7777
7779
7780
7781
7783
7785
7789
7790
7792
7793
7794
7795
7796
7797
7799
7801
7803
7809
7829
7833
7835
7837
7838
7839
7842
7850
7859
7864
7865
7866
7867
7870
7875
7879
7886
7888
7889
7895
7899
7902
7904
7905
7909
7911
7913
7916
7919
7924
7930
7933
7934
7936
7937
7940
7942
7943
7945
7949
7950
7954
7955
7959
7961
7964
7966
7970
7972
7975
7979
7980
7981
7983
7984
7986
7987
7990
7994
7996
7997
7999
8001
8003
8005
8006
8011
8012
8013
8014
8017
8022
8030
8032
8033
8038
8043
8048
8049
8050
8051
8052
8055
8057
8063
8065
8066
8067
8071
8077
8079
8081
8082
8092
8099
8100
8101
8102
8104
8107
8111
8113
8114
8122
8129
8131
8135
8146
8150
8153
8155
8157
8161
8163
8164
8165
8166
8167
8169
8171
8178
8179
8180
8184
8186
8188
8192
8194
8196
8198
8200
8207
8210
8213
8225
8228
8230
8234
8235
8236
8237
8239
8247
8251
8257
8269
8283
8295
8300
8301
8303
8304
8312
8317
8320
8321
8322
8331
8332
8333
8337
8338
8339
8341
8342
8343
8346
8347
8352
8353
8354
8355
8358
8359
8360
8361
8363
8366
8367
8370
8371
8372
8373
8374
8375
8376
8377
8378
8380
8381
8382
8383
8384
8385
8386
8387
8388
8389
8390
8391
8392
8393
8394
8395
8397
8398
8400
8401
8404
8406
8413
8421
8422
8423
8424
8427
8428
8429
8430
8432
8433
8435
8436
8440
8442
8444
8445
8451
8453
8455
8459
8467
8471
8475
8476
8482
8483
8488
8489
8491
8493
8494
8497
8498
8499
8500
8502
8503
8505
8506
8509
8510
8511
8512
8513
8514
8516
8517
8521
8522
8523
8524
8525
8526
8527
8528
8529
8530
8532
8536
8542
8546
8547
8551
8552
8553
8557
8559
8560
8561
8563
8564
8574
8575
8577
8579
8591
8596
8597
8598
8599
8600
8601
8602
8604
8606
8607
8608
8609
8611
8613
8615
8616
8617
8619
8620
8622
8623
8626
8629
8631
8632
8633
8634
8635
8636
8638
8640
8644
8645
8647
8650
8657
8658
8660
8661
8662
8663
8666
8667
8674
8677
8680
8681
8682
8683
8684
8686
8687
8689
8691
8693
8701
8704
8713
8715
8717
8727
8728
8730
8739
8744
8752
8763
8764
8768
8772
8774
8777
8785
8786
8789
8790
8791
8792
8793
8795
8797
8801
8802
8803
8804
8805
8810
8811
8812
8813
8815
8816
8817
8818
8819
8821
8823
8825
8826
8827
8828
8829
8830
8831
8832
8834
8836
8837
8839
8841
8842
8843
8846
8847
8848
8849
8850
8853
8854
8855
8856
8857
8861
8862
8863
8864
8867
8869
8870
8871
8876
8877
8878
8879
8883
8884
8885
8886
8887
8888
8889
8890
8891
8893
8895
8899
8900
8901
8903
8904
8905
8906
8907
8908
8909
8911
8912
8914
8915
8917
8918
8919
8920
8921
8923
8924
8925
8926
8927
8929
8930
8934
8935
8936
8937
8938
8939
8940
8945
8947
8949
8950
8954
8955
8959
8969
8970
8972
8974
8976
8977
8978
8981
8984
8985
8986
8987
8989
8990
8992
8993
8997
8998
9002
9003
9007
9012
9015
9020
9030
9031
9034
9037
9038
9039
9042
9043
9054
9055
9058
9060
9061
9062
9064
9072
9075
9076
9077
9078
9082
9085
9086
9087
9089
9090
9094
9097
9098
9099
9101
9102
9103
9104
9105
9108
9109
9110
9113
9114
9115
9118
9123
9124
9125
9126
9127
9132
9133
9150
9151
9152
9155
9157
9158
9160
9161
9162
9163
9164
9171
9173
9175
9176
9183
9184
9185
9187
9195
9197
9199
9204
9206
9214
9222
9237
9238
9240
9241
9244
9246
9249
9250
9252
9253
9254
9257
9263
9265
9268
9273
9275
9277
9279
9286
9289
9291
9292
9293
9295
9300
9304
9305
9309
9315
9327
9330
9341
9342
9343
9347
9350
9358
9359
9365
9366
9375
9376
9377
9379
9380
9381
9382
9384
9385
9387
9388
9392
9393
9394
9396
9397
9398
9399
9401
9404
9406
9407
9408
9409
9411
9412
9414
9415
9416
9418
9420
9426
9428
9429
9430
9434
9442
9443
9445
9446
9448
9449
9451
9452
9454
9455
9457
9458
9461
9462
9463
9465
9466
9469
9471
9472
9473
9475
9476
9477
9478
9479
9481
9486
9487
9488
9490
9491
9494
9495
9500
9504
9505
9508
9510
9511
9513
9515
9516
9525
9526
9527
9536
9540
9543
9544
9551
9558
9562
9563
9564
9566
9569
9575
9577
9578
9580
9594
9595
9598
9601
9603
9606
9609
9610
9613
9614
9616
9618
9621
9622
9623
9624
9628
9629
9635
9641
9642
9644
9647
9651
9656
9658
9660
9662
9663
9664
9665
9666
9667
9672
9675
9677
9679
9680
9681
9682
9683
9684
9686
9687
9689
9690
9696
9697
9698
9702
9704
9705
9708
9709
9711
9712
9713
9714
9716
9717
9718
9719
9721
9722
9728
9733
9734
9737
9738
9741
9742
9747
9750
9751
9752
9757
9758
9759
9762
9765
9772
9774
9775
9776
9779
9785
9786
9787
9789
9790
9792
9793
9797
9798
9799
9800
9801
9805
9806
9809
9810
9811
9814
9817
9821
9823
9827
9828
9835
9836
9837
9840
9849
9850
9853
9858
9862
9866
9871
9872
9875
9879
9880
9881
9883
9885
9886
9888
9889
9891
9896
9897
9898
9902
9904
9906
9908
9910
9913
9915
9916
9921
9922
9925
9926
9927
9929
9931
9936
9938
9939
9941
9942
9943
9944
9947
9955
9958
9970
9971
9973
9975
9979
9980
9982
9985
9986
9993
9994
9998
10005
10006
10008
10010
10012
10017
10024
10025
10027
10028
10029
10031
10033
10034
10038
10040
10041
10042
10043
10052
10056
10057
10059
10062
10067
10069
10074
10077
10078
10104
10108
10110
10114
10116
10118
10120
10122
10131
10137
10138
10142
10147
10148
10149
10150
10152
10157
10159
10162
10163
10165
10172
10173
10176
10178
10180
10181
10183
10184
10185
10186
10187
10188
10196
10199
10208
10212
10217
10219
10220
10230
10233
10237
10244
10248
10252
10253
10254
10255
10257
10259
10266
10268
10269
10273
10278
10280
10281
10288
10289
10290
10291
10294
10296
10307
10310
10312
10313
10314
10315
10317
10319
10320
10322
10325
10327
10330
10331
10332
10335
10336
10339
10341
10342
10344
10347
10352
10353
10354
10355
10356
10358
10359
10360
10361
10365
10366
10367
10369
10371
10373
10374
10376
10377
10382
10383
10387
10388
10402
10406
10407
10410
10412
10413
10417
10420
10426
10427
10429
10444
10456
10457
10458
10465
10469
10473
10496
10497
10498
10500
10507
10510
10511
10513
10514
10515
10517
10518
10526
10530
10535
10537
10545
10547
10548
10550
10558
10564
10565
10567
10571
10574
10575
10576
10579
10580
10581
10585
10588
10589
10590
10591
10592
10593
10594
10595
10598
10600
10601
10608
10610
10612
10613
10614
10615
10621
10623
10624
10628
10630
10632
10635
10638
10641
10642
10644
10645
10648
10652
10653
10654
10655
10656
10657
10659
10660
10661
10664
10665
10668
10669
10670
10671
10672
10673
10676
10677
10679
10682
10683
10685
10686
10687
10691
10693
10694
10696
10697
10698
10700
10708
10718
10728
10732
10735
10736
10744
10752
10758
10760
10761
10763
10769
10771
10774
10785
10789
10790
10798
10800
10801
10806
10807
10808
10809
10810
10812
10814
10815
10816
10821
10823
10825
10833
10845
10846
10848
10849
10851
10860
10867
10868
10870
10871
10873
10874
10875
10876
10877
10879
10881
10884
10887
10888
10893
10894
10895
10896
10897
10900
10901
10902
10905
10907
10908
10909
10910
10911
10912
10914
10918
10919
10921
10922
10923
10925
10929
10932
10933
10937
10941
10943
10944
10945
10947
10949
10950
10952
10953
10954
10956
10957
10958
10963
10964
10966
10972
10973
10975
10976
10977
10978
10979
10980
10983
10986
10987
10989
10991
11000
11002
11006
11007
11011
11012
11014
11016
11029
11041
11042
11043
11045
11050
11053
11054
11055
11058
11066
11067
11073
11077
11078
11082
11083
11087
11090
11092
11097
11103
11105
11107
11108
11109
11111
11112
11119
11121
11122
11126
11131
11133
11139
11140
11144
11145
11147
11148
11149
11150
11151
11154
11157
11161
11173
11175
11189
11208
11209
11210
11212
11214
11217
11218
11225
11226
11227
11230
11234
11237
11238
11239
11241
11244
11245
11248
11252
11253
11256
11259
11261
11262
11264
11267
11279
11280
11281
11282
11284
11289
11290
11295
11296
11300
11302
11303
11306
11307
11309
11314
11318
11329
11337
11339
11341
11345
11346
11348
11350
11352
11353
11357
11360
11364
11365
11367
11369
11370
11377
11378
11379
11380
11382
11385
11390
11393
11396
11397
11400
11409
11410
11412
11413
11418
11419
11421
11426
11431
11443
11447
11449
11450
11452
11460
11461
11462
11465
11466
11470
11471
11473
11474
11475
11476
11479
11480
11483
11486
11492
11493
11495
11496
11498
11499
11500
11502
11504
11505
11511
11512
11514
11519
11522
11524
11528
11530
11531
11538
11540
11544
11545
11547
11548
11549
11551
11555
11556
11557
11560
11561
11562
11564
11570
11572
11575
11576
11577
11581
11582
11586
11590
11591
11593
11594
11596
11597
11599
11600
11601
11602
11603
11604
11606
11608
11613
11615
11616
11618
11619
11622
11625
11628
11643
11645
11646
11647
11648
11649
11650
11651
11653
11654
11655
11656
11657
11658
11659
11660
11661
11664
11665
11667
11673
11675
11676
11682
11683
11689
11690
11694
11695
11696
11697
11698
11699
11700
11701
11702
11704
11705
11706
11708
11712
11713
11715
11716
11717
11727
11728
11735
11740
11741
11742
11743
11744
11745
11746
11747
11749
11753
11754
11757
11760
11768
11770
11771
11773
11774
11777
11778
11779
11780
11782
11783
11784
11785
11786
11789
11793
11797
11800
11804
11806
11807
11809
11810
11811
11813
11816
11817
11818
11819
11822
11824
11829
11831
11841
11847
11850
11857
11858
11859
11867
11874
11876
11879
11887
11889
11892
11893
11911
11914
11915
11925
11929
11933
11935
11940
11944
11945
11955
11962
11963
11967
11968
11969
11973
11978
11979
11983
11992
11999
12001
12002
12003
12006
12008
12009
12011
12019
12026
12033
12037
12039
12040
12041
12042
12051
12052
12056
12060
12061
12064
12065
12072
12076
12077
12078
12089
12092
12097
12099
12100
12102
12106
12107
12108
12110
12114
12115
12119
12120
12124
12127
12132
12137
12140
12142
12144
12153
12156
12160
12162
12163
12164
12165
12167
12176
12180
12185
12187
12188
12192
12193
12194
12210
12217
12220
12221
12224
12225
12249
12250
12252
12257
12258
12261
12263
12264
12265
12267
12268
12271
12272
12273
12275
12282
12286
12287
12288
12289
12293
12296
12300
12312
12314
12317
12318
12321
12326
12327
12330
12334
12336
12338
12339
12340
12345
12355
12359
12360
12361
12363
12364
12368
12370
12376
12389
12392
12393
12395
12398
12401
12409
12410
12411
12416
12418
12419
12421
12424
12425
12440
12443
12446
12454
12457
12461
12462
12466
12467
12468
12469
12470
12471
12472
12476
12478
12480
12482
12484
12487
12491
12492
12493
12494
12495
12497
12499
12500
12501
12508
12509
12515
12520
12522
12523
12524
12525
12526
12528
12543
12544
12548
12553
12554
12556
12557
12560
12568
12570
12572
12573
12575
12576
12577
12578
12582
12583
12586
12591
12593
12594
12595
12598
12599
12605
12606
12607
12611
12617
12620
12621
12627
12628
12630
12631
12640
12650
12656
12658
12668
12675
12678
12679
12680
12684
12685
12686
12688
12693
12695
12701
12703
12707
12710
12713
12716
12718
12721
12724
12727
12728
12729
12732
12733
12734
12739
12741
12742
12745
12746
12747
12749
12750
12752
12757
12766
12767
12770
12771
12774
12776
12777
12778
12779
12782
12784
12785
12786
12789
12790
12791
12796
12797
12801
12808
12811
12818
12821
12822
12823
12827
12829
12830
12836
12839
12840
12843
12845
12846
12848
12849
12850
12857
12864
12868
12869
12870
12871
12872
12873
12874
12880
12881
12882
12883
12886
12887
12889
12891
12894
12898
12907
12908
12911
12914
12915
12916
12939
12941
12945
12947
12963
12965
12967
12970
12971
12972
12975
12979
12980
12981
12984
12986
12990
12994
12995
12997
13005
13007
13009
13013
13015
13016
13018
13022
13024
13027
13032
13034
13037
13038
13039
13049
13051
13054
13059
13060
13064
13066
13068
13069
13070
13073
13074
13075
13079
13080
13081
13082
13083
13085
13087
13088
13092
13094
13103
13106
13109
13110
13119
13120
13122
13124
13126
13134
13139
13140
13142
13144
13150
13151
13163
13166
13168
13181
13182
13197
13200
13202
13203
13204
13205
13218
13234
13236
13237
13238
13240
13241
13245
13249
13250
13251
13252
13253
13260
13261
13272
13274
13277
13279
13283
13286
13289
13292
13301
13314
13319
13320
13326
13327
13330
13333
13341
13342
13345
13349
13350
13354
13357
13358
13359
13375
13377
13380
13382
13383
13385
13386
13387
13394
13395
13400
13409
13417
13421
13422
13428
13429
13430
13431
13433
13434
13435
13436
13437
13441
13442
13443
13447
13448
13452
13453
13454
13455
13456
13457
13459
13460
13462
13466
13468
13470
13471
13479
13481
13483
13486
13488
13491
13493
13494
13496
13506
13510
13519
13524
13526
13528
13531
13532
13533
13540
13541
13542
13547
13548
13549
13551
13552
13555
13557
13559
13562
13578
13581
13590
13596
13598
13608
13611
13615
13624
13626
13628
13629
13631
13641
13642
13643
13645
13646
13647
13649
13650
13651
13652
13653
13656
13659
13662
13665
13666
13667
13668
13672
13676
13680
13685
13686
13687
13689
13690
13696
13698
13703
13704
13705
13708
13709
13710
13714
13715
13716
13718
13720
13721
13722
13724
13731
13736
13741
13744
13748
13750
13758
13763
13765
13766
13768
13776
13777
13781
13782
13783
13784
13786
13788
13791
13792
13793
13800
13802
13805
13811
13812
13816
13817
13822
13824
13825
13826
13835
13836
13837
13841
13842
13843
13851
13852
13853
13863
13868
13871
13874
13875
13877
13878
13885
13890
13891
13892
13893
13894
13896
13898
13899
13903
13922
13926
13927
13929
13930
13931
13938
13939
13945
13952
13953
13954
13960
13962
13968
13971
13973
13975
13976
13980
13983
13984
13989
13995
13996
14002
14008
14010
14011
14017
14024
14025
14026
14027
14029
14031
14033
14034
14035
14036
14040
14044
14046
14049
14052
14053
14055
14058
14061
14063
14064
14065
14066
14067
14071
14077
14081
14087
14091
14093
14094
14095
14096
14097
14101
14103
14109
14114
14116
14134
14136
14142
14147
14171
14179
14194
14196
14199
14244
14263
14267
14293
14296
14306
14327
14336
14346
14354
14383
14391
14392
14394
14400
14410
14439
14456
14461
14479
14480
14481
14482
14485
14487
14490
14491
14493
14495
14500
14501
14502
14503
14506
14507
14508
14510
14511
14519
14521
14529
14530
14531
14532
14533
14534
14538
14540
14543
14550
14554
14558
14575
14579
14587
14594
14596
14601
14603
14604
14606
14609
14619
14627
14630
14634
14641
14642
14650
14653
14655
14657
14659
14663
14664
14675
14676
14677
14678
14681
14688
14694
14700
14704
14707
14712
14719
14730
14732
14739
14743
14744
14745
14750
14755
14757
14760
14761
14765
14768
14779
14783
14784
14786
14790
14792
14795
14803
14804
14805
14808
14809
14810
14812
14813
14817
14819
14821
14823
14825
14835
14837
14842
14846
14847
14848
14850
14852
14853
14867
14869
14871
14874
14877
14879
14880
14881
14882
14888
14891
14892
14893
14894
14898
14899
14901
14902
14903
14904
14906
14907
14911
14918
14921
14923
14928
14929
14933
14939
14941
14945
14946
14948
14949
14951
14953
14969
14971
14981
14983
14984
14987
14990
14993
14994
14995
14998
15000
15001
15004
15005
15006
15022
15029
15031
15032
15033
15035
15036
15037
15045
15050
15051
15054
15056
15059
15062
15063
15064
15065
15068
15069
15070
15071
15074
15076
15079
15083
15086
15087
15089
15093
15099
15108
15109
15120
15123
15125
15127
15128
15129
15130
15131
15132
15135
15137
15140
15142
15144
15146
15148
15150
15152
15153
15156
15157
15158
15159
15160
15165
15167
15169
15171
15172
15174
15177
15183
15184
15185
15187
15189
15192
15193
15195
15200
15205
15210
15213
15215
15216
15217
15218
15219
15223
15230
15234
15235
15237
15240
15247
15248
15264
15265
15266
15267
15269
15279
15280
15281
15283
15290
15296
15297
15315
15345
15348
15351
15372
15377
15389
15402
15414
15416
15424
15427
15429
15431
15436
15442
15444
15445
15446
15464
15471
15473
15474
15475
15478
15479
15482
15485
15487
15491
15496
15497
15498
15499
15502
15503
15507
15508
15510
15512
15513
15514
15516
15517
15518
15519
15521
15522
15523
15524
15526
15531
15532
15536
15537
15538
15551
15553
15554
15555
15556
15557
15558
15561
15562
15563
15565
15567
15568
15569
15570
15574
15577
15581
15587
15590
15591
15596
15605
15606
15607
15609
15610
15611
15619
15620
15621
15625
15626
15627
15631
15632
15638
15644
15645
15652
15653
15655
15656
15657
15658
15659
15660
15661
15662
15665
15666
15667
15668
15672
15677
15679
15684
15691
15692
15693
15695
15698
15702
15703
15704
15707
15708
15710
15711
15712
15713
15714
15715
15717
15718
15719
15720
15726
15728
15729
15730
15731
15732
15736
15737
15738
15739
15741
15744
15745
15747
15750
15753
15755
15761
15763
15765
15766
15768
15769
15772
15773
15775
15776
15777
15778
15779
15780
15782
15784
15786
15787
15792
15793
15794
15797
15798
15802
15803
15805
15807
15809
15810
15812
15813
15816
15817
15818
15819
15820
15826
15829
15835
15836
15849
15854
15863
15868
15873
15874
15880
15892
15903
15907
15908
15911
15913
15925
15926
15927
15932
15934
15940
15948
15949
15951
15954
15961
15967
15971
15975
15976
15977
15978
15980
15983
15986
15991
15992
15997
15999
16000
16002
16004
16007
16011
16014
16016
16021
16022
16024
16025
16030
16031
16032
16033
16034
16035
16036
16038
16042
16043
16044
16046
16047
16050
16053
16054
16057
16060
16062
16072
16075
16076
16077
16079
16082
16092
16096
16097
16099
16100
16102
16106
16110
16113
16114
16117
16118
16119
16120
16123
16127
16135
16141
16143
16144
16152
16157
16166
16167
16168
16179
16181
16182
16183
16184
16192
16193
16196
16200
16201
16208
16218
16219
16222
16224
16225
16228
16229
16233
16236
16237
16241
16242
16243
16244
16245
16253
16255
16256
16257
16259
16261
16263
16266
16267
16269
16273
16274
16275
16278
16284
16285
16288
16290
16293
16297
16301
16306
16309
16310
16311
16314
16315
16319
16326
16328
16329
16332
16338
16339
16340
16341
16342
16343
16344
16345
16348
16353
16358
16362
16364
16366
16371
16375
16377
16379
16381
16390
16392
16396
16400
16403
16404
16406
16407
16408
16418
16431
16432
16435
16439
16440
16441
16443
16445
16451
16461
16467
16468
16471
16476
16484
16499
16508
16513
16517
16519
16520
16533
16537
16541
16544
16545
16555
16558
16560
16563
16564
16569
16570
16571
16574
16578
16579
16580
16581
16586
16589
16594
16595
16596
16597
16598
16605
16606
16607
16609
16616
16617
16625
16635
16641
16654
16657
16658
16664
16668
16671
16672
16673
16678
16679
16680
16683
16688
16689
16690
16692
16693
16695
16697
16698
16700
16705
16711
16712
16714
16715
16716
16717
16718
16721
16722
16732
16733
16734
16737
16738
16740
16742
16743
16745
16747
16748
16749
16750
16751
16752
16755
16756
16759
16761
16762
16768
16773
16774
16782
16788
16790
16791
16793
16794
16796
16798
16805
16808
16809
16810
16811
16813
16815
16816
16817
16822
16823
16824
16825
16826
16827
16830
16831
16832
16836
16839
16840
16841
16842
16848
16849
16851
16852
16856
16857
16858
16860
16862
16865
16866
16867
16891
16892
16902
16933
16939
16944
16946
16947
16949
16955
16957
16959
16960
16966
16968
16969
16970
16975
16977
16979
16980
16985
16986
16988
16989
16990
16995
16996
16998
17000
17015
17017
17019
17025
17026
17028
17029
17031
17032
17042
17048
17062
17065
17071
17072
17073
17075
17077
17078
17080
17086
17092
17102
17103
17104
17106
17107
17108
17112
17113
17114
17116
17117
17118
17120
17124
17127
17128
17129
17130
17131
17133
17138
17139
17141
17142
17146
17148
17151
17152
17153
17156
17159
17169
17178
17181
17182
17184
17187
17192
17194
17203
17204
17205
17210
17211
17212
17215
17218
17222
17223
17225
17226
17227
17230
17232
17234
17236
17237
17239
17240
17241
17243
17249
17251
17252
17253
17254
17266
17271
17274
17276
17279
17286
17289
17295
17296
17298
17299
17305
17306
17311
17312
17320
17323
17327
17329
17335
17345
17347
17348
17353
17355
17357
17358
17359
17362
17363
17364
17369
17374
17376
17378
17389
17397
17399
17400
17401
17403
17408
17409
17411
17418
17420
17421
17422
17426
17427
17428
17429
17433
17434
17436
17441
17443
17445
17446
17447
17453
17462
17467
17468
17476
17485
17488
17489
17490
17495
17500
17505
17508
17517
17524
17525
17527
17530
17540
17541
17542
17547
17548
17553
17556
17558
17559
17560
17562
17564
17573
17574
17575
17578
17579
17582
17591
17592
17594
17597
17605
17607
17608
17610
17611
17612
17613
17618
17622
17634
17638
17639
17643
17655
17657
17661
17664
17665
17668
17675
17676
17678
17679
17682
17685
17689
17692
17695
17699
17708
17712
17717
17720
17721
17722
17723
17724
17729
17730
17731
17732
17739
17742
17746
17747
17748
17751
17765
17773
17774
17775
17776
17781
17784
17789
17794
17799
17800
17807
17809
17810
17812
17815
17824
17833
17834
17836
17837
17838
17840
17842
17843
17844
17850
17851
17852
17853
17856
17857
17864
17869
17874
17881
17884
17891
17892
17894
17896
17902
17906
17907
17910
17911
17913
17914
17917
17920
17928
17930
17931
17933
17934
17935
17937
17939
17942
17944
17946
17948
17949
17951
17954
17956
17959
17961
17962
17963
17964
17969
17970
17972
17973
17980
17982
17992
17993
17997
17998
18002
18004
18005
18006
18008
18010
18013
18020
18026
18028
18035
18037
18038
18040
18045
18046
18054
18055
18057
18061
18065
18068
18069
18071
18072
18073
18077
18078
18083
18094
18095
18099
18105
18117
18118
18121
18122
18127
18128
18130
18131
18133
18135
18136
18137
18138
18139
18144
18145
18146
18148
18153
18166
18169
18178
18179
18180
18181
18184
18185
18186
18187
18190
18196
18200
18201
18202
18204
18205
18208
18209
18211
18215
18218
18219
18221
18222
18223
18230
18235
18250
18255
18256
18258
18259
18278
18280
18287
18289
18293
18296
18297
18305
18308
18312
18313
18315
18316
18318
18320
18321
18329
18330
18331
18333
18336
18339
18340
18342
18348
18350
18353
18354
18356
18366
18372
18374
18382
18387
18388
18391
18392
18393
18394
18405
18408
18417
18418
18419
18422
18423
18424
18429
18443
18444
18447
18452
18456
18457
18459
18460
18469
18471
18473
18474
18475
18477
18478
18482
18483
18492
18494
18495
18497
18507
18509
18515
18517
18518
18527
18531
18535
18544
18548
18554
18558
18559
18561
18569
18570
18577
18585
18587
18589
18592
18593
18601
18605
18606
18607
18608
18612
18619
18625
18626
18629
18630
18631
18632
18633
18638
18639
18646
18648
18658
18664
18666
18672
18679
18680
18681
18686
18691
18695
18699
18706
18708
18711
18715
18725
18726
18730
18731
18735
18740
18742
18743
18744
18745
18755
18762
18763
18772
18777
18778
18779
18785
18791
18796
18798
18799
18801
18806
18821
18826
18839
18845
18848
18852
18864
18866
18871
18873
18875
18876
18897
18898
18900
18902
18906
18907
18911
18912
18916
18918
18925
18938
18939
18941
18948
18950
18953
18960
18961
18962
18963
18977
18978
18979
18980
18982
18988
18992
18996
19003
19004
19005
19006
19008
19010
19011
19017
19020
19021
19022
19023
19027
19030
19032
19037
19042
19046
19047
19048
19049
19051
19052
19057
19059
19060
19062
19063
19065
19066
19067
19070
19073
19075
19077
19078
19080
19083
19089
19090
19094
19099
19108
19116
19120
19129
19131
19137
19141
19152
19156
19158
19160
19162
19163
19164
19167
19170
19172
19173
19175
19177
19180
19183
19184
19186
19187
19193
19219
19222
19224
19229
19234
19235
19236
19237
19238
19245
19250
19251
19253
19254
19259
19262
19266
19270
19271
19273
19277
19283
19287
19294
19296
19302
19303
19307
19311
19318
19320
19321
19326
19331
19333
19336
19338
19342
19344
19347
19352
19355
19356
19357
19358
19360
19366
19368
19376
19380
19381
19392
19394
19399
19401
19402
19407
19410
19417
19419
19420
19424
19434
19435
19436
19439
19448
19458
19460
19461
19462
19463
19464
19470
19475
19476
19478
19479
19481
19482
19493
19495
19497
19500
19501
19503
19506
19508
19513
19516
19517
19518
19520
19522
19524
19525
19529
19530
19532
19539
19545
19549
19558
19559
19560
19562
19564
19566
19567
19594
19600
19605
19612
19613
19615
19616
19620
19622
19627
19632
19634
19636
19640
19641
19650
19651
19653
19657
19659
19661
19666
19667
19669
19670
19671
19672
19673
19674
19678
19680
19681
19682
19683
19684
19695
19696
19698
19706
19709
19710
19713
19717
19719
19721
19722
19727
19737
19738
19739
19746
19747
19749
19751
19755
19759
19761
19763
19765
19766
19767
19770
19787
19789
19795
19797
19800
19804
19806
19811
19818
19820
19826
19829
19878
19885
19890
19914
19936
19948
19959
19967
19969
19972
19981
19982
19985
19986
19987
19990
19998
19999
20000
20004
20010
20011
20012
20014
20018
20019
20024
20031
20033
20034
20035
20036
20038
20040
20049
20055
20061
20066
20076
20081
20085
20087
20095
20096
20097
20104
20111
20113
20121
20124
20140
20148
20150
20151
20157
20161
20162
20163
20167
20168
20170
20171
20177
20179
20187
20192
20193
20194
20196
20198
20204
20206
20209
20215
20216
20220
20223
20225
20229
20230
20232
20236
20238
20240
20241
20242
20243
20244
20246
20248
20257
20258
20263
20267
20271
20272
20273
20274
20275
20276
20278
20279
20280
20285
20287
20295
20296
20298
20302
20303
20307
20309
20313
20318
20326
20333
20336
20340
20342
20343
20348
20362
20363
20364
20365
20368
20370
20375
20376
20378
20379
20391
20395
20396
20397
20399
20400
20401
20403
20407
20412
20416
20417
20419
20430
20435
20445
20446
20447
20455
20457
20460
20464
20465
20468
20476
20482
20483
20488
20490
20505
20506
20512
20513
20516
20520
20528
20531
20536
20539
20542
20544
20557
20558
20563
20565
20567
20568
20574
20578
20580
20581
20583
20587
20592
20600
20602
20604
20605
20606
20608
20609
20610
20611
20612
20613
20620
20621
20623
20624
20629
20630
20633
20634
20635
20637
20639
20641
20642
20643
20644
20647
20653
20659
20660
20664
20668
20669
20671
20677
20682
20683
20684
20686
20687
20691
20693
20697
20700
20705
20708
20709
20719
20720
20722
20723
20724
20735
20740
20745
20746
20751
20752
20753
20756
20757
20767
20775
20779
20782
20785
20787
20798
20801
20804
20805
20807
20809
20816
20824
20826
20827
20830
20831
20833
20848
20850
20853
20858
20859
20864
20874
20883
20890
20891
20892
20895
20901
20912
20920
20929
20934
20935
20936
20947
20950
20955
20968
20973
20976
20981
20984
20985
20989
20994
21006
21011
21035
21041
21050
21058
21060
21066
21068
21074
21075
21080
21081
21082
21089
21091
21092
21101
21104
21105
21114
21116
21118
21125
21128
21129
21130
21136
21142
21149
21151
21155
21156
21158
21169
21183
21184
21187
21196
21202
21203
21204
21207
21212
21217
21227
21233
21239
21241
21243
21246
21251
21253
21257
21262
21265
21269
21276
21278
21282
21288
21291
21295
21296
21297
21299
21300
21301
21306
21307
21316
21318
21325
21335
21337
21338
21339
21342
21345
21346
21350
21351
21383
21392
21393
21394
21395
21401
21405
21411
21412
21413
21421
21428
21435
21437
21446
21448
21449
21454
21457
21464
21466
21481
21482
21485
21486
21487
21495
21502
21505
21511
21514
21517
21523
21525
21526
21528
21529
21531
21535
21537
21539
21542
21543
21544
21548
21551
21556
21558
21559
21560
21562
21565
21566
21575
21577
21578
21579
21582
21583
21585
21588
21589
21592
21594
21597
21600
21608
21609
21616
21617
21622
21629
21631
21633
21638
21641
21646
21649
21650
21652
21653
21657
21666
21668
21669
21670
21672
21673
21674
21676
21702
21706
21711
21713
21716
21717
21723
21724
21725
21729
21737
21740
21741
21750
21752
21753
21755
21757
21758
21762
21765
21770
21771
21772
21783
21784
21787
21791
21792
21793
21808
21810
21811
21814
21820
21823
21824
21826
21828
21829
21832
21849
21856
21857
21861
21862
21867
21873
21874
21876
21879
21884
21886
21887
21888
21889
21890
21893
21894
21905
21906
21908
21909
21910
21919
21926
21927
21932
21934
21935
21942
21943
21950
21952
21955
21961
21962
21967
21968
21971
21974
21986
21995
21997
21999
22000
22002
22005
22008
22010
22018
22026
22027
22029
22031
22046
22060
22061
22062
22063
22064
22066
22069
22074
22081
22084
22089
22090
22091
22094
22096
22098
22099
22103
22115
22121
22123
22126
22128
22130
22133
22136
22138
22151
22156
22157
22158
22162
22170
22172
22173
22174
22178
22180
22181
22182
22184
22188
22195
22196
22210
22211
22216
22217
22220
22221
22225
22229
22231
22235
22247
22249
22252
22262
22263
22272
22277
22280
22281
22284
22295
22296
22308
22311
22314
22315
22319
22320
22327
22328
22329
22331
22334
22346
22349
22350
22357
22372
22375
22379
22380
22384
22389
22402
22404
22406
22417
22424
22428
22430
22431
22432
22433
22437
22442
22445
22449
22450
22452
22454
22456
22458
22460
22466
22468
22471
22475
22480
22485
22501
22502
22504
22508
22510
22511
22525
22526
22531
22535
22536
22537
22538
22540
22546
22547
22548
22549
22550
22554
22555
22556
22559
22560
22569
22571
22577
22578
22584
22587
22592
22593
22594
22596
22610
22613
22614
22615
22616
22620
22641
22643
22647
22648
22649
22650
22652
22654
22658
22659
22664
22665
22668
22685
22696
22698
22699
22704
22710
22717
22718
22719
22729
22730
22731
22734
22741
22747
22748
22749
22753
22759
22762
22763
22769
22772
22776
22779
22782
22790
22791
22795
22796
22797
22799
22805
22810
22816
22818
22821
22825
22827
22833
22834
22838
22842
22843
22845
22855
22862
22869
22874
22899
22901
22910
22917
22920
22922
22924
22926
22928
22929
22930
22952
22953
22963
22974
22984
22985
22986
22991
22994
23001
23009
23010
23021
23023
23036
23043
23051
23052
23053
23054
23055
23056
23058
23059
23066
23067
23073
23077
23083
23086
23087
23099
23103
23105
23106
23109
23112
23113
23114
23120
23121
23125
23133
23134
23152
23154
23157
23158
23161
23167
23177
23183
23195
23197
23199
23202
23205
23206
23207
23211
23214
23217
23219
23224
23233
23234
23235
23242
23243
23246
23250
23256
23260
23261
23267
23270
23274
23279
23281
23292
23293
23294
23299
23306
23308
23312
23327
23330
23332
23338
23339
23340
23343
23345
23348
23350
23355
23356
23358
23360
23363
23364
23365
23366
23369
23371
23377
23381
23386
23390
23392
23394
23400
23416
23417
23422
23425
23426
23428
23429
23435
23437
23446
23449
23467
23469
23480
23481
23495
23497
23498
23501
23504
23508
23516
23530
23532
23533
23543
23545
23548
23555
23568
23574
23577
23579
23583
23584
23587
23592
23597
23600
23602
23612
23614
23620
23623
23624
23637
23646
23651
23652
23654
23665
23666
23675
23681
23683
23693
23696
23697
23707
23708
23710
23713
23715
23721
23723
23731
23733
23740
23742
23745
23754
23757
23760
23769
23774
23775
23778
23780
23786
23790
23795
23796
23799
23801
23802
23803
23804
23805
23806
23807
23814
23827
23831
23837
23839
23841
23847
23856
23857
23861
23866
23869
23870
23871
23872
23873
23874
23877
23879
23880
23881
23882
23883
23885
23886
23887
23895
23899
23900
23903
23911
23912
23930
23938
23939
23940
23943
23948
23956
23971
23972
23984
24016
24026
24029
24032
24036
24039
24041
24047
24052
24053
24054
24068
24072
24074
24085
24086
24088
24099
24100
24108
24109
24116
24117
24123
24143
24150
24154
24161
24177
24179
24184
24190
24195
24197
24203
24208
24216
24220
24228
24233
24243
24258
24260
24262
24263
24269
24270
24273
24277
24278
24281
24282
24283
24284
24291
24293
24296
24302
24303
24304
24305
24310
24313
24316
24320
24325
24327
24332
24333
24334
24342
24346
24348
24349
24357
24362
24365
24375
24376
24377
24380
24381
24384
24388
24397
24400
24403
24408
24415
24425
24426
24439
24440
24449
24455
24478
24479
24480
24482
24488
24496
24513
24517
24529
24535
24537
24542
24544
24546
24547
24548
24550
24552
24561
24581
24584
24592
24596
24600
24601
24613
24614
24619
24622
24624
24627
24630
24633
24639
24640
24642
24645
24659
24680
24690
24691
24694
24702
24707
24708
24709
24710
24711
24714
24715
24716
24718
24719
24721
24726
24727
24728
24729
24730
24731
24732
24736
24738
24739
24751
24752
24753
24756
24757
24758
24763
24767
24774
24777
24781
24783
24786
24794
24806
24820
24823
24826
24827
24834
24838
24851
24860
24866
24867
24873
24875
24880
24890
24899
24903
24905
24910
24911
24918
24922
24925
24928
24930
24932
24933
24934
24957
24965
24966
24969
24980
24989
24990
25001
25002
25006
25009
25012
25026
25028
25034
25035
25036
25038
25039
25041
25042
25047
25055
25063
25067
25071
25072
25075
25082
25089
25102
25104
25105
25107
25108
25113
25114
25117
25127
25128
25129
25132
25133
25134
25135
25136
25137
25138
25139
25141
25143
25146
25150
25153
25171
25173
25174
25176
25189
25191
25194
25196
25198
25199
25200
25205
25207
25211
25214
25215
25224
25225
25226
25228
25234
25235
25236
25237
25238
25240
25241
25242
25243
25252
25256
25258
25260
25264
25265
25277
25286
25287
25290
25299
25300
25303
25304
25305
25306
25308
25312
25316
25318
25320
25323
25324
25326
25328
25333
25337
25343
25348
25349
25353
25357
25360
25362
25363
25365
25369
25377
25382
25385
25389
25395
25400
25404
25407
25412
25418
25429
25434
25439
25448
25452
25457
25459
25461
25462
25466
25467
25468
25470
25473
25476
25493
25494
25497
25513
25516
25526
25532
25542
25554
25556
25561
25568
25573
25585
25587
25589
25593
25604
25619
25622
25623
25633
25635
25644
25645
25648
25651
25652
25658
25668
25689
25697
25700
25701
25708
25719
25720
25721
25723
25731
25733
25739
25741
25745
25750
25752
25757
25762
25769
25772
25775
25779
25780
25781
25785
25786
25794
25797
25809
25811
25832
25833
25836
25841
25847
25849
25860
25863
25864
25865
25867
25869
25870
25872
25873
25879
25880
25882
25883
25884
25885
25886
25890
25891
25892
25893
25894
25895
25896
25897
25902
25904
25905
25907
25917
25919
25920
25924
25945
25953
25954
25956
25958
25959
25970
25973
25982
25986
25995
26015
26030
26033
26036
26039
26042
26043
26049
26051
26052
26088
26122
26132
26162
26173
26181
26192
26201
26203
26216
26217
26218
26221
26222
26224
26225
26227
26228
26231
26232
26234
26235
26236
26237
26245
26250
26251
26255
26259
26263
26267
26268
26276
26292
26299
26305
26315
26326
26359
26370
26373
26374
26376
26381
26389
26405
26406
26428
26431
26436
26451
26455
26464
26474
26478
26479
26483
26487
26507
26508
26509
26510
26513
26515
26516
26518
26527
26537
26539
26540
26545
26549
26557
26558
26562
26566
26569
26573
26580
26584
26594
26597
26599
26601
26608
26620
26621
26624
26632
26633
26635
26636
26637
26641
26647
26649
26653
26655
26657
26659
26662
26663
26671
26679
26684
26685
26688
26689
26697
26700
26710
26712
26722
26728
26736
26745
26760
26763
26772
26775
26781
26792
26797
26804
26806
26807
26820
26821
26826
26827
26828
26829
26831
26835
26839
26843
26850
26855
26856
26857
26858
26861
26862
26863
26866
26873
26878
26886
26887
26888
26896
26902
26904
26905
26906
26914
26915
26916
26917
26919
26920
26926
26927
26929
26934
26935
26936
26943
26946
26954
26955
26958
26965
26973
26975
26983
26990
26992
26993
26997
26998
27000
27001
27003
27004
27005
27008
27009
27014
27017
27018
27021
27022
27024
27032
27035
27047
27052
27053
27059
27060
27061
27063
27087
27091
27111
27112
27113
27116
27117
27123
27131
27135
27138
27148
27158
27166
27167
27168
27170
27171
27174
27176
27180
27201
27208
27221
27227
27231
27232
27235
27237
27246
27251
27255
27262
27263
27266
27268
27269
27282
27283
27286
27299
27301
27306
27307
27313
27322
27323
27334
27341
27345
27348
27349
27350
27354
27355
27363
27367
27368
27380
27381
27382
27383
27384
27388
27404
27407
27410
27416
27417
27422
27425
27428
27431
27432
27442
27448
27453
27454
27455
27457
27460
27461
27463
27465
27467
27473
27476
27483
27484
27485
27496
27504
27518
27521
27530
27532
27535
27539
27560
27564
27566
27569
27579
27587
27589
27590
27592
27594
27612
27616
27630
27636
27638
27640
27643
27655
27661
27666
27669
27675
27681
27684
27687
27689
27692
27695
27699
27701
27702
27703
27714
27717
27718
27722
27728
27740
27746
27747
27751
27755
27757
27759
27761
27764
27766
27768
27773
27774
27784
27785
27789
27790
27793
27794
27804
27806
27811
27813
27815
27816
27822
27827
27849
27850
27857
27858
27859
27860
27872
27876
27880
27883
27884
27886
27892
27896
27899
27902
27907
27908
27911
27915
27934
27949
27952
27962
27971
27972
27973
27978
27984
27992
27994
27995
28005
28010
28015
28018
28022
28023
28024
28025
28034
28035
28038
28039
28047
28052
28053
28056
28057
28059
28061
28069
28071
28080
28082
28083
28086
28094
28095
28103
28108
28109
28111
28125
28126
28132
28145
28158
28160
28163
28169
28171
28174
28180
28183
28186
28193
28219
28221
28226
28227
28232
28238
28239
28240
28256
28257
28264
28265
28275
28293
28295
28296
28297
28300
28310
28314
28321
28322
28326
28329
28334
28340
28341
28347
28352
28360
28361
28373
28377
28384
28395
28400
28405
28421
28422
28426
28428
28429
28433
28439
28442
28446
28454
28486
28492
28495
28496
28508
28517
28521
28524
28528
28530
28539
28542
28549
28567
28575
28577
28578
28581
28584
28591
28602
28603
28604
28606
28607
28613
28616
28617
28623
28624
28631
28639
28642
28646
28647
28650
28651
28657
28662
28666
28672
28674
28685
28687
28709
28717
28720
28727
28731
28732
28734
28746
28752
28759
28761
28767
28768
28773
28776
28777
28781
28784
28787
28794
28797
28803
28808
28810
28812
28830
28831
28833
28834
28835
28837
28854
28862
28864
28869
28871
28891
28892
28894
28895
28905
28907
28911
28913
28914
28916
28917
28920
28931
28944
28946
28954
28956
28957
28958
28959
28965
28968
28970
28971
28974
28981
28986
28987
28991
28992
29002
29016
29022
29042
29045
29048
29051
29052
29054
29063
29065
29072
29074
29076
29077
29087
29092
29097
29104
29109
29111
29112
29118
29121
29127
29130
29147
29156
29161
29162
29166
29177
29189
29190
29191
29192
29195
29205
29206
29207
29210
29217
29219
29220
29226
29228
29229
29230
29244
29246
29255
29256
29262
29268
29273
29280
29283
29286
29287
29300
29305
29316
29321
29324
29325
29332
29335
29348
29353
29354
29355
29363
29380
29382
29385
29386
29395
29400
29403
29419
29420
29422
29427
29439
29445
29460
29471
29481
29482
29483
29486
29490
29496
29499
29505
29507
29510
29511
29524
29528
29529
29531
29532
29533
29540
29541
29543
29545
29549
29616
29622
29623
29624
29632
29635
29638
29639
29640
29648
29650
29651
29653
29654
29675
29682
29683
29694
29696
29703
29709
29714
29715
29720
29722
29726
29728
29748
29750
29751
29755
29760
29763
29765
29767
29771
29772
29777
29781
29789
29790
29791
29802
29804
29806
29813
29821
29822
29826
29837
29838
29839
29850
29852
29856
29860
29865
29866
29868
29869
29870
29881
29883
29885
29886
29890
29891
29892
29913
29929
29931
29933
29943
29944
29946
29953
29961
29962
29969
29973
29975
29978
29988
29991
29997
30000
30001
30003
30006
30007
30012
30013
30014
30015
30016
30022
30024
30025
30027
30029
30033
30034
30038
30043
30045
30058
30066
30068
30069
30070
30089
30091
30098
30114
30125
30129
30130
30145
30156
30158
30172
30175
30176
30180
30181
30182
30183
30186
30188
30190
30196
30199
30200
30202
30203
30205
30208
30218
30225
30226
30227
30228
30230
30231
30234
30236
30243
30249
30259
30288
30309
30311
30312
30321
30325
30331
30332
30335
30337
30367
30377
30378
30383
30399
30428
30459
30464
30465
30467
30469
30473
30476
30488
30490
30492
30493
30502
30509
30513
30520
30521
30524
30526
30527
30537
30539
30540
30545
30549
30559
30560
30565
30570
30575
30577
30581
30600
30607
30608
30627
30629
30630
30646
30654
30657
30669
30673
30679
30681
30700
30704
30714
30716
30720
30723
30726
30732
30736
30740
30743
30748
30749
30753
30773
30792
30795
30813
30817
30818
30822
30835
30836
30841
30847
30849
30874
30876
30880
30882
30887
30892
30894
30897
30899
30900
30901
30911
30914
30928
30930
30931
30934
30938
30945
30951
30969
30970
30973
30976
30977
30981
30984
30994
30995
30996
31007
31012
31016
31044
31045
31047
31055
31059
31073
31078
31099
31112
31114
31117
31124
31128
31135
31137
31138
31144
31145
31149
31156
31160
31166
31170
31177
31180
31187
31190
31192
31194
31198
31199
31201
31203
31204
31206
31208
31210
31213
31215
31220
31233
31234
31246
31247
31249
31257
31272
31284
31289
31292
31294
31295
31297
31304
31308
31309
31321
31324
31329
31332
31341
31346
31352
31356
31360
31368
31371
31373
31377
31381
31389
31392
31393
31396
31407
31423
31429
31431
31445
31458
31462
31476
31477
31483
31484
31486
31489
31491
31498
31500
31505
31508
31512
31516
31517
31520
31531
31532
31536
31540
31541
31553
31555
31565
31568
31578
31583
31585
31586
31588
31593
31598
31616
31619
31620
31623
31649
31655
31661
31662
31664
31665
31668
31670
31677
31678
31682
31687
31692
31705
31717
31731
31732
31733
31740
31748
31749
31752
31759
31766
31767
31771
31780
31782
31788
31799
31800
31811
31816
31818
31820
31823
31826
31829
31853
31854
31855
31864
31871
31901
31907
31910
31929
31941
31962
31963
31966
31968
31970
31988
31990
31991
31993
31995
32001
32002
32003
32005
32011
32012
32040
32043
32047
32049
32053
32057
32061
32077
32080
32083
32101
32102
32111
32114
32115
32119
32138
32155
32170
32175
32191
32247
32252
32278
32281
32342
32343
32344
32346
32354
32360
32362
32366
32370
32383
32388
32420
32428
32431
32434
32441
32442
32444
32446
32449
32451
32464
32475
32477
32478
32480
32484
32496
32498
32500
32501
32504
32512
32513
32516
32518
32523
32526
32529
32532
32542
32546
32548
32567
32581
32587
32592
32594
32597
32598
32608
32611
32613
32617
32625
32627
32633
32639
32640
32641
32642
32643
32645
32646
32648
32649
32651
32655
32656
32664
32675
32695
32699
32705
32709
32710
32729
32733
32734
32742
32744
32745
32755
32758
32760
32775
32780
32786
32787
32789
32791
32806
32821
32826
32828
32830
32832
32833
32846
32847
32867
32870
32873
32874
32875
32878
32879
32889
32895
32900
32904
32910
32911
32912
32916
32917
32918
32927
32931
32934
32938
32940
32941
32947
32951
32954
32958
32961
32975
32976
32978
32981
32984
32987
32991
32992
33012
33013
33014
33016
33021
33032
33037
33039
33041
33054
33056
33059
33062
33079
33085
33087
33094
33112
33118
33121
33129
33132
33144
33150
33156
33164
33165
33166
33174
33182
33184
33186
33205
33206
33212
33213
33214
33216
33218
33221
33222
33231
33242
33251
33254
33268
33273
33280
33291
33292
33294
33295
33299
33300
33306
33307
33310
33312
33316
33321
33322
33330
33331
33339
33348
33356
33358
33359
33363
33364
33369
33370
33392
33394
33398
33400
33402
33405
33414
33435
33449
33456
33459
33464
33467
33475
33478
33486
33489
33494
33505
33510
33514
33515
33518
33522
33541
33543
33554
33558
33559
33568
33574
33579
33580
33590
33591
33596
33601
33606
33614
33623
33625
33626
33635
33640
33651
33656
33659
33675
33676
33689
33697
33707
33713
33717
33719
33726
33728
33760
33771
33779
33780
33791
33809
33812
33815
33816
33823
33826
33832
33834
33838
33845
33867
33878
33889
33890
33896
33901
33904
33908
33909
33914
33918
33919
33925
33933
33942
33951
33959
33973
33977
33981
33990
33991
33994
34007
34010
34023
34029
34032
34034
34040
34041
34042
34045
34046
34048
34056
34065
34073
34074
34081
34084
34087
34089
34091
34095
34097
34102
34105
34113
34115
34120
34122
34148
34153
34159
34189
34195
34203
34207
34210
34214
34215
34217
34220
34233
34247
34249
34250
34256
34258
34259
34269
34274
34280
34282
34286
34288
34311
34316
34333
34338
34339
34345
34360
34363
34381
34385
34391
34395
34397
34401
34404
34407
34409
34410
34418
34419
34420
34421
34425
34427
34433
34436
34454
34460
34464
34465
34473
34474
34476
34478
34482
34492
34498
34500
34504
34517
34522
34523
34524
34548
34550
34552
34553
34557
34560
34562
34564
34574
34583
34594
34600
34608
34629
34638
34641
34645
34661
34664
34667
34674
34676
34688
34690
34695
34704
34716
34724
34727
34733
34736
34742
34777
34785
34797
34813
34815
34817
34818
34821
34823
34838
34840
34846
34855
34862
34864
34867
34868
34870
34876
34884
34902
34911
34922
34923
34931
34933
34939
34950
34964
34968
34971
34972
34973
34974
34977
34979
34982
34986
34989
35001
35003
35006
35015
35024
35026
35037
35038
35051
35062
35064
35066
35068
35074
35080
35083
35113
35123
35134
35135
35152
35154
35168
35169
35182
35190
35192
35199
35206
35213
35215
35216
35224
35231
35236
35241
35243
35244
35247
35248
35250
35251
35264
35266
35267
35270
35274
35277
35281
35282
35290
35291
35297
35298
35300
35301
35305
35306
35309
35314
35319
35321
35333
35344
35389
35411
35415
35427
35430
35431
35433
35434
35445
35462
35463
35481
35503
35525
35528
35543
35547
35555
35556
35559
35561
35562
35568
35570
35572
35574
35575
35576
35578
35579
35580
35584
35586
35588
35590
35594
35598
35600
35635
35679
35681
35682
35686
35688
35696
35701
35704
35707
35709
35710
35714
35716
35718
35734
35737
35747
35753
35761
35766
35776
35783
35788
35790
35795
35800
35805
35808
35809
35819
35824
35842
35844
35868
35875
35893
35895
35904
35908
35911
35913
35918
35920
35927
35932
35933
35934
35936
35938
35939
35940
35945
35948
35958
35960
35962
35964
35967
35968
35986
35993
35997
36003
36005
36019
36035
36037
36040
36042
36060
36074
36077
36086
36093
36107
36111
36113
36129
36135
36142
36146
36161
36167
36171
36174
36175
36186
36188
36201
36208
36212
36213
36216
36219
36229
36276
36283
36285
36308
36316
36317
36323
36328
36349
36352
36354
36356
36370
36372
36380
36382
36400
36406
36428
36429
36439
36443
36445
36450
36452
36465
36471
36475
36480
36486
36499
36500
36511
36515
36516
36524
36527
36541
36544
36552
36562
36570
36574
36577
36589
36599
36601
36602
36615
36621
36641
36656
36658
36672
36675
36679
36704
36705
36708
36747
36752
36777
36778
36779
36782
36789
36799
36803
36806
36821
36824
36826
36827
36835
36848
36857
36863
36864
36867
36875
36876
36878
36881
36886
36898
36909
36911
36915
36920
36923
36929
36952
36957
36959
36969
36972
36975
36984
36985
36987
36990
36998
37011
37015
37024
37026
37030
37039
37046
37047
37057
37058
37061
37062
37070
37073
37086
37088
37097
37108
37126
37136
37141
37142
37146
37151
37152
37156
37175
37176
37207
37212
37217
37220
37221
37242
37243
37249
37251
37273
37278
37280
37288
37295
37299
37302
37308
37316
37319
37322
37324
37329
37333
37350
37355
37360
37361
37376
37386
37391
37395
37403
37412
37415
37423
37424
37429
37443
37461
37467
37473
37475
37477
37482
37484
37487
37489
37491
37499
37504
37505
37508
37513
37516
37517
37523
37525
37528
37529
37534
37538
37542
37545
37548
37552
37555
37562
37573
37577
37587
37591
37597
37598
37611
37612
37613
37620
37628
37635
37640
37659
37660
37663
37664
37667
37674
37676
37677
37678
37691
37699
37712
37714
37718
37727
37735
37742
37748
37749
37750
37751
37764
37770
37780
37782
37791
37794
37802
37810
37815
37822
37827
37829
37847
37864
37867
37879
37882
37887
37905
37907
37932
37940
37951
37957
37961
37977
37983
37984
37987
37990
37993
37994
38026
38038
38058
38064
38068
38077
38085
38091
38104
38107
38109
38111
38126
38139
38150
38153
38157
38160
38162
38163
38166
38177
38182
38185
38197
38223
38225
38246
38252
38254
38255
38261
38262
38265
38275
38277
38281
38300
38323
38341
38345
38350
38363
38370
38386
38390
38396
38420
38421
38425
38429
38439
38441
38452
38456
38457
38472
38483
38495
38502
38506
38513
38541
38549
38564
38578
38605
38606
38613
38625
38631
38669
38671
38678
38689
38692
38700
38703
38705
38710
38711
38715
38716
38723
38726
38737
38739
38743
38744
38758
38759
38779
38780
38781
38786
38790
38800
38805
38807
38808
38812
38816
38818
38829
38851
38858
38859
38862
38865
38882
38886
38888
38902
38906
38924
38926
38927
38929
38930
38942
38950
38952
38956
38968
38980
38981
38984
38985
38986
38992
38994
38996
38999
39009
39010
39021
39029
39031
39034
39038
39047
39054
39061
39071
39072
39106
39124
39133
39149
39168
39169
39172
39177
39183
39197
39205
39206
39208
39217
39224
39225
39226
39249
39252
39253
39261
39271
39292
39298
39302
39313
39317
39320
39321
39325
39326
39327
39334
39335
39336
39339
39344
39350
39351
39352
39353
39361
39363
39364
39409
39417
39429
39433
39434
39450
39459
39460
39461
39465
39466
39470
39473
39479
39481
39484
39486
39503
39507
39513
39525
39528
39531
39535
39537
39538
39541
39544
39556
39558
39561
39562
39565
39571
39572
39579
39581
39614
39619
39623
39628
39632
39633
39640
39645
39675
39681
39685
39686
39699
39701
39702
39704
39720
39756
39757
39760
39767
39783
39789
39793
39794
39800
39801
39804
39813
39827
39831
39840
39848
39849
39861
39865
39871
39873
39874
39884
39887
39889
39893
39895
39906
39912
39919
39921
39928
39933
39936
39944
39948
39958
39965
39975
39979
39980
39982
39985
39991
39994
39997
40008
40018
40024
40030
40033
40044
40050
40058
40062
40066
40067
40071
40074
40090
40096
40097
40101
40121
40127
40139
40147
40156
40157
40173
40174
40181
40187
40200
40201
40203
40212
40218
40219
40221
40226
40227
40245
40251
40255
40266
40277
40278
40303
40304
40308
40311
40320
40332
40337
40363
40365
40377
40385
40388
40397
40423
40433
40435
40439
40449
40456
40464
40466
40472
40484
40492
40494
40499
40516
40517
40529
40534
40537
40539
40546
40560
40564
40603
40611
40619
40620
40626
40637
40642
40650
40652
40666
40687
40691
40695
40699
40700
40710
40714
40726
40734
40735
40739
40768
40777
40799
40807
40808
40812
40821
40823
40831
40839
40843
40854
40862
40876
40883
40891
40895
40900
40908
40911
40916
40919
40929
40941
40947
40954
40966
40969
40980
40981
41005
41011
41012
41014
41029
41040
41050
41052
41054
41064
41069
41079
41091
41095
41099
41100
41107
41110
41122
41132
41177
41184
41197
41205
41208
41214
41241
41246
41247
41250
41251
41255
41257
41259
41260
41264
41271
41272
41279
41283
41288
41293
41294
41295
41324
41335
41338
41340
41348
41356
41364
41384
41388
41392
41394
41397
41414
41415
41422
41425
41438
41465
41466
41476
41487
41490
41493
41517
41523
41525
41530
41542
41553
41559
41562
41568
41572
41576
41582
41586
41589
41593
41596
41603
41612
41629
41686
41703
41704
41725
41733
41736
41744
41746
41748
41753
41766
41771
41782
41796
41810
41811
41812
41819
41831
41843
41846
41851
41852
41853
41873
41874
41885
41886
41887
41888
41894
41907
41908
41912
41913
41914
41916
41919
41921
41924
41941
41959
41966
41981
41985
41986
41998
42001
42008
42013
42014
42015
42022
42030
42043
42046
42050
42064
42065
42073
42074
42078
42081
42096
42098
42108
42112
42114
42125
42131
42135
42137
42144
42148
42153
42170
42172
42185
42200
42206
42207
42209
42220
42250
42254
42258
42260
42266
42267
42268
42282
42283
42285
42288
42289
42294
42295
42302
42303
42316
42320
42322
42333
42334
42335
42341
42345
42375
42376
42381
42399
42400
42403
42404
42408
42415
42428
42429
42437
42440
42451
42453
42463
42476
42487
42489
42493
42506
42507
42516
42517
42520
42527
42531
42540
42541
42546
42568
42573
42586
42593
42601
42602
42603
42609
42618
42621
42650
42654
42660
42668
42674
42676
42681
42692
42700
42703
42705
42707
42709
42713
42715
42720
42741
42742
42760
42762
42771
42806
42811
42812
42814
42816
42819
42834
42839
42869
42870
42872
42876
42880
42883
42885
42886
42895
42896
42900
42902
42913
42918
42920
42932
42950
42952
42955
42963
42964
42975
42980
42988
43002
43003
43027
43033
43050
43055
43061
43062
43064
43070
43079
43085
43086
43087
43091
43105
43122
43131
43139
43153
43156
43161
43162
43170
43176
43178
43179
43181
43197
43198
43199
43200
43202
43203
43212
43215
43220
43222
43223
43227
43231
43269
43274
43280
43296
43304
43325
43338
43363
43376
43380
43382
43395
43398
43409
43410
43427
43428
43431
43440
43450
43465
43488
43493
43500
43510
43536
43539
43544
43567
43576
43579
43585
43586
43593
43594
43596
43605
43630
43635
43662
43665
43666
43669
43670
43679
43689
43694
43699
43704
43722
43727
43741
43761
43768
43769
43771
43774
43776
43778
43785
43790
43795
43803
43839
43841
43847
43858
43859
43864
43880
43882
43901
43903
43912
43920
43933
43939
43943
43946
43947
43955
43960
43962
43967
43970
43983
43999
44005
44008
44009
44052
44054
44056
44077
44085
44088
44090
44094
44102
44133
44134
44140
44141
44147
44158
44166
44172
44173
44194
44204
44210
44215
44233
44242
44246
44250
44256
44258
44259
44269
44278
44295
44328
44335
44336
44346
44348
44349
44350
44364
44366
44411
44412
44414
44421
44427
44429
44435
44442
44446
44457
44459
44471
44474
44484
44490
44492
44494
44502
44503
44516
44522
44523
44530
44535
44536
44542
44546
44550
44554
44558
44560
44562
44564
44582
44590
44592
44595
44596
44602
44610
44634
44643
44676
44677
44678
44684
44686
44690
44692
44694
44711
44722
44728
44733
44735
44743
44747
44749
44760
44762
44763
44772
44774
44775
44805
44828
44832
44851
44856
44878
44887
44891
44896
44905
44921
44924
44933
44937
44938
44940
44943
44951
44975
44976
44980
45004
45012
45030
45037
45040
45041
45046
45058
45062
45063
45064
45069
45084
45102
45103
45111
45124
45127
45137
45138
45140
45142
45145
45148
45167
45170
45190
45198
45204
45209
45217
45228
45235
45243
45245
45249
45267
45269
45275
45290
45291
45296
45313
45314
45316
45324
45325
45327
45329
45336
45340
45345
45354
45371
45372
45377
45388
45389
45405
45411
45412
45418
45419
45425
45436
45441
45457
45458
45463
45472
45475
45481
45489
45496
45498
45505
45509
45518
45528
45537
45549
45554
45561
45565
45578
45579
45587
45591
45606
45612
45613
45621
45638
45642
45646
45647
45693
45694
45696
45699
45702
45720
45730
45737
45740
45752
45762
45770
45780
45792
45802
45809
45810
45827
45828
45840
45843
45850
45857
45861
45868
45870
45878
45882
45889
45892
45902
45904
45912
45913
45931
45932
45933
45938
45941
45949
45953
45962
45965
45966
45975
45988
45989
45993
45994
45996
45999
46001
46006
46009
46032
46041
46059
46060
46077
46080
46093
46109
46113
46117
46118
46126
46130
46134
46136
46150
46167
46172
46178
46179
46182
46195
46203
46206
46223
46236
46241
46242
46252
46257
46262
46270
46285
46299
46306
46307
46314
46328
46330
46332
46333
46337
46338
46340
46362
46364
46365
46370
46378
46382
46384
46387
46392
46393
46397
46407
46421
46424
46427
46429
46432
46441
46444
46449
46469
46470
46473
46474
46477
46482
46483
46485
46500
46503
46508
46516
46517
46521
46525
46526
46546
46568
46586
46600
46605
46611
46626
46632
46640
46643
46647
46653
46655
46664
46670
46704
46706
46712
46714
46716
46717
46742
46746
46755
46763
46768
46772
46775
46778
46782
46789
46801
46811
46813
46815
46822
46823
46826
46828
46832
46837
46839
46840
46847
46866
46899
46902
46906
46909
46913
46915
46935
46936
46938
46951
46958
46978
46985
46986
46994
47001
47013
47020
47034
47035
47037
47038
47044
47056
47070
47080
47096
47108
47131
47139
47140
47147
47150
47158
47161
47165
47169
47183
47186
47192
47193
47198
47205
47206
47210
47213
47215
47229
47231
47244
47249
47261
47268
47279
47285
47286
47293
47299
47309
47312
47324
47332
47343
47344
47347
47354
47357
47358
47361
47365
47368
47376
47380
47395
47412
47413
47416
47423
47424
47430
47449
47451
47452
47467
47474
47476
47478
47482
47494
47502
47504
47512
47520
47527
47533
47546
47557
47558
47563
47564
47566
47574
47583
47586
47591
47593
47594
47596
47601
47607
47608
47614
47618
47624
47661
47662
47663
47668
47670
47674
47688
47695
47723
47730
47731
47734
47750
47756
47769
47782
47789
47798
47804
47813
47814
47819
47826
47832
47837
47849
47882
47898
47899
47916
47917
47920
47949
47952
47955
47960
47961
47965
47969
47973
47978
47984
47986
47994
47998
48004
48019
48063
48076
48077
48082
48084
48088
48091
48121
48130
48131
48141
48142
48143
48146
48153
48155
48167
48176
48178
48197
48204
48208
48209
48215
48222
48223
48237
48245
48251
48261
48279
48300
48302
48309
48330
48349
48351
48360
48363
48374
48402
48419
48427
48429
48434
48435
48437
48446
48449
48452
48461
48466
48471
48477
48481
48482
48485
48495
48502
48515
48518
48531
48536
48546
48559
48560
48561
48576
48579
48585
48594
48595
48605
48615
48616
48629
48632
48634
48640
48651
48653
48655
48657
48661
48666
48670
48690
48715
48722
48723
48732
48733
48744
48762
48777
48782
48793
48810
48834
48837
48847
48848
48855
48857
48869
48878
48882
48895
48900
48914
48925
48926
48928
48946
48954
48957
48962
48966
48982
48999
49000
49010
49014
49023
49027
49033
49035
49038
49055
49061
49068
49072
49076
49079
49084
49085
49089
49104
49110
49136
49137
49139
49143
49150
49161
49180
49181
49199
49201
49208
49209
49214
49216
49221
49222
49239
49262
49263
49283
49285
49296
49322
49323
49332
49339
49340
49345
49347
49368
49372
49374
49386
49394
49398
49400
49402
49404
49410
49413
49440
49443
49444
49450
49451
49470
49482
49483
49484
49487
49489
49492
49497
49498
49510
49513
49519
49520
49540
49541
49543
49545
49546
49669
49673
49676
49682
49684
49687
49695
49698
49706
49712
49714
49720
49722
49730
49741
49742
49760
49779
49785
49787
49799
49828
49841
49844
49849
49853
49855
49856
49861
49867
49874
49882
49888
49890
49901
49920
49925
49930
49935
49936
49951
49954
49959
49970
49971
49980
49985
49990
49992
49999
50068
50079
50102
50116
50135
50142
50149
50150
50156
50159
50173
50186
50198
50203
50204
50209
50220
50232
50243
50260
50266
50267
50270
50281
50285
50293
50297
50306
50313
50325
50327
50331
50335
50344
50349
50366
50376
50378
50380
50400
50412
50416
50444
50446
50464
50467
50477
50481
50493
50514
50533
50544
50557
50558
50559
50564
50576
50590
50603
50605
50607
50609
50610
50611
50628
50632
50645
50647
50649
50668
50683
50688
50691
50697
50706
50707
50716
50723
50724
50726
50733
50735
50736
50737
50740
50747
50752
50753
50758
50759
50760
50761
50772
50792
50800
50814
50815
50821
50823
50825
50837
50842
50863
50871
50874
50876
50904
50910
50917
50919
50921
50937
50949
50954
50971
50978
50979
50998
51015
51044
51046
51048
51056
51083
51096
51103
51107
51108
51125
51131
51135
51145
51159
51168
51176
51177
51205
51212
51214
51256
51265
51277
51299
51312
51330
51342
51350
51357
51361
51362
51373
51381
51390
51406
51414
51417
51419
51429
51439
51446
51457
51459
51465
51481
51484
51490
51493
51497
51499
51501
51513
51518
51532
51534
51537
51540
51549
51555
51565
51570
51593
51597
51602
51605
51609
51621
51631
51632
51639
51643
51652
51657
51671
51672
51676
51682
51685
51687
51725
51732
51735
51745
51760
51771
51782
51784
51787
51834
51835
51836
51837
51879
51880
51884
51886
51888
51889
51897
51903
51911
51912
51924
51928
51932
51952
51953
51967
51968
51971
51974
51979
51981
51982
51987
51993
52007
52012
52016
52018
52030
52042
52056
52073
52075
52077
52081
52094
52097
52098
52110
52125
52130
52134
52146
52147
52148
52152
52160
52166
52172
52194
52197
52198
52207
52210
52215
52231
52235
52248
52266
52269
52277
52278
52279
52283
52286
52287
52290
52304
52315
52344
52346
52348
52357
52373
52387
52389
52395
52407
52411
52412
52419
52421
52426
52430
52440
52446
52455
52468
52487
52488
52494
52508
52513
52516
52521
52526
52533
52565
52573
52616
52622
52633
52711
52722
52724
52728
52732
52739
52740
52750
52754
52757
52765
52789
52790
52795
52799
52833
52842
52848
52857
52869
52885
52888
52892
52900
52910
52926
52929
52930
52947
52948
52950
52952
52959
52964
52966
52985
52987
52999
53007
53009
53014
53016
53019
53027
53044
53054
53057
53069
53072
53084
53087
53103
53118
53122
53129
53153
53155
53178
53198
53211
53213
53214
53227
53236
53244
53265
53274
53275
53283
53291
53293
53299
53318
53320
53325
53332
53335
53336
53375
53380
53406
53408
53414
53437
53450
53455
53459
53503
53504
53512
53514
53520
53522
53528
53530
53565
53570
53583
53587
53588
53592
53596
53606
53619
53652
53653
53656
53657
53660
53666
53673
53692
53694
53706
53709
53719
53727
53733
53737
53747
53751
53753
53754
53765
53768
53769
53771
53812
53820
53825
53829
53844
53851
53854
53869
53870
53878
53883
53892
53894
53909
53910
53912
53913
53925
53926
53939
53943
53946
53949
53952
53953
53957
53964
53968
53969
53972
53976
53979
53981
53984
53985
53989
54005
54008
54015
54027
54031
54034
54047
54056
54064
54081
54097
54116
54137
54145
54152
54161
54164
54175
54177
54195
54210
54212
54230
54284
54286
54296
54300
54306
54318
54324
54328
54329
54334
54341
54346
54350
54352
54366
54373
54375
54390
54394
54399
54401
54411
54490
54505
54508
54539
54546
54549
54551
54557
54559
54579
54580
54581
54589
54624
54632
54633
54642
54664
54677
54681
54682
54685
54688
54695
54711
54720
54732
54739
54740
54743
54756
54762
54767
54788
54800
54816
54834
54852
54854
54857
54863
54873
54876
54884
54891
54892
54899
54901
54905
54933
54935
54936
54941
54942
54969
54982
54985
54990
54991
55001
55007
55008
55017
55035
55036
55037
55044
55058
55059
55073
55079
55098
55101
55113
55127
55132
55136
55137
55150
55172
55174
55181
55184
55190
55200
55208
55230
55234
55248
55252
55256
55258
55263
55280
55290
55292
55303
55327
55333
55340
55341
55342
55359
55370
55382
55387
55407
55418
55427
55428
55447
55456
55468
55469
55470
55477
55502
55507
55510
55514
55527
55530
55537
55559
55580
55587
55599
55610
55616
55631
55633
55651
55653
55658
55660
55661
55682
55712
55725
55729
55743
55770
55771
55780
55781
55854
55856
55859
55864
55867
55875
55884
55897
55901
55904
55909
55913
55942
55948
55953
55970
55972
56027
56028
56053
56061
56087
56094
56105
56108
56110
56113
56117
56120
56121
56136
56141
56142
56157
56170
56194
56215
56225
56229
56235
56238
56243
56264
56267
56275
56276
56280
56298
56305
56330
56331
56336
56341
56347
56349
56355
56380
56387
56393
56395
56427
56432
56433
56464
56466
56470
56479
56482
56522
56545
56551
56558
56565
56566
56569
56573
56580
56584
56598
56599
56613
56618
56620
56627
56639
56643
56644
56649
56653
56656
56691
56700
56707
56708
56712
56718
56758
56777
56783
56796
56797
56809
56839
56842
56852
56857
56867
56868
56879
56882
56895
56898
56899
56900
56906
56911
56913
56915
56917
56920
56925
56926
56938
56946
56947
56948
56951
56952
56964
56977
56989
57037
57038
57053
57059
57060
57070
57079
57080
57087
57088
57121
57153
57161
57175
57188
57191
57199
57200
57206
57211
57212
57222
57228
57244
57259
57262
57263
57281
57309
57314
57332
57333
57347
57350
57351
57361
57364
57370
57382
57383
57387
57388
57391
57408
57409
57420
57422
57435
57444
57450
57457
57459
57462
57465
57468
57472
57477
57480
57556
57560
57589
57610
57613
57630
57635
57638
57653
57669
57671
57683
57688
57694
57715
57719
57721
57753
57755
57768
57778
57794
57810
57838
57853
57863
57865
57878
57909
57910
57911
57919
57935
57936
57945
57952
57959
57982
57986
58006
58020
58029
58041
58047
58048
58050
58059
58063
58067
58068
58079
58081
58085
58088
58096
58124
58128
58152
58155
58156
58160
58162
58166
58170
58216
58237
58316
58317
58318
58322
58331
58333
58351
58358
58368
58373
58374
58378
58379
58390
58391
58404
58410
58413
58419
58420
58449
58463
58466
58471
58477
58501
58530
58535
58542
58555
58564
58568
58570
58577
58583
58589
58595
58606
58647
58672
58675
58682
58692
58695
58704
58728
58731
58732
58742
58744
58775
58778
58780
58783
58795
58796
58797
58818
58827
58841
58844
58850
58856
58859
58877
58883
58900
58923
58933
58952
58970
58977
58979
58982
58993
58994
59002
59012
59014
59015
59018
59021
59030
59034
59036
59047
59054
59068
59077
59081
59084
59090
59091
59093
59102
59112
59126
59129
59135
59150
59155
59169
59172
59179
59191
59192
59193
59231
59282
59324
59359
59367
59372
59377
59378
59395
59401
59410
59433
59461
59479
59487
59498
59499
59521
59530
59531
59533
59548
59593
59594
59595
59700
59704
59710
59738
59742
59748
59753
59762
59763
59769
59772
59783
59791
59819
59832
59834
59837
59859
59860
59872
59886
59891
59915
59936
59939
59956
59982
60013
60015
60028
60033
60048
60056
60063
60066
60067
60068
60076
60077
60081
60087
60089
60093
60106
60131
60136
60141
60166
60171
60173
60182
60190
60195
60204
60215
60230
60232
60238
60244
60245
60249
60250
60261
60276
60287
60318
60319
60348
60349
60350
60399
60415
60416
60417
60418
60420
60421
60422
60425
60426
60429
60450
60466
60469
60473
60476
60484
60485
60492
60514
60538
60542
60570
60602
60606
60609
60644
60651
60656
60682
60697
60715
60717
60718
60736
60744
60767
60772
60788
60789
60795
60805
60817
60840
60868
60869
60883
60895
60896
60901
60915
60920
60978
60999
61005
61025
61042
61061
61069
61091
61157
61158
61186
61191
61198
61202
61239
61247
61260
61281
61330
61334
61343
61375
61377
61391
61397
61412
61420
61423
61424
61425
61427
61432
61435
61452
61453
61515
61522
61548
61549
61586
61589
61592
61602
61606
61608
61630
61631
61639
61656
61675
61682
61683
61691
61716
61717
61724
61732
61737
61749
61769
61771
61779
61785
61800
61802
61813
61816
61834
61835
61841
61845
61847
61854
61869
61903
61904
61906
61918
61920
61927
61928
61936
61970
61972
62004
62012
62036
62061
62069
62117
62118
62130
62131
62156
62177
62187
62189
62201
62222
62237
62240
62242
62253
62266
62272
62311
62312
62327
62335
62349
62357
62371
62379
62394
62399
62400
62448
62498
62503
62512
62532
62537
62538
62541
62547
62549
62550
62560
62563
62582
62588
62600
62617
62637
62639
62660
62661
62687
62697
62758
62809
62830
62831
62844
62861
62868
62882
62912
62918
62931
62943
62949
62968
62969
62979
62984
62998
63000
63001
63025
63030
63032
63043
63068
63102
63106
63113
63114
63118
63121
63123
63127
63129
63135
63167
63231
63245
63246
63254
63281
63283
63292
63297
63309
63330
63332
63341
63342
63353
63383
63412
63416
63426
63427
63451
63452
63471
63475
63482
63490
63493
63611
63622
63639
63673
63685
63688
63689
63706
63708
63725
63741
63757
63767
63770
63787
63788
63813
63834
63853
63863
63879
63895
63901
63910
63937
63945
64005
64033
64039
64055
64064
64070
64077
64094
64097
64149
64162
64236
64237
64260
64270
64304
64338
64340
64345
64346
64350
64361
64376
64381
64398
64400
64405
64406
64409
64410
64461
64498
64499
64514
64521
64524
64525
64532
64546
64556
64593
64594
64595
64612
64620
64626
64635
64643
64644
64646
64681
64688
64707
64713
64718
64719
64728
64759
64766
64794
64803
64806
64812
64818
64821
64828
64860
64865
64882
64898
64912
64915
64930
64935
64937
64941
64947
64952
64958
64985
64987
64990
65001
65004
65021
65088
65137
65141
65154
65221
65242
65246
65268
65284
65306
65309
65320
65325
65341
65343
65344
65348
65419
65427
65449
65453
65456
65471
65477
65493
65525
65535
65565
65568
65591
65597
65610
65620
65635
65646
65650
65655
65665
65681
65695
65701
65717
65719
65725
65733
65734
65737
65764
65769
65779
65810
65834
65851
65874
65892
65900
65919
65967
65972
65975
65989
66003
66005
66031
66069
66091
66092
66093
66151
66152
66188
66249
66312
66321
66333
66335
66366
66367
66404
66408
66415
66429
66436
66437
66442
66443
66454
66467
66468
66475
66483
66541
66547
66571
66575
66576
66589
66600
66606
66638
66647
66648
66657
66670
66681
66689
66705
66719
66721
66734
66738
66739
66740
66744
66746
66775
66778
66788
66822
66827
66847
66852
66950
66954
66963
66986
67038
67046
67062
67072
67074
67086
67100
67104
67105
67111
67114
67115
67136
67141
67163
67184
67193
67206
67209
67217
67239
67255
67260
67272
67278
67298
67327
67333
67357
67382
67387
67388
67423
67426
67434
67479
67487
67524
67528
67530
67537
67548
67554
67569
67578
67579
67580
67596
67629
67666
67702
67706
67738
67744
67757
67758
67786
67787
67814
67821
67835
67836
67841
67845
67850
67859
67878
67890
67914
67920
67968
67993
68029
68034
68049
68056
68071
68072
68155
68164
68175
68187
68193
68198
68202
68215
68243
68252
68258
68265
68271
68318
68337
68351
68357
68378
68384
68385
68386
68407
68457
68459
68488
68493
68503
68527
68572
68573
68616
68635
68640
68644
68688
68721
68722
68730
68732
68757
68789
68792
68793
68795
68800
68814
68815
68820
68868
68887
68907
68914
68918
68943
68945
68956
68958
69024
69049
69062
69066
69073
69125
69149
69156
69170
69187
69217
69218
69233
69236
69254
69281
69295
69298
69299
69335
69341
69347
69356
69361
69393
69399
69422
69431
69438
69448
69450
69453
69459
69466
69532
69538
69661
69674
69698
69702
69709
69712
69763
69800
69801
69802
69824
69826
69829
69865
69867
69883
69894
69903
69910
69925
69945
69948
69972
69987
70004
70007
70073
70112
70123
70124
70125
70150
70168
70179
70208
70214
70221
70225
70252
70267
70275
70282
70287
70288
70291
70293
70299
70310
70311
70312
70314
70341
70348
70414
70422
70464
70514
70527
70530
70537
70553
70595
70602
70664
70676
70708
70729
70748
70749
70759
70764
70765
70800
70824
70853
70858
70870
70872
70885
70896
70910
70928
70929
70954
70955
70962
70976
70998
70999
71002
71052
71055
71056
71057
71065
71072
71100
71106
71116
71136
71204
71271
71273
71275
71277
71278
71295
71307
71309
71321
71323
71336
71338
71342
71351
71352
71391
71405
71407
71413
71424
71440
71442
71446
71449
71465
71475
71489
71499
71525
71546
71573
71574
71603
71605
71626
71632
71635
71672
71696
71697
71711
71730
71791
71863
71876
71892
71929
71938
71976
71981
72012
72013
72015
72025
72026
72044
72066
72070
72096
72115
72117
72127
72163
72179
72221
72251
72261
72269
72270
72273
72277
72278
72290
72295
72310
72311
72326
72367
72369
72406
72408
72410
72442
72464
72469
72507
72548
72552
72561
72562
72575
72605
72608
72615
72618
72621
72683
72698
72700
72725
72729
72738
72777
72816
72828
72831
72835
72855
72856
72893
72897
72899
72900
72902
72911
72933
72966
72986
72988
73001
73048
73049
73054
73078
73098
73100
73107
73108
73110
73111
73123
73126
73188
73221
73223
73238
73284
73293
73304
73305
73313
73319
73321
73349
73350
73355
73365
73373
73374
73398
73466
73469
73471
73474
73487
73493
73498
73500
73501
73504
73516
73523
73526
73554
73562
73570
73571
73604
73606
73607
73618
73624
73630
73638
73643
73656
73660
73680
73681
73704
73715
73716
73719
73722
73729
73743
73744
73750
73755
73764
73765
73793
73795
73806
73823
73826
73840
73845
73852
73879
73895
73908
73953
73957
73969
73971
73985
74000
74004
74016
74018
74020
74054
74075
74080
74084
74099
74101
74110
74119
74149
74178
74184
74186
74188
74192
74195
74209
74222
74246
74247
74251
74253
74272
74277
74283
74287
74295
74299
74317
74352
74363
74384
74407
74408
74410
74417
74425
74428
74430
74440
74452
74454
74478
74481
74495
74509
74528
74535
74536
74538
74553
74588
74600
74618
74619
74661
74675
74676
74725
74752
74754
74756
74760
74789
74791
74800
74801
74808
74809
74810
74819
74856
74857
74883
74884
74887
74897
74899
74904
74908
74911
74934
74946
74952
74967
74968
74982
74990
75004
75005
75013
75033
75034
75037
75041
75050
75054
75058
75072
75075
75090
75097
75105
75108
75116
75117
75130
75131
75151
75152
75154
75155
75161
75167
75184
75202
75224
75235
75247
75268
75293
75303
75327
75328
75335
75357
75363
75368
75370
75389
75392
75412
75417
75452
75457
75468
75477
75502
75558
75559
75630
75633
75639
75681
75690
75692
75699
75708
75724
75735
75739
75758
75764
75765
75776
75793
75822
75838
75864
75865
